1 0.10078125 0.45234375 0.08125 0.0265625
1 0.0359375 0.27265625 0.071875 0.021875
1 0.959375 0.2203125 0.065625 0.0203125
1 0.846875 0.24296875 0.059375 0.0203125
1 0.803125 0.35859375 0.0609375 0.0203125
1 0.7375 0.29609375 0.053125 0.0140625
1 0.6984375 0.29296875 0.053125 0.0140625
1 0.5953125 0.29609375 0.040625 0.009375
1 0.53671875 0.31875 0.046875 0.015625
1 0.5828125 0.4078125 0.0453125 0.0125
1 0.6515625 0.4484375 0.0375 0.0125
1 0.628125 0.384375 0.046875 0.0140625
1 0.73046875 0.44296875 0.05 0.0171875
1 0.6953125 0.359375 0.0484375 0.0140625
1 0.771875 0.50859375 0.046875 0.0171875
1 0.63125 0.5125 0.04375 0.0125
1 0.5390625 0.4640625 0.053125 0.0125
1 0.2921875 0.68828125 0.059375 0.0234375
1 0.43515625 0.68984375 0.065625 0.0234375
1 0.434375 0.80234375 0.0609375 0.01875
1 0.28359375 0.84453125 0.05625 0.0140625
1 0.21953125 0.81484375 0.053125 0.0140625
1 0.18671875 0.80390625 0.059375 0.01875
1 0.1390625 0.7734375 0.0609375 0.0171875
1 0.1265625 0.9375 0.053125 0.0140625
1 0.31953125 0.93125 0.053125 0.0171875
1 0.28671875 0.99140625 0.05 0.0140625
1 0.915625 0.99765625 0.08125 0.0046875
1 0.80390625 0.92109375 0.0671875 0.015625
1 0.5640625 0.95234375 0.05 0.0171875
1 0.5984375 0.89296875 0.0453125 0.0171875
1 0.56796875 0.80234375 0.040625 0.0125
1 0.63046875 0.70234375 0.05 0.0140625
1 0.62578125 0.6859375 0.0453125 0.0140625
1 0.6375 0.54140625 0.059375 0.015625
1 0.796875 0.5359375 0.078125 0.0140625
1 0.80546875 0.65390625 0.06875 0.0171875
1 0.6875 0.69609375 0.0625 0.0203125
1 0.66875 0.73359375 0.0625 0.0203125
1 0.76484375 0.76953125 0.0625 0.0171875