1 0.48359375 0.48046875 0.0515625 0.0171875
1 0.31640625 0.425 0.084375 0.0375
1 0.35546875 0.23828125 0.0734375 0.03125
1 0.40859375 0.03125 0.0703125 0.0296875
1 0.3953125 0.0125 0.075 0.025
1 0.48984375 0.1640625 0.0390625 0.025
1 0.490625 0.34765625 0.0375 0.0234375
0 0.45859375 0.06484375 0.0234375 0.015625
1 0.9359375 0.40234375 0.0609375 0.021875
1 0.93515625 0.37578125 0.0578125 0.021875
1 0.9765625 0.16484375 0.046875 0.0171875
1 0.9578125 0.13828125 0.046875 0.015625
1 0.99296875 0.7265625 0.0140625 0.025
1 0.959375 0.553125 0.0546875 0.0203125