1 0.33515625 0.21796875 0.0703125 0.03125
1 0.37109375 0.265625 0.078125 0.0390625
1 0.47421875 0.09375 0.084375 0.04375
1 0.1203125 0.01484375 0.059375 0.0296875
1 0.17890625 0.003125 0.0609375 0.00625
1 0.1984375 0.096875 0.0578125 0.025
1 0.1234375 0.16015625 0.0546875 0.028125
1 0.2703125 0.09609375 0.0671875 0.0296875
1 0.2296875 0.184375 0.065625 0.0328125
1 0.215625 0.24296875 0.065625 0.034375
1 0.95 0.03671875 0.0921875 0.0421875
1 0.96953125 0.00546875 0.0609375 0.0109375
1 0.73671875 0.01015625 0.0546875 0.0203125
1 0.75859375 0.1453125 0.0640625 0.0265625
1 0.834375 0.28359375 0.0640625 0.0296875
1 0.93515625 0.2984375 0.06875 0.0265625
1 0.92890625 0.3046875 0.0671875 0.028125
1 0.42578125 0.7578125 0.0546875 0.028125
0 0.42265625 0.75859375 0.015625 0.0109375
1 0.4140625 0.8484375 0.0546875 0.021875
1 0.403125 0.88359375 0.0546875 0.01875
1 0.40625 0.89375 0.0515625 0.01875
1 0.4140625 0.89453125 0.053125 0.01875
1 0.4140625 0.90390625 0.05 0.0203125
1 0.41640625 0.9203125 0.05625 0.0234375
1 0.41640625 0.9203125 0.04375 0.0171875
1 0.40859375 0.95078125 0.05 0.01875
1 0.43984375 0.9484375 0.05 0.0203125
1 0.4328125 0.95546875 0.0453125 0.0171875
1 0.43515625 0.9890625 0.0484375 0.0203125
1 0.44375 0.9953125 0.05 0.009375