1 0.1546875 0.05546875 0.0484375 0.0171875
1 0.20390625 0.24453125 0.0546875 0.01875
1 0.20390625 0.1109375 0.0546875 0.01875
1 0.278125 0.02421875 0.0609375 0.0203125
1 0.30703125 0.29375 0.0625 0.015625
1 0.36171875 0.1765625 0.0703125 0.0203125
1 0.38828125 0.20390625 0.0234375 0.0203125
1 0.29375 0.4203125 0.059375 0.0171875
1 0.3015625 0.4875 0.0609375 0.0203125
1 0.365625 0.48515625 0.06875 0.0203125
1 0.22734375 0.41640625 0.0546875 0.01875
1 0.2234375 0.43046875 0.0578125 0.01875
1 0.41640625 0.421875 0.0328125 0.0125
1 0.4109375 0.4015625 0.021875 0.0125
0 0.4140625 0.3953125 0.015625 0.0078125
1 0.4140625 0.3890625 0.028125 0.0125
1 0.4125 0.30859375 0.025 0.0171875
1 0.415625 0.28671875 0.03125 0.0171875
1 0.4390625 0.26015625 0.0640625 0.0140625
1 0.52421875 0.31640625 0.0640625 0.0140625
1 0.5109375 0.42109375 0.0625 0.0171875
1 0.5109375 0.46015625 0.0640625 0.0203125
1 0.59296875 0.49765625 0.0578125 0.028125
1 0.4890625 0.5625 0.065625 0.0125
1 0.41953125 0.221875 0.0390625 0.01875
1 0.43046875 0.2125 0.05 0.0109375
1 0.4484375 0.31640625 0.059375 0.015625
1 0.4203125 0.3203125 0.040625 0.01875
1 0.45 0.32890625 0.04375 0.015625
1 0.409375 0.05234375 0.01875 0.0171875
0 0.19453125 0.85234375 0.0171875 0.0140625
1 0.14765625 0.94609375 0.0421875 0.01875
1 0.1984375 0.9765625 0.059375 0.0140625
1 0.25625 0.9703125 0.046875 0.015625
1 0.35 0.9484375 0.0703125 0.0171875
1 0.22421875 0.8390625 0.0546875 0.015625
1 0.190625 0.83359375 0.059375 0.0171875
1 0.24609375 0.74765625 0.0703125 0.0203125
1 0.26953125 0.6 0.0671875 0.015625
1 0.178125 0.684375 0.05625 0.015625
1 0.1265625 0.68046875 0.059375 0.0171875
0 0.6859375 0.784375 0.021875 0.0109375
1 0.653125 0.85546875 0.059375 0.0171875
1 0.60703125 0.84296875 0.0671875 0.0203125
1 0.525 0.7921875 0.0609375 0.0203125
1 0.65234375 0.68046875 0.0765625 0.0234375
1 0.65390625 0.7828125 0.0671875 0.0234375
1 0.47109375 0.9890625 0.040625 0.0125