1 0.07734375 0.33515625 0.0546875 0.01875
1 0.17265625 0.27265625 0.0625 0.015625
1 0.24296875 0.38046875 0.0703125 0.0203125
1 0.315625 0.4171875 0.0703125 0.021875
1 0.4 0.40859375 0.0796875 0.03125
1 0.2875 0.346875 0.0671875 0.0203125
1 0.31953125 0.31328125 0.0703125 0.0234375
1 0.1421875 0.1484375 0.059375 0.0171875
1 0.140625 0.08125 0.0609375 0.0203125
1 0.2046875 0.07421875 0.0703125 0.0203125
1 0.0765625 0.16171875 0.0546875 0.01875
1 0.07109375 0.1484375 0.0578125 0.01875
0 0.55390625 0.32265625 0.0234375 0.0140625
1 0.48125 0.11640625 0.025 0.0203125
1 0.54765625 0.140625 0.0890625 0.0296875
1 0.74296875 0.25546875 0.0984375 0.03125
1 0.58671875 0.328125 0.0828125 0.025
1 0.55546875 0.303125 0.071875 0.0171875
1 0.55546875 0.35546875 0.0671875 0.025
1 0.559375 0.36640625 0.0546875 0.025
1 0.48203125 0.26953125 0.0265625 0.0234375
0 0.35546875 0.44609375 0.0234375 0.0140625
1 0.4484375 0.97734375 0.040625 0.0203125
1 0.44375 0.9375 0.05 0.01875
1 0.38515625 0.9640625 0.040625 0.015625
1 0.35 0.99296875 0.0375 0.0140625
0 0.7890625 0.6671875 0.0125 0.0078125
1 0.7 0.8515625 0.046875 0.0125
1 0.81015625 0.7625 0.053125 0.015625
1 0.76953125 0.73671875 0.046875 0.0125
1 0.70859375 0.715625 0.046875 0.0140625
1 0.7796875 0.67265625 0.0375 0.0125
1 0.77109375 0.6640625 0.0375 0.0140625
1 0.7921875 0.6625 0.04375 0.015625
1 0.70078125 0.6359375 0.0375 0.0109375
1 0.6671875 0.646875 0.03125 0.0109375
1 0.66015625 0.609375 0.040625 0.0140625
1 0.796875 0.49609375 0.046875 0.0140625
1 0.74453125 0.4671875 0.04375 0.009375
1 0.74140625 0.45390625 0.040625 0.015625
1 0.6828125 0.453125 0.040625 0.0109375