1 0.02109375 0.4140625 0.0421875 0.01875
1 0.08046875 0.45390625 0.06875 0.0203125
1 0.16484375 0.44765625 0.0796875 0.0296875
1 0.0546875 0.38203125 0.065625 0.0171875
1 0.08828125 0.34921875 0.06875 0.021875
1 0.0078125 0.10625 0.015625 0.01875
1 0.5765625 0.14453125 0.04375 0.0109375
1 0.5515625 0.16796875 0.0359375 0.0109375
1 0.615625 0.165625 0.04375 0.015625
1 0.665625 0.1671875 0.053125 0.0109375
1 0.765625 0.16484375 0.0765625 0.015625
1 0.65234375 0.25546875 0.0484375 0.0140625
1 0.67265625 0.26640625 0.053125 0.0109375
1 0.65703125 0.29453125 0.053125 0.0140625
1 0.6703125 0.3265625 0.05625 0.0140625
1 0.60546875 0.3171875 0.046875 0.0140625
1 0.65703125 0.39765625 0.05625 0.0125
1 0.66796875 0.41328125 0.059375 0.0125
1 0.715625 0.4 0.065625 0.0171875
1 0.68125 0.0921875 0.053125 0.0109375
1 0.64765625 0.05234375 0.0640625 0.015625
0 0.553125 0.12265625 0.009375 0.003125
1 0.22109375 0.88203125 0.05625 0.0140625
1 0.24765625 0.8109375 0.065625 0.0171875
1 0.15703125 0.7140625 0.053125 0.0140625
1 0.13515625 0.6734375 0.0484375 0.0125
1 0.05078125 0.70078125 0.040625 0.0109375
1 0.05859375 0.71875 0.040625 0.0140625
1 0.08515625 0.7703125 0.053125 0.0171875
1 0.10078125 0.83828125 0.05625 0.0125
0 0.0640625 0.6578125 0.025 0.0109375
1 0.284375 0.59765625 0.065625 0.0140625
1 0.8078125 0.6296875 0.0875 0.01875
1 0.7890625 0.6515625 0.090625 0.015625
1 0.59609375 0.73671875 0.06875 0.015625
1 0.54296875 0.69921875 0.0609375 0.0171875
1 0.46015625 0.62265625 0.053125 0.015625
1 0.42734375 0.68984375 0.04375 0.0109375
1 0.4625 0.8125 0.0484375 0.0140625
1 0.609375 0.77734375 0.0640625 0.0203125
1 0.671875 0.9640625 0.078125 0.0203125
1 0.49921875 0.95078125 0.05625 0.0109375
1 0.49375 0.9421875 0.05625 0.0140625
1 0.45390625 0.92578125 0.046875 0.0140625
1 0.4421875 0.88203125 0.0484375 0.0140625