1 0.4734375 0.65234375 0.03125 0.0171875
1 0.34296875 0.60546875 0.05625 0.0140625
1 0.25546875 0.56953125 0.053125 0.0140625
1 0.19765625 0.50625 0.04375 0.0125
1 0.2203125 0.49609375 0.04375 0.0109375
1 0.28671875 0.51875 0.053125 0.0109375
1 0.29609375 0.465625 0.0453125 0.0125
1 0.3421875 0.45625 0.05625 0.0125
1 0.28359375 0.4359375 0.046875 0.0109375
1 0.2484375 0.44296875 0.04375 0.0109375
1 0.215625 0.42890625 0.04375 0.0171875
1 0.21640625 0.3859375 0.0453125 0.0125
1 0.184375 0.321875 0.040625 0.0109375
1 0.12421875 0.29453125 0.034375 0.0109375
1 0.25390625 0.3328125 0.046875 0.0140625
1 0.284375 0.30546875 0.04375 0.0125
1 0.27578125 0.29296875 0.04375 0.0140625
1 0.29453125 0.29609375 0.0515625 0.0109375
1 0.4390625 0.2765625 0.0625 0.0140625
0 0.31015625 0.30078125 0.009375 0.0078125
1 0.82734375 0.5671875 0.071875 0.0140625
1 0.6828125 0.52734375 0.0515625 0.0171875
1 0.65390625 0.4890625 0.046875 0.0109375
1 0.6453125 0.4359375 0.040625 0.0125
1 0.7109375 0.375 0.059375 0.0140625
1 0.7015625 0.28671875 0.053125 0.0125
1 0.69140625 0.171875 0.059375 0.0140625
1 0.63828125 0.26015625 0.0453125 0.0109375
1 0.67578125 0.31875 0.0390625 0.0140625
0 0.6640625 0.63203125 0.009375 0.003125
1 0.6421875 0.62734375 0.040625 0.0109375
1 0.6375 0.50625 0.0390625 0.0109375
1 0.62421875 0.503125 0.034375 0.0109375
1 0.625 0.4203125 0.04375 0.0140625
1 0.621875 0.31953125 0.040625 0.0140625
1 0.6390625 0.2859375 0.0453125 0.0109375
1 0.6265625 0.2703125 0.040625 0.0125
0 0.74453125 0.4515625 0.0140625 0.009375
0 0.79140625 0.603125 0.009375 0.00625
0 0.7796875 0.30390625 0.0140625 0.00625
0 0.74609375 0.22890625 0.0125 0.00625
0 0.82890625 0.1546875 0.0125 0.0078125
0 0.88359375 0.24453125 0.015625 0.00625
0 0.8171875 0.38828125 0.0125 0.00625
0 0.9625 0.3828125 0.0125 0.009375
0 0.884375 0.496875 0.0140625 0.0078125
0 0.9625 0.5859375 0.0125 0.0078125
1 0.7828125 0.084375 0.0671875 0.015625
1 0.846875 0.015625 0.071875 0.015625
0 0.67109375 0.06171875 0.0140625 0.0078125
1 0.28984375 0.90390625 0.05625 0.0171875
1 0.25625 0.87890625 0.05625 0.0109375
1 0.2125 0.79375 0.053125 0.0109375
1 0.184375 0.778125 0.053125 0.0109375
1 0.246875 0.73984375 0.0609375 0.0140625
1 0.1796875 0.9171875 0.0375 0.0109375
1 0.11640625 0.865625 0.046875 0.0109375
1 0.08359375 0.89140625 0.040625 0.0109375
1 0.165625 0.9734375 0.05 0.0109375
1 0.62734375 0.709375 0.053125 0.0171875
1 0.62734375 0.74140625 0.065625 0.0109375
1 0.66328125 0.778125 0.0640625 0.0171875
1 0.540625 0.7984375 0.0484375 0.0125
1 0.50859375 0.82578125 0.0390625 0.0109375
1 0.55859375 0.8734375 0.05 0.0109375
1 0.58671875 0.875 0.053125 0.0140625
1 0.70546875 0.828125 0.06875 0.01875
1 0.63125 0.90390625 0.065625 0.0140625
1 0.58515625 0.92109375 0.05625 0.0171875
1 0.52890625 0.91171875 0.053125 0.0125