1 0.4203125 0.3359375 0.046875 0.00625
1 0.43984375 0.2734375 0.0421875 0.015625
1 0.49375 0.234375 0.0359375 0.0140625
1 0.37421875 0.296875 0.0484375 0.0203125
1 0.3390625 0.27578125 0.0453125 0.0171875
1 0.34453125 0.2625 0.0453125 0.01875
1 0.3265625 0.26875 0.053125 0.0171875
1 0.18203125 0.2765625 0.0640625 0.021875
1 0.08984375 0.3296875 0.0671875 0.01875
0 0.3125 0.27578125 0.0109375 0.009375
1 0.7359375 0.11953125 0.075 0.034375
1 0.90234375 0.12109375 0.05 0.0234375
1 0.92734375 0.03671875 0.059375 0.0359375
0 0.1390625 0.8515625 0.0203125 0.0125
0 0.1265625 0.74375 0.0125 0.0078125
1 0.228125 0.3703125 0.0421875 0.0171875
1 0.01484375 0.49609375 0.0296875 0.0203125
1 0.0515625 0.7296875 0.0671875 0.025
1 0.10234375 0.75 0.0640625 0.025
1 0.1578125 0.8609375 0.0484375 0.0203125
1 0.0765625 0.97421875 0.0640625 0.028125
1 0.009375 0.9046875 0.01875 0.034375
1 0.20859375 0.8140625 0.0625 0.01875
1 0.19765625 0.7421875 0.053125 0.0203125
1 0.23671875 0.7421875 0.053125 0.021875
1 0.85546875 0.3421875 0.0703125 0.00625
1 0.903125 0.35703125 0.0578125 0.021875
1 0.934375 0.378125 0.046875 0.01875
1 0.853125 0.43984375 0.0578125 0.021875
1 0.91328125 0.5296875 0.05625 0.01875
1 0.91796875 0.53671875 0.0453125 0.0203125
1 0.9578125 0.52109375 0.0453125 0.015625
1 0.96796875 0.54921875 0.046875 0.021875
1 0.9796875 0.6484375 0.040625 0.01875
1 0.95234375 0.67734375 0.0515625 0.0203125
1 0.83359375 0.621875 0.0609375 0.028125
1 0.91953125 0.75078125 0.0515625 0.0234375
1 0.9734375 0.74609375 0.0515625 0.021875
1 0.984375 0.8875 0.03125 0.028125
1 0.89765625 0.9796875 0.071875 0.0359375
1 0.759375 0.88046875 0.08125 0.034375
0 0.971875 0.91171875 0.015625 0.0078125