1 0.303125 0.3828125 0.0625 0.0296875
1 0.43203125 0.29921875 0.0578125 0.025
1 0.50703125 0.2421875 0.0546875 0.0234375
1 0.546875 0.165625 0.0453125 0.0203125
1 0.521875 0.16171875 0.0453125 0.01875
1 0.46328125 0.20078125 0.053125 0.0203125
1 0.44140625 0.15234375 0.046875 0.0203125
1 0.39453125 0.1546875 0.0578125 0.0234375
1 0.44609375 0.11953125 0.0484375 0.0203125
1 0.48125 0.11796875 0.0453125 0.01875
1 0.509375 0.0953125 0.046875 0.025
1 0.496875 0.0546875 0.046875 0.0203125
1 0.44765625 0.0125 0.0484375 0.0234375
1 0.25390625 0.009375 0.0640625 0.01875
1 0.1671875 0.06796875 0.0671875 0.0296875
1 0.6125 0.47109375 0.025 0.0296875
1 0.634375 0.4578125 0.05 0.03125
1 0.70234375 0.43203125 0.04375 0.0265625
1 0.74453125 0.365625 0.05 0.0265625
1 0.74765625 0.33125 0.04375 0.028125
1 0.771875 0.28359375 0.03125 0.0171875
1 0.72265625 0.2375 0.04375 0.025
1 0.66171875 0.2671875 0.0484375 0.025
1 0.64296875 0.04921875 0.046875 0.0265625
1 0.68359375 0.02734375 0.0453125 0.0234375
1 0.65078125 0.003125 0.0453125 0.00625
1 0.75625 0.07109375 0.0328125 0.0171875
1 0.75546875 0.19296875 0.0328125 0.015625
1 0.7453125 0.20859375 0.046875 0.03125
1 0.5765625 0.58046875 0.046875 0.0265625
1 0.5234375 0.6265625 0.065625 0.0234375
1 0.1578125 0.6328125 0.0796875 0.0296875
1 0.36640625 0.78125 0.0796875 0.0328125
1 0.359375 0.76875 0.0828125 0.0328125
1 0.4875 0.846875 0.075 0.034375
1 0.5125 0.82890625 0.0796875 0.0328125
1 0.5765625 0.7296875 0.046875 0.03125
1 0.7046875 0.896875 0.0546875 0.0265625
1 0.6703125 0.884375 0.05 0.021875
1 0.6390625 0.90625 0.05625 0.0203125
1 0.609375 0.9875 0.01875 0.025
1 0.6453125 0.81171875 0.0515625 0.0234375
1 0.68359375 0.8171875 0.0484375 0.0234375