1 0.18984375 0.065625 0.0734375 0.0328125
1 0.1765625 0.1640625 0.0796875 0.0328125
1 0.03671875 0.2328125 0.0671875 0.0265625
1 0.37734375 0.1046875 0.1 0.0296875
1 0.01484375 0.0671875 0.0296875 0.021875
1 0.86796875 0.05234375 0.0578125 0.021875
1 0.8578125 0.175 0.0609375 0.01875
1 0.6921875 0.20234375 0.05625 0.015625
1 0.6703125 0.10859375 0.0515625 0.0171875
1 0.6796875 0.06171875 0.0578125 0.021875
1 0.5421875 0.0390625 0.046875 0.0203125
1 0.5515625 0.06875 0.0421875 0.0171875
1 0.5796875 0.2078125 0.0375 0.0125
1 0.58125 0.2453125 0.0515625 0.0203125
0 0.56171875 0.0390625 0.021875 0.0078125
1 0.36953125 0.990625 0.0828125 0.01875
1 0.26640625 0.9875 0.0734375 0.025
1 0.084375 0.9765625 0.071875 0.01875
1 0.11328125 0.875 0.0609375 0.021875
1 0.02265625 0.8921875 0.0453125 0.025
1 0.01484375 0.7515625 0.0296875 0.025
1 0.11015625 0.715625 0.0640625 0.0234375
1 0.1359375 0.59296875 0.0671875 0.021875
1 0.2640625 0.49609375 0.0765625 0.0296875
1 0.13984375 0.4890625 0.0484375 0.028125
1 0.09375 0.43515625 0.0515625 0.0234375
1 0.140625 0.4125 0.0609375 0.021875
1 0.2203125 0.36796875 0.0671875 0.025
1 0.31953125 0.33203125 0.0796875 0.0265625
1 0.046875 0.32734375 0.0484375 0.015625
1 0.3328125 0.73359375 0.0640625 0.028125
1 0.5703125 0.98671875 0.06875 0.025
1 0.63203125 0.89765625 0.0734375 0.021875
1 0.6203125 0.82890625 0.0578125 0.0265625
1 0.5765625 0.86796875 0.0640625 0.01875
1 0.528125 0.90546875 0.0640625 0.01875
1 0.53203125 0.8515625 0.0421875 0.0171875
1 0.521875 0.85234375 0.0484375 0.0171875
1 0.50703125 0.84140625 0.0609375 0.025
1 0.45546875 0.78359375 0.0328125 0.0203125
1 0.49765625 0.7015625 0.0484375 0.0203125
1 0.48671875 0.66796875 0.059375 0.025
1 0.55859375 0.69453125 0.0640625 0.028125
1 0.51484375 0.625 0.0609375 0.021875
1 0.58203125 0.58671875 0.0515625 0.0234375
1 0.5765625 0.3671875 0.0609375 0.025
1 0.72578125 0.35859375 0.0828125 0.0265625
1 0.78046875 0.53125 0.0703125 0.0296875