1 0.03359375 0.2328125 0.0671875 0.0375
1 0.046875 0.13515625 0.08125 0.0390625
1 0.221875 0.25078125 0.1 0.0375
1 0.7453125 0.453125 0.05 0.0234375
1 0.72109375 0.4546875 0.0328125 0.01875
1 0.703125 0.4421875 0.040625 0.0203125
1 0.71640625 0.43046875 0.0453125 0.0203125
1 0.71484375 0.39765625 0.0453125 0.0171875
1 0.70234375 0.38828125 0.040625 0.015625
1 0.690625 0.375 0.0421875 0.0171875
1 0.75390625 0.2984375 0.0484375 0.025
1 0.72421875 0.2765625 0.04375 0.0125
1 0.7140625 0.2796875 0.0453125 0.0171875
1 0.73203125 0.15234375 0.0453125 0.021875
1 0.71875 0.10703125 0.0453125 0.0203125
1 0.7734375 0.0734375 0.0484375 0.021875
1 0.8296875 0.09453125 0.05625 0.0203125
1 0.79140625 0.0453125 0.046875 0.0171875
1 0.93359375 0.071875 0.05 0.015625
1 0.94296875 0.07109375 0.0546875 0.01875
0 0.2125 0.92109375 0.0125 0.00625
0 0.18046875 0.996875 0.0109375 0.00625
1 0.225 0.99453125 0.05 0.0109375
1 0.32265625 0.95703125 0.053125 0.021875
1 0.14921875 0.99140625 0.0421875 0.0171875
1 0.27890625 0.7875 0.0515625 0.025
1 0.8484375 0.55078125 0.0796875 0.0296875
1 0.675 0.65078125 0.0640625 0.0234375
1 0.6453125 0.60390625 0.0546875 0.0203125
1 0.5703125 0.60703125 0.0515625 0.021875
1 0.5296875 0.64296875 0.0359375 0.01875
1 0.52109375 0.6015625 0.0359375 0.015625
1 0.49296875 0.625 0.0359375 0.015625
1 0.48984375 0.6390625 0.0359375 0.0171875
1 0.515625 0.7578125 0.040625 0.0171875
1 0.471875 0.7828125 0.0359375 0.015625
1 0.4421875 0.8078125 0.0328125 0.015625
1 0.43203125 0.8515625 0.03125 0.0125
1 0.5453125 0.88515625 0.0484375 0.01875
1 0.47421875 0.84296875 0.040625 0.0171875
1 0.49609375 0.94296875 0.0484375 0.01875
1 0.69765625 0.9953125 0.0703125 0.009375