1 0.26171875 0.415625 0.0609375 0.0265625
1 0.378125 0.46796875 0.0671875 0.028125
1 0.5578125 0.43984375 0.0890625 0.034375
1 0.5546875 0.1171875 0.075 0.034375
1 0.24765625 0.29609375 0.0546875 0.0234375
1 0.14609375 0.41171875 0.05625 0.0234375
1 0.32421875 0.36328125 0.0640625 0.0265625
1 0.26171875 0.26328125 0.0609375 0.0234375
1 0.05859375 0.3625 0.0515625 0.0203125
1 0.53828125 0.01875 0.08125 0.0359375
1 0.1734375 0.2484375 0.0578125 0.0234375
1 0.19140625 0.4375 0.0546875 0.0234375
1 0.36015625 0.12109375 0.06875 0.025
1 0.35078125 0.2546875 0.0734375 0.0265625
1 0.9609375 0.16796875 0.0609375 0.0203125
1 0.98359375 0.0109375 0.0328125 0.021875
1 0.90859375 0.06796875 0.0625 0.0203125
1 0.8828125 0.04609375 0.0609375 0.0203125
1 0.8921875 0.2203125 0.0484375 0.01875
1 0.98359375 0.2828125 0.0328125 0.021875
1 0.97421875 0.52421875 0.0515625 0.0203125
1 0.821875 0.49921875 0.0515625 0.01875
1 0.8296875 0.44140625 0.0546875 0.0203125
1 0.8296875 0.38203125 0.0484375 0.0171875
1 0.796875 0.33828125 0.0421875 0.015625
1 0.72421875 0.33203125 0.0453125 0.01875
1 0.71328125 0.39140625 0.0421875 0.01875
1 0.6796875 0.22890625 0.0359375 0.0140625
1 0.728125 0.2125 0.0421875 0.015625
1 0.69765625 0.196875 0.0421875 0.015625
1 0.75 0.12890625 0.0453125 0.015625
1 0.80859375 0.209375 0.0484375 0.015625
1 0.8296875 0.221875 0.0484375 0.021875
0 0.2828125 0.59765625 0.021875 0.0125
1 0.25078125 0.5828125 0.0578125 0.00625
1 0.175 0.68359375 0.065625 0.021875
1 0.2328125 0.7875 0.0546875 0.0265625
1 0.24453125 0.79921875 0.0578125 0.0203125
1 0.32265625 0.79609375 0.0734375 0.025
1 0.3953125 0.6984375 0.0875 0.028125
1 0.31328125 0.91484375 0.0578125 0.0234375
1 0.209375 0.9203125 0.0625 0.01875
1 0.1484375 0.96484375 0.0578125 0.0265625
1 0.1 0.9296875 0.040625 0.0171875
1 0.03125 0.9 0.0421875 0.01875
1 0.64453125 0.75 0.0515625 0.01875
1 0.62734375 0.89140625 0.0359375 0.0234375
1 0.61953125 0.85859375 0.0203125 0.0171875
1 0.67890625 0.89296875 0.065625 0.021875
1 0.80703125 0.99375 0.0703125 0.0125
1 0.79140625 0.92109375 0.0734375 0.028125