0 0.11484375 0.178125 0.00625 0.00625
0 0.14921875 0.221875 0.0078125 0.0140625
0 0.1859375 0.2703125 0.0078125 0.0171875
0 0.17421875 0.334375 0.0078125 0.0140625
0 0.12109375 0.30703125 0.0078125 0.009375
0 0.16796875 0.41484375 0.0078125 0.0140625
0 0.38671875 0.2578125 0.0046875 0.01875
1 0.3109375 0.07734375 0.034375 0.0890625
1 0.29609375 0.20625 0.0265625 0.0734375
1 0.3 0.49765625 0.015625 0.053125
1 0.28515625 0.57578125 0.0171875 0.0265625
1 0.15625 0.53359375 0.01875 0.046875
1 0.11953125 0.53203125 0.0171875 0.046875
1 0.11171875 0.465625 0.015625 0.05625
1 0.06953125 0.45390625 0.01875 0.0546875
1 0.07890625 0.39765625 0.015625 0.0640625
1 0.053125 0.39140625 0.015625 0.0609375
1 0.0296875 0.24375 0.025 0.0796875
1 0.25625 0.33046875 0.021875 0.0671875
1 0.28359375 0.4171875 0.01875 0.0578125
1 0.275 0.4109375 0.01875 0.0609375
1 0.46171875 0.46171875 0.0203125 0.0703125
1 0.428125 0.5171875 0.021875 0.0625
1 0.54609375 0.5765625 0.0171875 0.025
1 0.5015625 0.4453125 0.025 0.065625
1 0.6828125 0.3703125 0.025 0.0796875
1 0.73203125 0.35390625 0.0234375 0.0734375
1 0.80859375 0.31640625 0.0296875 0.0828125
1 0.80234375 0.1578125 0.0328125 0.1015625
1 0.75390625 0.04921875 0.0328125 0.0984375
1 0.7484375 0.44296875 0.021875 0.0671875
1 0.78515625 0.43984375 0.025 0.0578125
1 0.68203125 0.54296875 0.015625 0.05625
1 0.6734375 0.55 0.01875 0.0578125
1 0.66015625 0.57734375 0.0171875 0.0234375
1 0.340625 0.98515625 0.021875 0.0296875
1 0.234375 0.984375 0.01875 0.03125
1 0.4125 0.978125 0.01875 0.04375
1 0.5484375 0.98671875 0.01875 0.0265625
1 0.54453125 0.975 0.0203125 0.05
1 0.6953125 0.98046875 0.01875 0.0390625
1 0.7421875 0.88984375 0.0203125 0.0578125
1 0.753125 0.8796875 0.025 0.0671875
1 0.68046875 0.81484375 0.040625 0.0875
1 0.8 0.96953125 0.021875 0.0609375