0 0.2375 0.28671875 0.01875 0.009375
0 0.2828125 0.26171875 0.0109375 0.0078125
0 0.21328125 0.25390625 0.0140625 0.0078125
0 0.2875 0.0734375 0.0109375 0.0078125
0 0.346875 0.0578125 0.015625 0.009375
1 0.5 0.1015625 0.046875 0.01875
1 0.3125 0.015625 0.059375 0.0296875
1 0.284375 0.12421875 0.0671875 0.021875
1 0.215625 0.21953125 0.0703125 0.0265625
1 0.396875 0.271875 0.0578125 0.021875
0 0.87890625 0.00625 0.0140625 0.0078125
1 0.80859375 0.28125 0.0453125 0.01875
1 0.81796875 0.24921875 0.05 0.0203125
1 0.7953125 0.21953125 0.0484375 0.0171875
1 0.859375 0.2296875 0.04375 0.0125
1 0.86171875 0.203125 0.0453125 0.0203125
1 0.85703125 0.265625 0.05 0.0203125
1 0.86953125 0.07578125 0.0515625 0.0265625
1 0.75703125 0.08515625 0.0546875 0.0234375
1 0.9109375 0.00546875 0.040625 0.0109375
1 0.91171875 0.04375 0.0421875 0.015625
1 0.32890625 0.95703125 0.06875 0.03125
1 0.1890625 0.98515625 0.0875 0.0296875
1 0.04921875 0.7703125 0.0984375 0.034375
1 0.34140625 0.81171875 0.0640625 0.021875
1 0.2734375 0.7265625 0.0796875 0.0328125
1 0.39453125 0.71953125 0.0640625 0.025
1 0.3265625 0.66796875 0.0765625 0.0296875
1 0.40390625 0.634375 0.0578125 0.0265625
1 0.50234375 0.63515625 0.0421875 0.015625
1 0.51875 0.68828125 0.05 0.0203125
1 0.36328125 0.51640625 0.0703125 0.0265625
1 0.24921875 0.59921875 0.0828125 0.03125
1 0.428125 0.4125 0.065625 0.021875
1 0.51796875 0.37109375 0.0546875 0.0171875
1 0.48671875 0.31328125 0.0640625 0.0265625
1 0.42890625 0.30859375 0.0703125 0.0171875
1 0.2984375 0.328125 0.0734375 0.0296875
1 0.3296875 0.340625 0.0734375 0.0265625
0 0.86171875 0.59140625 0.0171875 0.0109375
1 0.91640625 0.95546875 0.0609375 0.021875
1 0.85 0.93671875 0.0671875 0.021875
1 0.93515625 0.93515625 0.0515625 0.01875
1 0.94921875 0.9171875 0.0515625 0.0171875
1 0.971875 0.8984375 0.0453125 0.015625
1 0.98515625 0.8953125 0.0296875 0.015625
1 0.971875 0.87890625 0.0453125 0.021875
1 0.8828125 0.853125 0.0640625 0.021875
1 0.85078125 0.89765625 0.0515625 0.0203125
1 0.8296875 0.7859375 0.0671875 0.028125
1 0.93046875 0.81015625 0.0609375 0.0203125
1 0.96875 0.81328125 0.05625 0.01875
1 0.9390625 0.7703125 0.0609375 0.025
1 0.89453125 0.57265625 0.065625 0.021875
1 0.76953125 0.590625 0.0828125 0.028125
1 0.9546875 0.6046875 0.0546875 0.021875
1 0.971875 0.62734375 0.05625 0.0203125
1 0.9796875 0.503125 0.040625 0.025