0 0.24921875 0.05546875 0.0125 0.0078125
0 0.15859375 0.26875 0.0078125 0.0078125
0 0.2015625 0.3046875 0.0140625 0.0078125
0 0.2484375 0.34296875 0.0171875 0.0078125
0 0.31328125 0.33359375 0.0140625 0.0078125
0 0.2875 0.2796875 0.009375 0.0078125
0 0.39375 0.33046875 0.0140625 0.0078125
1 0.0515625 0.4609375 0.090625 0.0375
1 0.18046875 0.45078125 0.0734375 0.028125
1 0.471875 0.46484375 0.0546875 0.0171875
1 0.49921875 0.32265625 0.0203125 0.0203125
1 0.49921875 0.2859375 0.0203125 0.01875
1 0.446875 0.275 0.05625 0.0171875
1 0.4359375 0.2328125 0.0546875 0.0203125
1 0.3796875 0.240625 0.0640625 0.01875
1 0.37421875 0.21484375 0.0609375 0.0171875
1 0.22734375 0.1859375 0.0796875 0.028125
1 0.0609375 0.01328125 0.090625 0.0265625
1 0.30625 0.415625 0.0671875 0.025
1 0.3921875 0.44609375 0.0578125 0.0203125
1 0.3859375 0.4375 0.0609375 0.0203125
1 0.5828125 0.37421875 0.05 0.034375
1 0.7765625 0.4359375 0.08125 0.0375
1 0.78515625 0.375 0.06875 0.0375
1 0.93984375 0.29921875 0.0453125 0.01875
1 0.9375 0.07578125 0.0421875 0.021875
1 0.64921875 0.17734375 0.1046875 0.040625
1 0.97265625 0.04609375 0.0546875 0.0296875
1 0.99296875 0.15546875 0.0140625 0.0203125
1 0.99296875 0.0328125 0.0140625 0.021875
1 0.99453125 0.01875 0.0109375 0.021875
0 0.48203125 0.64375 0.015625 0.0078125
1 0.05078125 0.98515625 0.0828125 0.0296875
1 0.2140625 0.96328125 0.0734375 0.025
1 0.21953125 0.9859375 0.0640625 0.0203125
1 0.29453125 0.84140625 0.053125 0.015625
1 0.23203125 0.7421875 0.0703125 0.021875
1 0.10546875 0.76953125 0.0859375 0.025
1 0.2359375 0.61796875 0.0578125 0.01875
1 0.3375 0.6140625 0.0609375 0.021875
1 0.059375 0.64140625 0.0953125 0.03125
1 0.42890625 0.684375 0.03125 0.0140625
1 0.42421875 0.66328125 0.040625 0.0140625
1 0.4375 0.63125 0.0421875 0.015625
1 0.39609375 0.61171875 0.0484375 0.01875
1 0.4109375 0.5328125 0.053125 0.01875
1 0.40703125 0.57578125 0.0359375 0.0140625
1 0.428125 0.57734375 0.0375 0.0109375
1 0.42890625 0.58359375 0.040625 0.0125
1 0.409375 0.59453125 0.0390625 0.0140625
1 0.40859375 0.6046875 0.0390625 0.0140625
1 0.628125 0.98671875 0.0671875 0.025
1 0.6484375 0.9671875 0.0609375 0.0265625
1 0.7171875 0.99140625 0.059375 0.0171875
1 0.7296875 0.95703125 0.0578125 0.0234375
1 0.790625 0.98671875 0.0421875 0.01875