1 0.1203125 0.31796875 0.025 0.0609375
1 0.2265625 0.42421875 0.021875 0.059375
1 0.2171875 0.46953125 0.0203125 0.0515625
1 0.2390625 0.43984375 0.0296875 0.0640625
1 0.13359375 0.49921875 0.0203125 0.0390625
1 0.075 0.46484375 0.021875 0.046875
1 0.065625 0.50078125 0.021875 0.0359375
1 0.015625 0.45234375 0.025 0.0578125
1 0.0171875 0.4421875 0.0234375 0.0546875
1 0.8703125 0.1921875 0.03125 0.06875
1 0.89453125 0.32421875 0.0234375 0.0578125
1 0.71328125 0.190625 0.0234375 0.0578125
1 0.65078125 0.14765625 0.0296875 0.0671875
1 0.53515625 0.21171875 0.0234375 0.0546875
1 0.48984375 0.2234375 0.0203125 0.05
1 0.49609375 0.31171875 0.0171875 0.0421875
1 0.515625 0.30859375 0.0203125 0.0421875
1 0.571875 0.2953125 0.0265625 0.0546875
1 0.6421875 0.296875 0.021875 0.0578125
0 0.4578125 0.28828125 0.0140625 0.0265625
1 0.37734375 0.19453125 0.0171875 0.0484375
1 0.453125 0.06015625 0.0265625 0.0671875
1 0.2296875 0.56328125 0.021875 0.0515625
1 0.18828125 0.67421875 0.01875 0.0453125
0 0.80078125 0.81171875 0.009375 0.0140625
1 0.890625 0.67734375 0.021875 0.05
1 0.95859375 0.95625 0.0171875 0.0390625
1 0.99453125 0.88984375 0.0109375 0.0421875
1 0.996875 0.86875 0.00625 0.046875
1 0.99453125 0.73359375 0.0109375 0.0515625
1 0.9578125 0.83359375 0.0203125 0.0515625
1 0.93515625 0.81015625 0.01875 0.046875
1 0.859375 0.92265625 0.0203125 0.046875
1 0.84296875 0.90703125 0.0125 0.0203125
1 0.6125 0.6328125 0.0234375 0.0546875
1 0.59921875 0.7578125 0.01875 0.0453125
1 0.69375 0.75234375 0.021875 0.0515625
1 0.79765625 0.728125 0.025 0.0453125
1 0.7875 0.82734375 0.0234375 0.0421875
1 0.78828125 0.8640625 0.0203125 0.040625
1 0.715625 0.89140625 0.0171875 0.0390625