1 0.08828125 0.128125 0.059375 0.0140625
1 0.165625 0.00234375 0.059375 0.0046875
1 0.2125 0.0015625 0.05 0.003125
1 0.26953125 0.06875 0.053125 0.0109375
1 0.2421875 0.13671875 0.0453125 0.0140625
1 0.2859375 0.1359375 0.046875 0.0140625
1 0.24453125 0.196875 0.05625 0.015625
1 0.284375 0.24921875 0.0453125 0.009375
1 0.34296875 0.2625 0.040625 0.0140625
1 0.31015625 0.2953125 0.05 0.0140625
1 0.2390625 0.34921875 0.053125 0.0140625
1 0.3265625 0.34609375 0.04375 0.0109375
1 0.21875 0.5109375 0.04375 0.015625
1 0.15234375 0.52265625 0.0578125 0.015625
1 0.20234375 0.56796875 0.0515625 0.015625
1 0.21484375 0.57734375 0.059375 0.0140625
1 0.2140625 0.59921875 0.05625 0.0140625
1 0.22890625 0.60390625 0.04375 0.0109375
1 0.20234375 0.609375 0.0203125 0.01875
1 0.234375 0.1984375 0.053125 0.0140625
0 0.190625 0.578125 0.0140625 0.009375
0 0.60703125 0.0828125 0.0125 0.009375
0 0.57109375 0.2671875 0.009375 0.00625
0 0.634375 0.34375 0.0125 0.00625
0 0.7390625 0.1234375 0.015625 0.00625
0 0.8796875 0.15859375 0.009375 0.00625
0 0.87109375 0.3546875 0.0125 0.00625
0 0.75 0.425 0.009375 0.00625
1 0.8140625 0.003125 0.05 0.00625
1 0.84921875 0.0421875 0.04375 0.0109375
1 0.81640625 0.13125 0.05 0.0140625
1 0.75546875 0.09296875 0.0640625 0.0140625
1 0.7578125 0.20703125 0.053125 0.0203125
1 0.7796875 0.22890625 0.053125 0.0171875
1 0.89453125 0.10390625 0.0375 0.0109375
1 0.85625 0.215625 0.046875 0.0109375
1 0.84140625 0.25 0.040625 0.0140625
1 0.834375 0.265625 0.05625 0.0109375
1 0.8109375 0.2859375 0.046875 0.0140625
1 0.79609375 0.30078125 0.05625 0.0140625
1 0.7859375 0.315625 0.0578125 0.0140625
1 0.7671875 0.3421875 0.059375 0.0125
1 0.68125 0.42109375 0.075 0.01875
1 0.8453125 0.49375 0.05 0.0109375
1 0.74140625 0.278125 0.0625 0.0125
1 0.73984375 0.24609375 0.0640625 0.0125
1 0.03984375 0.6265625 0.0375 0.0109375
1 0.0875 0.6265625 0.040625 0.0078125
1 0.15390625 0.62421875 0.0296875 0.009375
1 0.1796875 0.63515625 0.034375 0.0078125
1 0.1578125 0.65234375 0.034375 0.0109375
1 0.10859375 0.6453125 0.0359375 0.0109375
1 0.0625 0.696875 0.040625 0.0125
1 0.075 0.81328125 0.04375 0.0109375
1 0.1234375 0.78203125 0.040625 0.009375
0 0.7453125 0.73671875 0.0125 0.00625
1 0.765625 0.99453125 0.065625 0.0109375
1 0.7640625 0.74296875 0.05625 0.0109375
1 0.66640625 0.6921875 0.0625 0.0171875
1 0.67890625 0.6296875 0.05625 0.0171875
1 0.734375 0.62109375 0.05625 0.0046875