1 0.44375 0.20234375 0.05 0.0140625
1 0.403125 0.1984375 0.05 0.0125
1 0.43671875 0.1859375 0.0640625 0.021875
1 0.34296875 0.26796875 0.053125 0.0125
1 0.36796875 0.33671875 0.0453125 0.015625
1 0.32421875 0.33359375 0.046875 0.015625
1 0.3640625 0.396875 0.0578125 0.0171875
1 0.321875 0.446875 0.0453125 0.0109375
1 0.26328125 0.45859375 0.040625 0.015625
1 0.37421875 0.3984375 0.053125 0.015625
0 0.66015625 0.2078125 0.028125 0.0125
1 0.7109375 0.0140625 0.0484375 0.0265625
1 0.72734375 0.23515625 0.0640625 0.0203125
1 0.64296875 0.190625 0.046875 0.015625
1 0.56640625 0.25 0.053125 0.015625
1 0.621875 0.296875 0.0484375 0.01875
1 0.5390625 0.31328125 0.04375 0.0140625
1 0.55390625 0.34140625 0.0328125 0.0125
1 0.5671875 0.3390625 0.0375 0.0109375
1 0.5859375 0.33984375 0.0375 0.0125
1 0.67734375 0.39765625 0.0625 0.0234375
1 0.63203125 0.4171875 0.046875 0.01875
1 0.78359375 0.4421875 0.06875 0.0171875
1 0.1890625 0.515625 0.05 0.01875
1 0.2109375 0.59765625 0.0546875 0.01875
1 0.328125 0.67109375 0.0625 0.025
1 0.3296875 0.6984375 0.05625 0.015625
1 0.37265625 0.84453125 0.0640625 0.021875
1 0.4265625 0.828125 0.084375 0.028125
1 0.11640625 0.76015625 0.0484375 0.015625
1 0.190625 0.8484375 0.046875 0.015625
1 0.18984375 0.96171875 0.046875 0.0125
1 0.2 0.9703125 0.0453125 0.0109375
1 0.24375 0.96796875 0.0484375 0.015625
1 0.31796875 0.928125 0.0578125 0.01875
1 0.96171875 0.55234375 0.0765625 0.0265625
1 0.7328125 0.50234375 0.0765625 0.0265625
1 0.7421875 0.678125 0.0640625 0.025
1 0.73671875 0.7984375 0.0640625 0.0234375
1 0.584375 0.50625 0.065625 0.021875
1 0.58671875 0.65859375 0.053125 0.015625
1 0.5984375 0.7109375 0.0578125 0.01875
1 0.5296875 0.74921875 0.0484375 0.0109375
1 0.5109375 0.66484375 0.0453125 0.015625
1 0.5203125 0.675 0.040625 0.0125
1 0.58203125 0.8875 0.0515625 0.01875
1 0.60078125 0.9046875 0.053125 0.015625
1 0.51015625 0.89453125 0.05 0.0125
1 0.53046875 0.9984375 0.0484375 0.003125