1 0.234375 0.4859375 0.0734375 0.0265625
1 0.08359375 0.65625 0.0453125 0.00625
1 0.11640625 0.53984375 0.0515625 0.01875
1 0.0890625 0.5390625 0.0546875 0.01875
1 0.11875 0.47890625 0.0515625 0.01875
1 0.103125 0.40859375 0.0359375 0.0140625
1 0.090625 0.428125 0.0375 0.0140625
1 0.084375 0.45078125 0.034375 0.0125
1 0.1171875 0.415625 0.0421875 0.0203125
1 0.14296875 0.33515625 0.040625 0.015625
1 0.1125 0.35234375 0.04375 0.0125
1 0.096875 0.3203125 0.0375 0.0171875
1 0.0984375 0.27109375 0.0453125 0.0171875
1 0.1015625 0.25625 0.0421875 0.0171875
1 0.121875 0.23515625 0.0453125 0.0171875
1 0.12109375 0.22109375 0.0546875 0.0203125
1 0.1453125 0.20234375 0.0453125 0.0171875
1 0.203125 0.1484375 0.0578125 0.025
1 0.2921875 0.10703125 0.0703125 0.0234375
0 0.0625 0.4484375 0.015625 0.0125
1 0.19140625 0.0078125 0.0578125 0.015625
0 0.67578125 0.5609375 0.0140625 0.009375
0 0.72109375 0.34453125 0.0140625 0.0078125
0 0.72109375 0.009375 0.0125 0.0109375
1 0.77734375 0.20703125 0.0984375 0.0265625
0 0.81875 0.221875 0.01875 0.0109375
1 0.2328125 0.946875 0.0609375 0.0234375
1 0.11875 0.98828125 0.025 0.0234375
1 0.1140625 0.9765625 0.0421875 0.0203125
1 0.0890625 0.95390625 0.0421875 0.0140625
1 0.0984375 0.91171875 0.0453125 0.0171875
1 0.08203125 0.87890625 0.040625 0.0109375
1 0.14921875 0.88671875 0.0484375 0.01875
1 0.15390625 0.85234375 0.0453125 0.0140625
1 0.1390625 0.79453125 0.0421875 0.0140625
0 0.11953125 0.8890625 0.0171875 0.0109375
1 0.153125 0.69765625 0.053125 0.0203125
1 0.80390625 0.66328125 0.0484375 0.0078125
1 0.8265625 0.7265625 0.0546875 0.021875
1 0.7828125 0.7578125 0.0546875 0.0234375
1 0.82734375 0.82890625 0.0640625 0.0234375
1 0.915625 0.9125 0.0765625 0.0328125
1 0.91953125 0.7625 0.0703125 0.025
1 0.8890625 0.71796875 0.0546875 0.0203125
1 0.8796875 0.709375 0.0671875 0.0265625