1 0.2296875 0.05390625 0.0734375 0.021875
1 0.1421875 0.29921875 0.059375 0.0140625
1 0.08828125 0.2375 0.04375 0.0140625
1 0.11484375 0.1140625 0.05 0.015625
1 0.0875 0.1140625 0.053125 0.015625
1 0.1140625 0.053125 0.05 0.015625
1 0.08359375 0.0046875 0.0359375 0.009375
1 0.078125 0.0265625 0.034375 0.0109375
0 0.05625 0.025 0.0140625 0.0125
1 0.7203125 0.19296875 0.05 0.015625
1 0.603125 0.18046875 0.05625 0.01875
1 0.56796875 0.2578125 0.0421875 0.01875
1 0.6484375 0.29375 0.05625 0.015625
1 0.69453125 0.3703125 0.059375 0.0140625
1 0.48125 0.440625 0.04375 0.009375
1 0.47890625 0.4171875 0.0390625 0.015625
1 0.49609375 0.3640625 0.0453125 0.0140625
1 0.48828125 0.3125 0.0453125 0.015625
0 0.0859375 0.72890625 0.0125 0.0078125
1 0.20234375 0.9109375 0.0640625 0.021875
1 0.190625 0.66796875 0.0578125 0.01875
1 0.16015625 0.65546875 0.0609375 0.015625
1 0.215625 0.640625 0.059375 0.0125
1 0.221875 0.47109375 0.053125 0.0046875
1 0.20625 0.48828125 0.05625 0.015625
1 0.18359375 0.5125 0.0375 0.0125
1 0.146875 0.52734375 0.046875 0.0125
1 0.07890625 0.63984375 0.0375 0.0109375
1 0.07109375 0.72890625 0.028125 0.0125
1 0.06796875 0.75859375 0.0375 0.015625
1 0.16484375 0.50625 0.0375 0.0125
1 0.18046875 0.49921875 0.0453125 0.0203125
1 0.17734375 0.478125 0.0421875 0.0171875
1 0.95390625 0.55078125 0.0734375 0.0328125
1 0.840625 0.56015625 0.05625 0.015625
1 0.84921875 0.60703125 0.05 0.015625
1 0.8484375 0.86953125 0.0640625 0.0234375
1 0.796875 0.9390625 0.0671875 0.0203125
1 0.6875 0.8703125 0.05 0.01875
1 0.70078125 0.78984375 0.0484375 0.01875
1 0.746875 0.7546875 0.0578125 0.0203125
1 0.77265625 0.73203125 0.0609375 0.0203125
1 0.684375 0.65625 0.0375 0.015625
1 0.63125 0.60625 0.0375 0.0140625
1 0.7 0.6328125 0.053125 0.0125
0 0.86328125 0.93359375 0.0234375 0.01875
1 0.73671875 0.51953125 0.053125 0.015625