1 0.11484375 0.44296875 0.0328125 0.0734375
1 0.02421875 0.53515625 0.0234375 0.0515625
1 0.015625 0.5609375 0.0234375 0.0546875
1 0.08203125 0.55390625 0.0234375 0.0515625
1 0.14296875 0.59296875 0.0171875 0.0359375
1 0.1203125 0.596875 0.0171875 0.0375
1 0.096875 0.5953125 0.015625 0.0359375
1 0.14140625 0.57734375 0.025 0.04375
1 0.22578125 0.5796875 0.01875 0.040625
1 0.19921875 0.6 0.0171875 0.0375
1 0.22421875 0.6140625 0.0203125 0.009375
1 0.35 0.609375 0.021875 0.01875
1 0.421875 0.5875 0.03125 0.059375
1 0.490625 0.5171875 0.03125 0.0703125
0 0.09140625 0.6140625 0.0140625 0.009375
0 0.7609375 0.5515625 0.0125 0.0171875
1 0.890625 0.5015625 0.0296875 0.0671875
1 0.9515625 0.25625 0.0359375 0.075
1 0.753125 0.38671875 0.0234375 0.0515625
1 0.675 0.49375 0.0265625 0.0515625
1 0.67734375 0.6046875 0.0265625 0.028125
1 0.61015625 0.4 0.0265625 0.0546875
1 0.64140625 0.4203125 0.021875 0.05625
1 0.6140625 0.340625 0.0265625 0.065625
1 0.59609375 0.22578125 0.034375 0.075
1 0.33984375 0.6921875 0.0171875 0.0359375
1 0.59375 0.65859375 0.0234375 0.0546875
1 0.6359375 0.6703125 0.021875 0.0453125
1 0.6609375 0.65625 0.0203125 0.0453125
1 0.65390625 0.69453125 0.0171875 0.0359375
1 0.646875 0.703125 0.015625 0.040625
1 0.61875 0.74453125 0.0234375 0.0484375
1 0.653125 0.7953125 0.0234375 0.0515625
1 0.7359375 0.71640625 0.0234375 0.0484375
1 0.73515625 0.63828125 0.0234375 0.0390625
1 0.9796875 0.65546875 0.028125 0.0578125
1 0.95859375 0.78359375 0.0265625 0.0515625
1 0.875 0.84296875 0.01875 0.0453125
1 0.8484375 0.83515625 0.0203125 0.0421875