1 0.1703125 0.09375 0.01875 0.0703125
1 0.0828125 0.03046875 0.01875 0.0609375
1 0.02890625 0.021875 0.0203125 0.04375
1 0.271875 0.33828125 0.00625 0.0578125
0 0.89296875 0.05078125 0.00625 0.0140625
1 0.8640625 0.04375 0.0125 0.0375
1 0.99609375 0.165625 0.0078125 0.05625
1 0.94921875 0.17109375 0.0140625 0.0484375
1 0.93828125 0.15234375 0.015625 0.0515625
1 0.93359375 0.1765625 0.0140625 0.053125
1 0.8765625 0.1921875 0.025 0.0546875
1 0.8828125 0.20390625 0.0171875 0.0484375
1 0.8578125 0.20546875 0.0140625 0.053125
1 0.853125 0.18828125 0.015625 0.05625
1 0.80390625 0.16484375 0.0140625 0.059375
1 0.56640625 0.23125 0.0203125 0.0578125
1 0.465625 0.18203125 0.0140625 0.053125
1 0.4015625 0.19296875 0.0171875 0.0578125
1 0.13984375 0.8921875 0.015625 0.046875
1 0.11171875 0.9234375 0.0171875 0.0546875
1 0.2578125 0.96875 0.021875 0.05
1 0.99296875 0.73515625 0.0140625 0.0515625
1 0.7890625 0.70390625 0.01875 0.0484375
1 0.78046875 0.68828125 0.0140625 0.0171875
1 0.5890625 0.7140625 0.0140625 0.046875
1 0.59140625 0.77734375 0.0140625 0.053125
1 0.63828125 0.83125 0.0234375 0.0640625
1 0.6609375 0.76875 0.0171875 0.0515625
1 0.7296875 0.75390625 0.01875 0.0546875
1 0.77890625 0.77890625 0.0140625 0.059375
1 0.32578125 0.71015625 0.009375 0.046875
1 0.29140625 0.81015625 0.01875 0.0671875
1 0.503125 0.84453125 0.015625 0.071875
1 0.521875 0.834375 0.01875 0.0765625
0 0.99609375 0.70859375 0.0078125 0.0203125