1 0.5484375 0.03203125 0.0125 0.05625
1 0.4828125 0.06015625 0.015625 0.05625
1 0.53359375 0.02109375 0.0140625 0.0421875
1 0.4875 0.0046875 0.0125 0.009375
1 0.4328125 0.01015625 0.01875 0.0203125
1 0.34921875 0.11796875 0.0125 0.06875
1 0.2671875 0.046875 0.0140625 0.059375
1 0.2140625 0.02734375 0.015625 0.0546875
1 0.1484375 0.21796875 0.0140625 0.084375
1 0.0625 0.0609375 0.015625 0.059375
1 0.01015625 0.025 0.0109375 0.05
1 0.0015625 0.09375 0.003125 0.071875
1 0.7109375 0.01953125 0.009375 0.0390625
1 0.64921875 0.0890625 0.009375 0.0640625
1 0.75 0.00546875 0.015625 0.0109375
1 0.75859375 0.01328125 0.0078125 0.0265625
1 0.65390625 0.02109375 0.0109375 0.0421875
1 0.6421875 0.01796875 0.0125 0.0359375
1 0.2015625 0.65390625 0.0125 0.0296875
1 0.4578125 0.653125 0.009375 0.028125
1 0.53125 0.659375 0.009375 0.040625
1 0.4703125 0.6984375 0.0125 0.0484375
1 0.39765625 0.76796875 0.0125 0.053125
1 0.3765625 0.75859375 0.0125 0.046875
1 0.6140625 0.6875 0.0140625 0.053125
1 0.7484375 0.7984375 0.0125 0.0625
1 0.7734375 0.7078125 0.01875 0.05625
1 0.7546875 0.66875 0.009375 0.04375
1 0.98359375 0.7828125 0.021875 0.05625