1 0.61875 0.0453125 0.0546875 0.021875
1 0.50625 0.01875 0.0671875 0.0234375
1 0.55546875 0.078125 0.0578125 0.01875
1 0.51953125 0.13984375 0.0578125 0.021875
1 0.571875 0.09453125 0.0578125 0.0203125
1 0.609375 0.11171875 0.0484375 0.015625
1 0.5890625 0.14296875 0.0390625 0.0171875
1 0.61328125 0.1546875 0.046875 0.0140625
1 0.58046875 0.19765625 0.0578125 0.025
1 0.59375 0.2140625 0.0515625 0.021875
1 0.590625 0.2921875 0.0453125 0.0171875
1 0.44609375 0.265625 0.0703125 0.0203125
1 0.50703125 0.35546875 0.0609375 0.021875
1 0.521875 0.41015625 0.0625 0.0234375
1 0.32265625 0.45234375 0.0859375 0.025
1 0.46796875 0.55703125 0.0609375 0.0234375
0 0.625 0.059375 0.01875 0.0109375
1 0.98671875 0.0828125 0.0265625 0.03125
0 0.62421875 0.5953125 0.0171875 0.0109375
0 0.30859375 0.5875 0.0171875 0.0109375
0 0.4828125 0.671875 0.025 0.0125
0 0.5234375 0.74140625 0.0171875 0.009375
0 0.63359375 0.76875 0.0140625 0.0109375
0 0.37890625 0.8265625 0.0234375 0.0125
0 0.1046875 0.821875 0.025 0.0125
0 0.1609375 0.9234375 0.0234375 0.0140625
0 0.23984375 0.98828125 0.021875 0.009375
1 0.5703125 0.86953125 0.0546875 0.01875
1 0.55546875 0.80625 0.0484375 0.015625
1 0.440625 0.88984375 0.05 0.025
1 0.49375 0.94453125 0.0640625 0.021875
1 0.5453125 0.92421875 0.05 0.0234375
1 0.38828125 0.76015625 0.0625 0.0171875
1 0.22265625 0.8546875 0.078125 0.0234375
1 0.090625 0.97578125 0.0828125 0.0296875
1 0.19296875 0.753125 0.0828125 0.0234375
1 0.79296875 0.5875 0.0578125 0.0171875
1 0.8484375 0.68984375 0.0453125 0.0140625
1 0.83984375 0.7328125 0.0453125 0.0140625
1 0.8125 0.77421875 0.046875 0.0140625
1 0.80625 0.77734375 0.0515625 0.0109375
1 0.8203125 0.85625 0.04375 0.0125
1 0.84140625 0.85078125 0.0296875 0.015625
1 0.8171875 0.89453125 0.04375 0.0140625
1 0.7703125 0.9015625 0.046875 0.0125