1 0.09140625 0.2421875 0.078125 0.0375
1 0.340625 0.153125 0.0765625 0.034375
1 0.884375 0.01640625 0.08125 0.0296875
1 0.84921875 0.05390625 0.0765625 0.034375
1 0.89765625 0.16796875 0.0859375 0.0359375
1 0.86015625 0.33125 0.0828125 0.0375
1 0.9703125 0.60234375 0.059375 0.0328125
1 0.78046875 0.44765625 0.0640625 0.025
1 0.69453125 0.35546875 0.065625 0.028125
1 0.61796875 0.30390625 0.0578125 0.021875
1 0.66328125 0.41171875 0.0734375 0.0265625
1 0.62578125 0.42890625 0.065625 0.025
1 0.6453125 0.46484375 0.0703125 0.0296875
1 0.6625 0.4984375 0.0625 0.0296875
1 0.70859375 0.53203125 0.0734375 0.0296875
1 0.78203125 0.52421875 0.078125 0.034375
1 0.82890625 0.6015625 0.0765625 0.03125
1 0.78671875 0.6078125 0.0796875 0.021875
1 0.03984375 0.940625 0.0546875 0.0234375
1 0.16015625 0.815625 0.0609375 0.0296875
1 0.1359375 0.771875 0.0546875 0.0265625
1 0.2296875 0.715625 0.0640625 0.025
1 0.30859375 0.74453125 0.0671875 0.0296875
1 0.32578125 0.721875 0.0703125 0.0296875
1 0.77734375 0.696875 0.06875 0.03125
1 0.65234375 0.86171875 0.053125 0.025
1 0.628125 0.72578125 0.053125 0.0203125
1 0.640625 0.92890625 0.0546875 0.0265625
1 0.6828125 0.98515625 0.0625 0.0296875
1 0.53828125 0.9390625 0.0421875 0.0171875