1 0.08046875 0.10078125 0.0734375 0.028125
1 0.06328125 0.56640625 0.078125 0.034375
1 0.7296875 0.2421875 0.025 0.0078125
1 0.6984375 0.2890625 0.028125 0.0109375
1 0.728125 0.3046875 0.03125 0.0140625
1 0.79453125 0.309375 0.0390625 0.0140625
1 0.78359375 0.3296875 0.034375 0.0125
1 0.775 0.49453125 0.034375 0.0125
1 0.7 0.57578125 0.0328125 0.0125
1 0.6796875 0.559375 0.0203125 0.015625
1 0.60234375 0.56875 0.025 0.0109375
0 0.6140625 0.584375 0.0109375 0.0078125
1 0.62578125 0.6328125 0.028125 0.009375
0 0.7484375 0.63046875 0.0140625 0.0078125
1 0.784375 0.3546875 0.0328125 0.009375
1 0.42421875 0.853125 0.05 0.0203125
1 0.403125 0.8734375 0.0515625 0.021875
1 0.37890625 0.99375 0.0515625 0.0125
1 0.38515625 0.9484375 0.0546875 0.01875
1 0.34140625 0.9671875 0.0546875 0.021875
1 0.3328125 0.98515625 0.0453125 0.0171875
1 0.303125 0.97265625 0.0484375 0.015625
1 0.31796875 0.9484375 0.0515625 0.0171875