1 0.44140625 0.49765625 0.0953125 0.034375
1 0.246875 0.45390625 0.0734375 0.0296875
1 0.13125 0.54453125 0.059375 0.0296875
1 0.08046875 0.44375 0.0703125 0.0265625
1 0.1203125 0.40234375 0.0640625 0.0265625
1 0.0640625 0.35 0.0546875 0.025
1 0.12890625 0.28671875 0.0703125 0.025
1 0.01640625 0.2375 0.0328125 0.01875
1 0.01015625 0.2421875 0.0203125 0.021875
1 0.00859375 0.37734375 0.0171875 0.0203125
1 0.0234375 0.4203125 0.046875 0.025
1 0.040625 0.18359375 0.0640625 0.0265625
1 0.07421875 0.1390625 0.0765625 0.0296875
1 0.0859375 0.11796875 0.0765625 0.0296875
1 0.5890625 0.3421875 0.0578125 0.025
1 0.61640625 0.5015625 0.0546875 0.0203125
1 0.72578125 0.496875 0.05 0.0234375
1 0.3546875 0.8015625 0.03125 0.0125
1 0.3578125 0.81875 0.0328125 0.0140625
1 0.38125 0.8390625 0.025 0.0109375
1 0.37890625 0.853125 0.03125 0.0140625
1 0.415625 0.9125 0.03125 0.015625
1 0.39296875 0.93046875 0.025 0.0109375
1 0.403125 0.9265625 0.021875 0.009375
1 0.4171875 0.9484375 0.034375 0.0125
1 0.478125 0.99609375 0.03125 0.0078125
1 0.47890625 0.9890625 0.0390625 0.0171875
1 0.3890625 0.890625 0.028125 0.0109375
1 0.60390625 0.9671875 0.0703125 0.0296875
1 0.53359375 0.6984375 0.0296875 0.025