1 0.28515625 0.0875 0.0703125 0.0265625
1 0.1578125 0.2453125 0.0671875 0.025
1 0.91640625 0.29921875 0.0515625 0.0171875
1 0.90546875 0.1609375 0.0453125 0.0171875
1 0.98359375 0.1390625 0.0328125 0.01875
1 0.984375 0.0625 0.03125 0.01875
1 0.8796875 0.08359375 0.040625 0.0140625
1 0.60234375 0.57578125 0.0328125 0.0203125
1 0.58984375 0.575 0.0546875 0.0171875
1 0.57109375 0.58671875 0.0546875 0.0234375
1 0.59375 0.59609375 0.05 0.0265625
1 0.46796875 0.559375 0.0484375 0.0203125
1 0.6 0.38984375 0.0375 0.0265625
1 0.55 0.35703125 0.0609375 0.025
1 0.3953125 0.3953125 0.034375 0.0109375
1 0.40234375 0.47265625 0.046875 0.015625
1 0.31875 0.7 0.0359375 0.0125
1 0.43828125 0.71171875 0.053125 0.01875
1 0.4796875 0.78046875 0.0609375 0.0234375
1 0.41328125 0.78046875 0.0515625 0.0203125
1 0.3546875 0.765625 0.05 0.0203125
1 0.32109375 0.71953125 0.0421875 0.015625
1 0.97265625 0.67734375 0.0453125 0.0171875
1 0.94453125 0.96640625 0.0453125 0.01875