1 0.1359375 0.42578125 0.028125 0.071875
1 0.32109375 0.4890625 0.0265625 0.0703125
0 0.91484375 0.46171875 0.00625 0.009375
1 0.41953125 0.26484375 0.0203125 0.0796875
1 0.43359375 0.2609375 0.03125 0.078125
1 0.4171875 0.50234375 0.015625 0.0734375
1 0.61484375 0.53359375 0.0265625 0.0515625
1 0.66640625 0.35625 0.0296875 0.0671875
1 0.771875 0.25625 0.0328125 0.0859375
1 0.80078125 0.42265625 0.0265625 0.078125
1 0.8125 0.42421875 0.0328125 0.0796875
1 0.88046875 0.48984375 0.0359375 0.071875
1 0.91015625 0.4828125 0.03125 0.0734375
1 0.9390625 0.17421875 0.0421875 0.0796875
1 0.97578125 0.1390625 0.0359375 0.109375
1 0.61640625 0.20703125 0.0390625 0.090625
1 0.01328125 0.57734375 0.0265625 0.0359375
1 0.11953125 0.6671875 0.025 0.0640625
1 0.23671875 0.65 0.0234375 0.0640625
1 0.37421875 0.57109375 0.0296875 0.0234375
1 0.40234375 0.75078125 0.0140625 0.0609375
1 0.7390625 0.596875 0.0234375 0.0609375
1 0.6625 0.575 0.021875 0.03125
1 0.63984375 0.57265625 0.0265625 0.0265625
1 0.57265625 0.62421875 0.0234375 0.0515625
1 0.64453125 0.67109375 0.021875 0.0453125
1 0.625 0.69609375 0.025 0.0578125
1 0.56015625 0.68515625 0.0234375 0.0484375
1 0.49765625 0.70859375 0.0203125 0.0453125
1 0.53359375 0.75078125 0.01875 0.0421875
1 0.41484375 0.70859375 0.0109375 0.0453125
1 0.41640625 0.66015625 0.0140625 0.0546875
1 0.44765625 0.5875 0.0265625 0.05625
1 0.5265625 0.6109375 0.01875 0.05625
1 0.74375 0.73515625 0.0203125 0.0625
1 0.65703125 0.78671875 0.01875 0.0453125
1 0.6296875 0.7734375 0.01875 0.0421875