1 0.14453125 0.0875 0.0546875 0.025
1 0.196875 0.20390625 0.0546875 0.0265625
1 0.25078125 0.184375 0.0578125 0.0359375
1 0.31328125 0.203125 0.0546875 0.025
1 0.4328125 0.2859375 0.0703125 0.03125
1 0.3921875 0.1546875 0.0671875 0.0296875
1 0.39921875 0.096875 0.0703125 0.0375
1 0.31640625 0.03828125 0.06875 0.034375
1 0.2921875 0.02734375 0.0609375 0.0296875
1 0.21171875 0.05625 0.0640625 0.0265625
1 0.49453125 0.48671875 0.071875 0.0328125
1 0.28828125 0.590625 0.0578125 0.028125
1 0.2375 0.571875 0.05625 0.028125
1 0.2 0.43828125 0.046875 0.025
1 0.22734375 0.40546875 0.0484375 0.0234375
1 0.2703125 0.48046875 0.046875 0.021875
1 0.26171875 0.48515625 0.053125 0.021875
0 0.2703125 0.39609375 0.0203125 0.015625
1 0.6875 0.3796875 0.03125 0.0140625
1 0.68359375 0.3625 0.0328125 0.015625
1 0.6953125 0.33359375 0.025 0.0125
1 0.6875 0.321875 0.03125 0.0140625
1 0.69609375 0.253125 0.03125 0.015625
1 0.66953125 0.246875 0.0203125 0.0125
1 0.67890625 0.2453125 0.021875 0.009375
1 0.68203125 0.21953125 0.034375 0.0140625
1 0.66953125 0.1125 0.0203125 0.015625
1 0.66484375 0.11640625 0.0109375 0.0109375
1 0.71640625 0.1484375 0.03125 0.0140625
1 0.72109375 0.15703125 0.0390625 0.0203125
1 0.68125 0.28359375 0.028125 0.0125
1 0.25625 0.68828125 0.065625 0.028125
1 0.41484375 0.8828125 0.0765625 0.0421875
1 0.27890625 0.96015625 0.0640625 0.0296875
1 0.165625 0.92109375 0.05 0.0265625
1 0.08984375 0.73984375 0.059375 0.0234375
1 0.00625 0.7578125 0.0125 0.021875
1 0.04453125 0.6390625 0.0515625 0.025
1 0.07890625 0.62421875 0.0546875 0.0109375
0 0.1328125 0.95703125 0.025 0.0171875
0 0.9125 0.70234375 0.0109375 0.0078125
0 0.8578125 0.696875 0.015625 0.009375
0 0.83828125 0.7734375 0.0109375 0.0078125
0 0.96875 0.7984375 0.01875 0.0109375
0 0.99765625 0.8859375 0.0046875 0.009375
0 0.9921875 0.98828125 0.0140625 0.009375
1 0.78984375 0.64375 0.0515625 0.021875
1 0.74921875 0.709375 0.040625 0.0140625
1 0.75234375 0.7140625 0.0390625 0.0203125
1 0.83046875 0.82265625 0.0515625 0.021875
1 0.8140625 0.94140625 0.0375 0.0171875
1 0.89609375 0.99140625 0.0484375 0.0171875
1 0.9234375 0.84453125 0.0515625 0.021875
1 0.9046875 0.8203125 0.0546875 0.0234375