1 0.05078125 0.325 0.0734375 0.01875
1 0.075 0.3171875 0.075 0.015625
1 0.14765625 0.3015625 0.065625 0.015625
1 0.190625 0.278125 0.065625 0.0171875
1 0.1828125 0.23671875 0.059375 0.0171875
1 0.165625 0.146875 0.05625 0.021875
1 0.26484375 0.13984375 0.053125 0.0125
1 0.2109375 0.0625 0.0515625 0.0203125
1 0.21484375 0.04921875 0.05625 0.0171875
1 0.05 0.00234375 0.071875 0.0046875
0 0.2640625 0.07421875 0.01875 0.0078125
1 0.584375 0.33515625 0.0625 0.0171875
1 0.6 0.29140625 0.06875 0.015625
1 0.740625 0.3453125 0.053125 0.009375
1 0.80078125 0.28125 0.0375 0.0171875
1 0.81484375 0.2921875 0.04375 0.0125
1 0.83125 0.13828125 0.0484375 0.0171875
1 0.76875 0.21328125 0.0375 0.0109375
1 0.69140625 0.20078125 0.05625 0.0125
1 0.66328125 0.190625 0.05625 0.0203125
1 0.63984375 0.040625 0.05625 0.0140625
1 0.65078125 0.0078125 0.0609375 0.015625
1 0.72890625 0.0203125 0.053125 0.0109375
1 0.778125 0.0390625 0.05 0.0140625
1 0.7671875 0.065625 0.05 0.0171875
1 0.0140625 0.99296875 0.028125 0.0140625
1 0.18125 0.92265625 0.06875 0.015625
1 0.23203125 0.96328125 0.0609375 0.0171875
1 0.34609375 0.98046875 0.04375 0.0109375
1 0.31953125 0.85625 0.0484375 0.0140625
1 0.1703125 0.88046875 0.0640625 0.0203125
1 0.121875 0.690625 0.078125 0.0203125
1 0.1125 0.6390625 0.071875 0.01875
1 0.0859375 0.55859375 0.08125 0.025
1 0.20234375 0.63515625 0.065625 0.0171875
1 0.2046875 0.5984375 0.05625 0.0203125
1 0.29296875 0.71484375 0.05625 0.0109375
1 0.29765625 0.725 0.05625 0.0140625
1 0.33671875 0.74296875 0.046875 0.0140625
1 0.3453125 0.78828125 0.0484375 0.0140625
1 0.2765625 0.38046875 0.06875 0.015625
1 0.58203125 0.6515625 0.053125 0.0140625
1 0.6515625 0.77421875 0.046875 0.0140625
1 0.6625 0.95703125 0.053125 0.0140625
1 0.7171875 0.93359375 0.046875 0.0109375
1 0.68984375 0.6390625 0.040625 0.0109375
1 0.7875 0.6328125 0.0453125 0.0078125
1 0.82109375 0.6984375 0.040625 0.0109375
1 0.85625 0.596875 0.03125 0.0140625
1 0.8328125 0.50390625 0.03125 0.0109375
1 0.84921875 0.41875 0.0375 0.0171875
1 0.7921875 0.375 0.040625 0.0109375
1 0.775 0.35390625 0.040625 0.0078125
1 0.65546875 0.41171875 0.053125 0.0171875
1 0.74453125 0.565625 0.0375 0.0140625
1 0.74453125 0.5921875 0.0453125 0.0125
0 0.64296875 0.94375 0.025 0.0109375