1 0.38515625 0.39296875 0.059375 0.0296875
1 0.484375 0.4 0.0546875 0.0203125
1 0.4421875 0.31640625 0.0546875 0.028125
1 0.44765625 0.303125 0.0578125 0.025
1 0.29296875 0.2265625 0.0734375 0.03125
1 0.31484375 0.19765625 0.0796875 0.0328125
1 0.35546875 0.11953125 0.0703125 0.0296875
1 0.3125 0.01640625 0.08125 0.0328125
1 0.375 0.03125 0.0703125 0.028125
1 0.38828125 0.01484375 0.0734375 0.025
1 0.471875 0.06015625 0.078125 0.0328125
1 0.4859375 0.10234375 0.0640625 0.0234375
1 0.478125 0.18359375 0.0609375 0.025
0 0.4921875 0.33515625 0.0203125 0.0109375
1 0.70546875 0.34375 0.0328125 0.040625
0 0.028125 0.7953125 0.0203125 0.0140625
1 0.1484375 0.4453125 0.090625 0.03125
1 0.0140625 0.68046875 0.028125 0.0421875
1 0.0203125 0.8671875 0.040625 0.04375
1 0.159375 0.78515625 0.0828125 0.04375
1 0.2015625 0.71015625 0.075 0.0359375
1 0.35546875 0.60078125 0.0625 0.028125
1 0.33203125 0.8046875 0.0515625 0.021875
1 0.41328125 0.78515625 0.0390625 0.0171875
1 0.3484375 0.840625 0.0484375 0.0203125
1 0.3671875 0.9078125 0.0421875 0.01875
1 0.2921875 0.98203125 0.0515625 0.0234375
1 0.25625 0.99140625 0.0625 0.0171875
1 0.1859375 0.89453125 0.0625 0.0265625
0 0.94609375 0.85703125 0.015625 0.009375
1 0.93984375 0.44609375 0.0484375 0.0171875
1 0.9203125 0.47265625 0.046875 0.0171875
1 0.9578125 0.62109375 0.0453125 0.0140625
1 0.94453125 0.64609375 0.0546875 0.01875
1 0.8515625 0.675 0.0609375 0.021875
1 0.7140625 0.83984375 0.05 0.0234375
1 0.85625 0.9578125 0.0546875 0.01875
1 0.92578125 0.934375 0.046875 0.0171875
1 0.93828125 0.79375 0.0453125 0.0171875
1 0.984375 0.82578125 0.03125 0.0203125