1 0.27109375 0.471875 0.0671875 0.015625
1 0.2859375 0.4375 0.0609375 0.0234375
1 0.31875 0.3515625 0.0578125 0.028125
1 0.22265625 0.32734375 0.0546875 0.01875
1 0.2890625 0.2609375 0.053125 0.025
1 0.2875 0.246875 0.0578125 0.0234375
1 0.4359375 0.221875 0.028125 0.028125
1 0.428125 0.18671875 0.04375 0.0296875
1 0.4234375 0.1 0.053125 0.028125
1 0.42734375 0.01171875 0.0453125 0.0234375
1 0.33828125 0.01171875 0.0765625 0.0234375
1 0.31328125 0.04375 0.0640625 0.0203125
1 0.2953125 0.1234375 0.0609375 0.0234375
0 0.23515625 0.26328125 0.0203125 0.0109375
1 0.50859375 0.4609375 0.0671875 0.0265625
1 0.54453125 0.34921875 0.0625 0.021875
1 0.45546875 0.378125 0.0109375 0.021875
1 0.46328125 0.30546875 0.0265625 0.0171875
1 0.465625 0.28203125 0.03125 0.0171875
1 0.54609375 0.20703125 0.0640625 0.01875
1 0.5765625 0.0859375 0.0703125 0.028125
1 0.678125 0.03515625 0.0765625 0.0265625
1 0.4859375 0.0328125 0.0421875 0.021875
1 0.48203125 0.0515625 0.05 0.0171875
1 0.4640625 0.1125 0.028125 0.01875
1 0.4640625 0.1421875 0.028125 0.015625
1 0.4640625 0.16875 0.028125 0.0125
1 0.4578125 0.18984375 0.015625 0.0171875
0 0.45703125 0.165625 0.0125 0.00625
1 0.37578125 0.9875 0.078125 0.025
1 0.43359375 0.91953125 0.0328125 0.0328125
1 0.28046875 0.84375 0.0703125 0.0265625
1 0.2546875 0.7015625 0.05 0.0203125
1 0.31796875 0.75234375 0.0578125 0.0203125
1 0.37109375 0.71328125 0.0578125 0.025
1 0.3578125 0.72578125 0.03125 0.03125
1 0.346875 0.6921875 0.0421875 0.015625
0 0.371875 0.7078125 0.0296875 0.015625
1 0.29765625 0.559375 0.0640625 0.0234375
1 0.35703125 0.55546875 0.0625 0.0265625
1 0.35859375 0.51640625 0.0640625 0.0234375
1 0.63828125 0.934375 0.0484375 0.01875
1 0.56640625 0.903125 0.0421875 0.01875
1 0.4625 0.8859375 0.025 0.015625
1 0.528125 0.68203125 0.04375 0.0125
1 0.6796875 0.67109375 0.0609375 0.0203125
1 0.54609375 0.640625 0.034375 0.0109375
1 0.56484375 0.6125 0.0453125 0.021875
1 0.5234375 0.66640625 0.0390625 0.0140625
1 0.46796875 0.55625 0.0328125 0.0140625
0 0.540625 0.68671875 0.015625 0.0046875