1 0.053125 0.17578125 0.028125 0.0484375
1 0.06953125 0.18125 0.0421875 0.0375
1 0.09453125 0.1796875 0.0359375 0.040625
1 0.15234375 0.11015625 0.0328125 0.06875
1 0.13203125 0.0109375 0.0265625 0.021875
1 0.3078125 0.08984375 0.025 0.065625
1 0.2390625 0.1421875 0.0296875 0.065625
1 0.01484375 0.66953125 0.0296875 0.0625
1 0.01171875 0.5953125 0.0234375 0.059375
1 0.05 0.59609375 0.0265625 0.0578125
1 0.0421875 0.528125 0.0203125 0.0421875
1 0.021875 0.48671875 0.01875 0.0375
1 0.9890625 0.55546875 0.021875 0.0546875
1 0.97265625 0.5796875 0.0203125 0.0484375
1 0.96171875 0.58515625 0.01875 0.0453125
1 0.94609375 0.571875 0.01875 0.0546875
1 0.94921875 0.559375 0.021875 0.0515625
1 0.92734375 0.55859375 0.0171875 0.0453125
1 0.9328125 0.5484375 0.0234375 0.0578125
1 0.946875 0.51171875 0.0234375 0.0578125
1 0.95625 0.51875 0.0171875 0.0453125
1 0.96796875 0.54140625 0.0203125 0.0515625
1 0.88359375 0.5609375 0.0203125 0.0546875
1 0.88046875 0.52265625 0.025 0.0484375
1 0.7671875 0.60234375 0.025 0.0640625
1 0.6578125 0.509375 0.0296875 0.0625
1 0.5671875 0.48046875 0.0265625 0.0546875