1 0.42109375 0.14296875 0.0171875 0.0203125
1 0.36796875 0.05390625 0.053125 0.0140625
1 0.25859375 0.090625 0.04375 0.0109375
1 0.28125 0.3796875 0.04375 0.0125
1 0.29609375 0.42265625 0.0484375 0.0140625
1 0.9546875 0.3390625 0.065625 0.0203125
1 0.8421875 0.31640625 0.059375 0.0203125
1 0.7984375 0.20078125 0.0609375 0.0203125
1 0.7328125 0.26328125 0.053125 0.0140625
1 0.69375 0.26640625 0.053125 0.0140625
1 0.590625 0.26328125 0.040625 0.009375
1 0.53203125 0.240625 0.046875 0.015625
1 0.578125 0.1515625 0.0453125 0.0125
1 0.646875 0.1109375 0.0375 0.0125
1 0.6234375 0.175 0.046875 0.0140625
1 0.72578125 0.11640625 0.05 0.0171875
1 0.690625 0.2 0.0484375 0.0140625
1 0.7671875 0.05078125 0.046875 0.0171875
1 0.6265625 0.04453125 0.04375 0.015625
1 0.534375 0.0953125 0.053125 0.0125
1 0.10703125 0.63515625 0.05 0.0109375
1 0.0953125 0.6140625 0.053125 0.0109375
0 0.11328125 0.609375 0.015625 0.00625
1 0.1015625 0.603125 0.053125 0.0109375
1 0.078125 0.60703125 0.0484375 0.0078125
1 0.209375 0.63984375 0.0625 0.0140625
1 0.20703125 0.67890625 0.0625 0.0171875
1 0.2875 0.7203125 0.05625 0.0265625
1 0.18046875 0.78515625 0.0640625 0.0171875
1 0.25390625 0.85 0.065625 0.0203125
1 0.815625 0.996875 0.04375 0.00625
1 0.75859375 0.99609375 0.0390625 0.0078125
1 0.73359375 0.9859375 0.0375 0.00625
1 0.70390625 0.9921875 0.040625 0.009375
1 0.78828125 0.8546875 0.04375 0.009375
1 0.85625 0.7734375 0.046875 0.0109375
1 0.94453125 0.8046875 0.0484375 0.0171875
1 0.984375 0.62421875 0.03125 0.0140625
1 0.7734375 0.66328125 0.040625 0.0109375
1 0.69296875 0.69296875 0.04375 0.0078125
1 0.70546875 0.740625 0.0390625 0.00625