1 0.2734375 0.01640625 0.021875 0.0328125
1 0.04140625 0.0234375 0.0171875 0.046875
1 0.1890625 0.08125 0.015625 0.053125
1 0.23046875 0.1875 0.0140625 0.04375
1 0.51875 0.15 0.015625 0.04375
1 0.56015625 0.13359375 0.015625 0.0484375
1 0.82734375 0.496875 0.0234375 0.025
1 0.0125 0.7328125 0.0234375 0.0671875
1 0.16796875 0.75234375 0.015625 0.05625
1 0.2359375 0.71875 0.0203125 0.0671875
1 0.3421875 0.7984375 0.015625 0.053125
1 0.384375 0.81640625 0.0140625 0.0484375
1 0.36640625 0.903125 0.0125 0.040625
1 0.34765625 0.89765625 0.015625 0.040625
1 0.29375 0.8765625 0.01875 0.0546875
1 0.22421875 0.86796875 0.0140625 0.05625
0 0.4078125 0.88515625 0.0109375 0.025
1 0.5078125 0.8875 0.0171875 0.046875
1 0.5515625 0.8765625 0.0171875 0.0484375
1 0.5 0.8046875 0.0125 0.046875
1 0.5765625 0.70078125 0.0171875 0.065625
1 0.44453125 0.659375 0.0171875 0.065625
1 0.7640625 0.8859375 0.0203125 0.071875
1 0.76484375 0.63125 0.025 0.0953125
1 0.98828125 0.78125 0.021875 0.0828125
1 0.98671875 0.88515625 0.01875 0.0578125
1 0.965625 0.95234375 0.015625 0.0515625
1 0.85546875 0.95546875 0.01875 0.065625
1 0.87109375 0.9015625 0.0234375 0.0640625