1 0.39140625 0.3125 0.059375 0.0234375
1 0.4265625 0.1921875 0.046875 0.01875
1 0.43671875 0.20078125 0.0265625 0.0203125
1 0.36015625 0.14140625 0.0578125 0.0203125
1 0.428125 0.06796875 0.04375 0.0171875
1 0.43828125 0.05859375 0.0234375 0.0140625
1 0.42734375 0.02265625 0.0453125 0.0203125
1 0.4296875 0.00703125 0.040625 0.0140625
1 0.3484375 0.00703125 0.05625 0.0140625
1 0.99375 0.27734375 0.0125 0.0265625
1 0.98359375 0.3515625 0.0328125 0.025
1 0.97890625 0.3234375 0.0421875 0.01875
1 0.96796875 0.33046875 0.0546875 0.0234375
1 0.98125 0.26875 0.0375 0.01875
1 0.97734375 0.26015625 0.0453125 0.01875
1 0.978125 0.240625 0.04375 0.01875
1 0.98515625 0.23828125 0.0296875 0.0203125
1 0.98359375 0.21796875 0.0328125 0.0171875
1 0.9859375 0.2203125 0.028125 0.021875
1 0.971875 0.178125 0.0546875 0.0203125
1 0.990625 0.16171875 0.01875 0.0234375
1 0.89140625 0.084375 0.0640625 0.025
1 0.184375 0.3796875 0.071875 0.021875
1 0.2421875 0.3796875 0.065625 0.021875
1 0.2859375 0.3828125 0.0671875 0.0234375
1 0.41484375 0.41015625 0.0484375 0.021875
1 0.43359375 0.52890625 0.0328125 0.0203125
1 0.4015625 0.57734375 0.0484375 0.0171875
1 0.39296875 0.62265625 0.0453125 0.0171875
1 0.39609375 0.74140625 0.0484375 0.0203125
1 0.56484375 0.5640625 0.0640625 0.0265625
1 0.5921875 0.41640625 0.0640625 0.0265625
1 0.6125 0.37578125 0.084375 0.0140625
1 0.678125 0.40078125 0.06875 0.0328125
1 0.7296875 0.41796875 0.06875 0.0328125
1 0.759375 0.584375 0.0546875 0.025
1 0.853125 0.5328125 0.0578125 0.0203125
1 0.86484375 0.5609375 0.0421875 0.0203125
1 0.85234375 0.72890625 0.0484375 0.0234375
1 0.60703125 0.70625 0.0859375 0.0328125
1 0.74765625 0.9375 0.0609375 0.025
1 0.86953125 0.90078125 0.053125 0.01875
1 0.83046875 0.85546875 0.0515625 0.0171875
1 0.8890625 0.81015625 0.0421875 0.01875
1 0.92890625 0.87421875 0.0421875 0.01875
1 0.9328125 0.71796875 0.0453125 0.0203125