1 0.01796875 0.13828125 0.009375 0.0453125
1 0.059375 0.12265625 0.009375 0.040625
1 0.04921875 0.27890625 0.0125 0.05625
1 0.10859375 0.1953125 0.0109375 0.046875
1 0.11328125 0.17421875 0.0078125 0.046875
1 0.1390625 0.13203125 0.009375 0.0359375
1 0.13515625 0.1234375 0.00625 0.034375
1 0.1765625 0.08984375 0.00625 0.03125
1 0.15234375 0.1890625 0.0140625 0.046875
1 0.16796875 0.18125 0.009375 0.04375
1 0.18828125 0.2640625 0.0171875 0.0546875
1 0.21953125 0.18984375 0.009375 0.034375
1 0.2328125 0.15546875 0.00625 0.0375
1 0.23984375 0.15625 0.009375 0.040625
1 0.2609375 0.159375 0.0078125 0.0375
1 0.2734375 0.12890625 0.00625 0.034375
0 0.2390625 0.165625 0.003125 0.00625
0 0.684375 0.140625 0.009375 0.015625
1 0.94296875 0.14140625 0.0171875 0.065625
1 0.93828125 0.0984375 0.0234375 0.046875
1 0.92734375 0.02578125 0.0171875 0.040625
1 0.75703125 0.03125 0.0171875 0.046875
1 0.69375 0.27890625 0.0296875 0.075
1 0.6671875 0.1015625 0.0171875 0.059375
1 0.53984375 0.0125 0.0171875 0.025
1 0.45 0.74609375 0.0140625 0.05
1 0.3671875 0.71953125 0.0109375 0.046875
1 0.23828125 0.85390625 0.01875 0.0625
1 0.20859375 0.95546875 0.0171875 0.071875
1 0.140625 0.8453125 0.0171875 0.065625
1 0.190625 0.81484375 0.0109375 0.0625
1 0.45546875 0.790625 0.0078125 0.05625
0 0.21171875 0.84140625 0.009375 0.025
1 0.984375 0.571875 0.0125 0.0453125
1 0.91875 0.54296875 0.009375 0.040625
1 0.88828125 0.484375 0.009375 0.034375
1 0.9328125 0.61171875 0.0140625 0.046875
1 0.90703125 0.64375 0.0109375 0.04375
1 0.89453125 0.6359375 0.0125 0.04375
1 0.8984375 0.6546875 0.0109375 0.0515625
1 0.88671875 0.79921875 0.0140625 0.0625
1 0.92890625 0.896875 0.0171875 0.065625
0 0.90390625 0.66953125 0.0078125 0.009375