1 0.0984375 0.2984375 0.0265625 0.059375
1 0.1953125 0.21796875 0.021875 0.05
1 0.178125 0.2015625 0.0234375 0.0515625
1 0.1890625 0.18046875 0.021875 0.0453125
1 0.20859375 0.1296875 0.0171875 0.0453125
1 0.24609375 0.10625 0.01875 0.0421875
1 0.26875 0.2609375 0.0234375 0.0578125
1 0.30859375 0.1671875 0.0203125 0.0484375
1 0.309375 0.1453125 0.0171875 0.046875
1 0.32578125 0.0984375 0.0171875 0.0375
1 0.3203125 0.09140625 0.0140625 0.034375
1 0.35390625 0.05 0.0125 0.03125
1 0.35078125 0.1515625 0.0234375 0.0484375
1 0.36484375 0.14140625 0.01875 0.0453125
1 0.4015625 0.21796875 0.028125 0.05625
1 0.4171875 0.1390625 0.0171875 0.0359375
1 0.421875 0.10234375 0.0140625 0.0375
1 0.42890625 0.1015625 0.01875 0.0421875
1 0.45078125 0.10078125 0.015625 0.0390625
1 0.45625 0.06796875 0.0140625 0.034375
0 0.43046875 0.1109375 0.0046875 0.00625
1 0.6421875 0.45859375 0.00625 0.0515625
1 0.77421875 0.45546875 0.0265625 0.0546875
1 0.69296875 0.3171875 0.0234375 0.0546875
1 0.74921875 0.2984375 0.0234375 0.0484375
1 0.746875 0.25078125 0.0234375 0.0484375
1 0.73359375 0.2609375 0.015625 0.028125
1 0.73515625 0.26796875 0.01875 0.0203125
1 0.65234375 0.234375 0.01875 0.0421875
1 0.6453125 0.26796875 0.0125 0.0453125
1 0.365625 0.6796875 0.021875 0.021875
1 0.47578125 0.6953125 0.0234375 0.053125
1 0.7296875 0.70078125 0.03125 0.0640625
1 0.70390625 0.7765625 0.0328125 0.065625