1 0.190625 0.42734375 0.00625 0.0359375
1 0.16640625 0.371875 0.0078125 0.0375
1 0.21328125 0.31015625 0.00625 0.0328125
1 0.225 0.28046875 0.00625 0.0328125
1 0.2875 0.28046875 0.009375 0.028125
1 0.2828125 0.3234375 0.00625 0.028125
1 0.36015625 0.3265625 0.00625 0.034375
1 0.365625 0.30078125 0.0078125 0.03125
1 0.3625 0.2890625 0.009375 0.034375
1 0.40390625 0.28984375 0.00625 0.03125
1 0.44921875 0.2765625 0.00625 0.028125
1 0.4546875 0.32265625 0.00625 0.028125
1 0.43984375 0.34453125 0.009375 0.03125
1 0.47578125 0.440625 0.00625 0.0375
1 0.5375 0.39375 0.00625 0.03125
1 0.5203125 0.309375 0.009375 0.03125
1 0.36640625 0.4296875 0.0109375 0.0265625
1 0.35390625 0.41171875 0.00625 0.028125
1 0.35625 0.38515625 0.009375 0.0296875
1 0.3609375 0.384375 0.00625 0.028125
1 0.115625 0.328125 0.0109375 0.03125
0 0.36015625 0.3390625 0.0046875 0.0078125
1 0.57578125 0.48359375 0.0171875 0.065625
1 0.65625 0.4453125 0.0171875 0.05625
1 0.63203125 0.39765625 0.0109375 0.059375
1 0.6296875 0.33046875 0.009375 0.04375
1 0.76484375 0.2609375 0.009375 0.040625
1 0.79296875 0.35390625 0.009375 0.040625
1 0.703125 0.3640625 0.009375 0.04375
1 0.7578125 0.43125 0.0125 0.04375
1 0.7578125 0.47734375 0.0109375 0.05
1 0.7859375 0.53515625 0.0140625 0.0625
1 0.86015625 0.57421875 0.0171875 0.0296875
1 0.9875 0.5359375 0.015625 0.053125
1 0.85234375 0.4515625 0.015625 0.053125
1 0.87421875 0.55390625 0.0125 0.059375
1 0.44140625 0.85390625 0.021875 0.0875
1 0.37578125 0.69375 0.015625 0.078125
1 0.50703125 0.6625 0.01875 0.065625
1 0.38359375 0.61171875 0.0171875 0.0453125
1 0.1140625 0.6734375 0.0140625 0.084375
1 0.0734375 0.68828125 0.0171875 0.075
1 0.990625 0.6578125 0.0140625 0.0515625
1 0.94375 0.7703125 0.0140625 0.053125
1 0.97578125 0.62421875 0.0109375 0.059375
1 0.95390625 0.65546875 0.0109375 0.0515625
1 0.9125 0.65 0.0109375 0.059375
1 0.8765625 0.65546875 0.0140625 0.028125
1 0.840625 0.603125 0.0125 0.028125
1 0.853125 0.66875 0.0109375 0.05
1 0.7859375 0.73046875 0.0203125 0.05625
1 0.709375 0.79140625 0.0140625 0.0640625
1 0.69765625 0.66015625 0.0109375 0.059375
1 0.59140625 0.71328125 0.0203125 0.0734375