1 0.05546875 0.30703125 0.0359375 0.009375
1 0.1125 0.2875 0.0375 0.0109375
1 0.16953125 0.3390625 0.0328125 0.009375
1 0.19765625 0.35390625 0.0328125 0.009375
1 0.19296875 0.41640625 0.0296875 0.0125
1 0.15078125 0.4078125 0.028125 0.009375
1 0.140625 0.484375 0.034375 0.009375
1 0.165625 0.4921875 0.03125 0.0109375
1 0.17734375 0.490625 0.0359375 0.0125
1 0.17265625 0.53125 0.03125 0.009375
1 0.18203125 0.578125 0.028125 0.009375
1 0.1359375 0.5796875 0.028125 0.009375
1 0.115625 0.5625 0.0328125 0.0125
1 0.01796875 0.5890625 0.0359375 0.009375
1 0.0578125 0.65546875 0.03125 0.009375
1 0.14375 0.6453125 0.0328125 0.0125
1 0.03671875 0.48203125 0.028125 0.0140625
1 0.05625 0.47109375 0.028125 0.009375
1 0.08203125 0.47578125 0.03125 0.0125
1 0.0828125 0.48046875 0.028125 0.009375
1 0.16015625 0.240625 0.0328125 0.0140625
0 0.128125 0.48359375 0.0078125 0.00625
1 0.5578125 0.6015625 0.0578125 0.021875
1 0.6609375 0.609375 0.0296875 0.0140625
1 0.61953125 0.4390625 0.040625 0.0140625
1 0.62890625 0.41953125 0.0328125 0.0140625
1 0.7375 0.3875 0.0390625 0.0140625
1 0.70703125 0.30703125 0.040625 0.0140625
1 0.66875 0.23046875 0.04375 0.0109375
1 0.56015625 0.34453125 0.0515625 0.0203125
1 0.53359375 0.3984375 0.05 0.0140625
1 0.49765625 0.48828125 0.0359375 0.0171875
1 0.49765625 0.24296875 0.0359375 0.0203125
1 0.6140625 0.1109375 0.0546875 0.01875
1 0.6828125 0.0390625 0.0375 0.0125
1 0.57265625 0.00625 0.0546875 0.0125
1 0.73046875 0.165625 0.0328125 0.0125
1 0.77578125 0.18984375 0.0375 0.0125
1 0.20859375 0.946875 0.0625 0.021875
1 0.3578125 0.91015625 0.0578125 0.01875
1 0.44765625 0.8796875 0.0546875 0.01875
1 0.47265625 0.80859375 0.0140625 0.0140625
1 0.4203125 0.8265625 0.053125 0.015625
1 0.41484375 0.7734375 0.046875 0.015625
1 0.36953125 0.7609375 0.0578125 0.0171875
1 0.4296875 0.74453125 0.046875 0.0140625
1 0.46015625 0.75390625 0.0390625 0.0140625
1 0.62421875 0.9421875 0.0890625 0.028125
1 0.7359375 0.93046875 0.0921875 0.0296875
1 0.696875 0.8921875 0.0859375 0.025
1 0.72734375 0.7359375 0.0734375 0.028125
1 0.98046875 0.70546875 0.0390625 0.0203125
1 0.94765625 0.8671875 0.065625 0.025