1 0.24453125 0.346875 0.0359375 0.0078125
1 0.2984375 0.3734375 0.0375 0.009375
1 0.3625 0.33046875 0.0328125 0.0078125
1 0.3921875 0.31953125 0.0328125 0.0078125
1 0.39609375 0.2578125 0.028125 0.0109375
1 0.353125 0.26015625 0.028125 0.0078125
1 0.35390625 0.1828125 0.034375 0.0078125
1 0.3796875 0.17890625 0.03125 0.009375
1 0.39140625 0.18203125 0.034375 0.0109375
1 0.3921875 0.140625 0.03125 0.0078125
1 0.4078125 0.09609375 0.028125 0.0078125
1 0.3625 0.08828125 0.028125 0.0078125
1 0.33984375 0.10234375 0.03125 0.0109375
1 0.24609375 0.06171875 0.0375 0.0078125
1 0.2953125 0.003125 0.03125 0.00625
1 0.3796875 0.02421875 0.03125 0.0109375
1 0.25078125 0.17109375 0.0265625 0.0125
1 0.26796875 0.184375 0.028125 0.0078125
1 0.29453125 0.18359375 0.0296875 0.0109375
1 0.29609375 0.17890625 0.028125 0.0078125
1 0.33984375 0.4265625 0.03125 0.0125
0 0.34140625 0.18203125 0.0078125 0.0046875
1 0.9265625 0.0984375 0.0359375 0.009375
1 0.909375 0.1375 0.0375 0.0109375
1 0.8484375 0.10859375 0.040625 0.0109375
1 0.74609375 0.0890625 0.046875 0.0109375
1 0.73046875 0.1015625 0.05 0.0078125
1 0.62890625 0.13046875 0.053125 0.0109375
1 0.6234375 0.4421875 0.053125 0.0203125
1 0.69375 0.3890625 0.0515625 0.0171875
1 0.86953125 0.27109375 0.040625 0.0109375
1 0.94296875 0.30234375 0.0375 0.0125
1 0.80078125 0.4078125 0.040625 0.0109375
1 0.80390625 0.4703125 0.0421875 0.0109375
1 0.8984375 0.478125 0.0375 0.0078125
1 0.1546875 0.7265625 0.08125 0.01875
1 0.225 0.69921875 0.078125 0.025
1 0.22421875 0.796875 0.065625 0.0203125
1 0.1859375 0.99765625 0.065625 0.0046875
1 0.1171875 0.990625 0.078125 0.015625
0 0.771875 0.6640625 0.009375 0.0046875
0 0.715625 0.6890625 0.00625 0.0046875
0 0.59921875 0.72734375 0.0078125 0.003125
0 0.56015625 0.75390625 0.00625 0.0046875
0 0.6890625 0.8390625 0.009375 0.0046875
0 0.74609375 0.8328125 0.009375 0.003125
0 0.77578125 0.8 0.00625 0.003125
0 0.66875 0.89921875 0.0046875 0.003125
0 0.61640625 0.8875 0.009375 0.00625
0 0.59921875 0.921875 0.0078125 0.0046875
1 0.6765625 0.9921875 0.046875 0.0078125
1 0.65546875 0.98515625 0.04375 0.01875
1 0.6921875 0.9515625 0.046875 0.0140625
1 0.56328125 0.8125 0.053125 0.0171875
1 0.5765625 0.684375 0.0625 0.0140625
1 0.640625 0.67890625 0.053125 0.0171875
1 0.6546875 0.7265625 0.05625 0.0140625
1 0.70703125 0.6546875 0.04375 0.0125
1 0.7328125 0.77421875 0.0375 0.0140625
1 0.7265625 0.5625 0.0515625 0.0140625