1 0.25625 0.01796875 0.0703125 0.0203125
1 0.27421875 0.04140625 0.06875 0.0171875
1 0.2234375 0.078125 0.0703125 0.01875
1 0.1796875 0.10625 0.05625 0.015625
1 0.15078125 0.1296875 0.0453125 0.015625
1 0.23671875 0.184375 0.05625 0.015625
1 0.184375 0.27890625 0.0546875 0.0140625
1 0.18046875 0.2859375 0.0453125 0.0171875
1 0.13984375 0.27421875 0.04375 0.0125
1 0.13125 0.303125 0.046875 0.01875
1 0.12734375 0.403125 0.040625 0.015625
1 0.15859375 0.4296875 0.05 0.015625
1 0.271875 0.3640625 0.0609375 0.0234375
1 0.19765625 0.49921875 0.0515625 0.01875
1 0.14375 0.5 0.0515625 0.0171875
1 0.92734375 0.20859375 0.05 0.015625
1 0.87890625 0.2890625 0.040625 0.0140625
1 0.87578125 0.34140625 0.040625 0.0125
1 0.8390625 0.33984375 0.040625 0.0140625
1 0.9875 0.33671875 0.025 0.0171875
1 0.9921875 0.3078125 0.015625 0.01875
1 0.97734375 0.41875 0.0453125 0.01875
1 0.9734375 0.453125 0.053125 0.028125
1 0.85 0.54609375 0.0390625 0.01875
0 0.10078125 0.78984375 0.009375 0.0046875
1 0.31875 0.92734375 0.0640625 0.0203125
1 0.2 0.9359375 0.0484375 0.01875
1 0.12890625 0.91328125 0.05625 0.0140625
1 0.1375 0.86171875 0.053125 0.0125
1 0.15 0.7609375 0.053125 0.009375
1 0.1046875 0.790625 0.0453125 0.01875
1 0.1546875 0.74609375 0.05 0.0109375
1 0.2390625 0.7234375 0.05625 0.015625
1 0.24140625 0.7 0.0609375 0.0171875
1 0.13984375 0.6109375 0.04375 0.0109375
1 0.66328125 0.6046875 0.0484375 0.009375
1 0.75390625 0.6328125 0.0546875 0.0171875
1 0.68515625 0.75234375 0.046875 0.015625
1 0.6515625 0.76484375 0.04375 0.0125
1 0.54609375 0.75 0.0390625 0.0125
1 0.46015625 0.725 0.0390625 0.0125
1 0.44609375 0.7140625 0.0328125 0.0125
1 0.55078125 0.6859375 0.0515625 0.0140625
1 0.53359375 0.90859375 0.0390625 0.0125
1 0.60390625 0.91328125 0.0453125 0.0125
1 0.5703125 0.971875 0.0453125 0.015625
1 0.66171875 0.98515625 0.05 0.0125
1 0.4640625 0.946875 0.040625 0.015625
1 0.4828125 0.9265625 0.040625 0.0140625
1 0.5328125 0.6328125 0.04375 0.015625