1 0.13515625 0.46015625 0.0578125 0.0171875
1 0.103125 0.44453125 0.046875 0.021875
1 0.18125 0.37890625 0.0578125 0.0234375
1 0.11640625 0.2921875 0.05625 0.021875
1 0.1109375 0.2859375 0.0453125 0.0234375
1 0.07265625 0.303125 0.0453125 0.01875
1 0.06015625 0.27578125 0.046875 0.025
1 0.0421875 0.17734375 0.0421875 0.0203125
1 0.06953125 0.146875 0.0515625 0.021875
1 0.190625 0.19609375 0.0625 0.03125
1 0.0984375 0.071875 0.0515625 0.025
1 0.04453125 0.0796875 0.0515625 0.0234375
0 0.75390625 0.07109375 0.0109375 0.0078125
0 0.69921875 0.0640625 0.015625 0.009375
0 0.67734375 0.13984375 0.0109375 0.0078125
0 0.80625 0.16953125 0.01875 0.009375
0 0.83828125 0.259375 0.015625 0.009375
0 0.82265625 0.36015625 0.0140625 0.009375
0 0.9078125 0.3984375 0.0171875 0.009375
0 0.96015625 0.4421875 0.01875 0.009375
0 0.73671875 0.46640625 0.0109375 0.0046875
0 0.775 0.3984375 0.015625 0.009375
1 0.63359375 0.009375 0.0515625 0.01875
1 0.58984375 0.07265625 0.040625 0.0125
1 0.59296875 0.07734375 0.0390625 0.01875
1 0.6671875 0.18828125 0.0515625 0.0203125
1 0.646875 0.30703125 0.0390625 0.015625
1 0.72734375 0.3625 0.0484375 0.021875
1 0.76015625 0.21328125 0.0515625 0.0203125
1 0.7421875 0.1890625 0.0546875 0.021875
1 0.73828125 0.38828125 0.0421875 0.0171875
1 0.8375 0.41328125 0.05 0.01875
1 0.61171875 0.3890625 0.0359375 0.015625
1 0.29453125 0.99140625 0.0640625 0.0171875
1 0.28125 0.8734375 0.0671875 0.0296875
1 0.3734375 0.74140625 0.078125 0.0375
1 0.253125 0.77265625 0.05 0.0328125
1 0.11171875 0.83671875 0.0484375 0.021875
1 0.1921875 0.73671875 0.053125 0.028125
1 0.2296875 0.7 0.0609375 0.028125
1 0.2921875 0.6328125 0.06875 0.03125
1 0.375 0.56640625 0.08125 0.0375
1 0.2609375 0.49765625 0.0640625 0.028125
1 0.20703125 0.54296875 0.0609375 0.028125
1 0.16015625 0.5703125 0.0484375 0.025
1 0.11484375 0.6484375 0.0484375 0.0203125
1 0.59140625 0.48515625 0.0421875 0.01875
1 0.66875 0.5921875 0.0515625 0.021875
1 0.65859375 0.678125 0.0484375 0.01875
1 0.815625 0.77890625 0.0640625 0.0296875
1 0.92109375 0.78984375 0.0734375 0.0296875
1 0.825 0.87734375 0.0671875 0.0296875
1 0.7859375 0.83359375 0.0625 0.021875
1 0.7109375 0.57421875 0.0578125 0.025
0 0.80859375 0.8078125 0.0265625 0.0140625