1 0.05234375 0.121875 0.0234375 0.0578125
1 0.1390625 0.18671875 0.021875 0.05625
1 0.1453125 0.1921875 0.0234375 0.0453125
1 0.128125 0.23046875 0.01875 0.0453125
1 0.15546875 0.24296875 0.025 0.046875
1 0.25390625 0.2609375 0.0203125 0.0421875
1 0.284375 0.23359375 0.021875 0.0515625
1 0.23515625 0.1125 0.03125 0.0625
1 0.3578125 0.20390625 0.021875 0.0515625
1 0.3515625 0.25859375 0.0234375 0.0515625
0 0.559375 0.26171875 0.0078125 0.0125
1 0.40078125 0.12109375 0.0234375 0.053125
1 0.53984375 0.25078125 0.0203125 0.0421875
1 0.54375 0.27421875 0.0203125 0.0453125
1 0.678125 0.2234375 0.0234375 0.0578125
1 0.6921875 0.18203125 0.0234375 0.0546875
1 0.80390625 0.33125 0.01875 0.0375
1 0.78671875 0.34375 0.0203125 0.046875
1 0.8453125 0.29453125 0.021875 0.0515625
1 0.86171875 0.1359375 0.0296875 0.0640625
1 0.8109375 0.14453125 0.028125 0.0671875
1 0.925 0.36875 0.01875 0.0421875
1 0.95703125 0.37734375 0.015625 0.0359375
1 0.959375 0.3984375 0.021875 0.021875
1 0.21640625 0.4578125 0.0375 0.0796875
1 0.23125 0.46328125 0.0296875 0.065625
1 0.2140625 0.5796875 0.0328125 0.065625
1 0.003125 0.590625 0.00625 0.046875
1 0.00859375 0.72890625 0.0171875 0.0484375
1 0.04921875 0.69375 0.0265625 0.0515625
1 0.24296875 0.76171875 0.025 0.046875
1 0.90390625 0.53515625 0.021875 0.0515625
1 0.8625 0.6078125 0.0203125 0.0546875
1 0.8 0.60859375 0.01875 0.0453125
1 0.81640625 0.64375 0.0140625 0.0375
1 0.7640625 0.671875 0.0140625 0.0296875
1 0.71875 0.63046875 0.0171875 0.04375
1 0.66015625 0.6375 0.015625 0.0328125
1 0.70625 0.55 0.0203125 0.0515625
1 0.69453125 0.54296875 0.015625 0.046875
1 0.6859375 0.5421875 0.0203125 0.0515625
1 0.66484375 0.5609375 0.021875 0.0453125
1 0.66953125 0.59765625 0.0171875 0.0390625
1 0.61640625 0.6140625 0.015625 0.034375
1 0.6328125 0.6625 0.0140625 0.03125
1 0.6328125 0.5328125 0.0203125 0.0453125
1 0.51953125 0.5578125 0.0171875 0.0390625
1 0.41328125 0.4859375 0.0234375 0.0546875
1 0.4171875 0.5453125 0.0203125 0.0484375
1 0.503125 0.6 0.015625 0.0390625
0 0.6640625 0.57890625 0.00625 0.009375