1 0.175 0.09296875 0.090625 0.03125
1 0.23359375 0.021875 0.084375 0.025
1 0.390625 0.0421875 0.06875 0.01875
1 0.403125 0.0765625 0.053125 0.021875
1 0.3859375 0.140625 0.046875 0.0203125
1 0.3109375 0.10546875 0.0640625 0.0234375
1 0.425 0.16328125 0.0421875 0.0171875
1 0.42265625 0.196875 0.0453125 0.021875
1 0.42109375 0.2375 0.046875 0.0234375
1 0.4234375 0.290625 0.0515625 0.021875
1 0.36796875 0.31953125 0.053125 0.0203125
1 0.33828125 0.3375 0.0453125 0.0140625
1 0.28828125 0.34375 0.059375 0.01875
1 0.3015625 0.1328125 0.0578125 0.01875
0 0.6203125 0.16171875 0.0171875 0.0140625
1 0.59453125 0.3859375 0.0609375 0.0203125
1 0.6484375 0.4046875 0.0375 0.009375
1 0.71171875 0.3234375 0.0375 0.0125
1 0.6453125 0.3328125 0.040625 0.0140625
1 0.66484375 0.25703125 0.0421875 0.0203125
1 0.6125 0.2859375 0.059375 0.015625
1 0.5640625 0.27734375 0.028125 0.0171875
1 0.57734375 0.3171875 0.0546875 0.015625
1 0.59140625 0.14765625 0.05625 0.01875
1 0.62578125 0.14375 0.0609375 0.01875
1 0.57890625 0.05546875 0.0578125 0.0234375
0 0.1296875 0.4296875 0.0125 0.0078125
1 0.13984375 0.4265625 0.0375 0.0125
1 0.146875 0.43671875 0.0390625 0.0140625
1 0.12578125 0.434375 0.0453125 0.0171875
1 0.2109375 0.4765625 0.0375 0.0109375
1 0.24609375 0.47109375 0.0328125 0.0125
1 0.246875 0.509375 0.0421875 0.015625
1 0.0921875 0.59765625 0.0484375 0.015625
1 0.13828125 0.634375 0.04375 0.0109375
1 0.1390625 0.6484375 0.0421875 0.0171875
1 0.196875 0.659375 0.040625 0.0125
1 0.0609375 0.79140625 0.046875 0.0140625
1 0.02421875 0.803125 0.046875 0.01875
1 0.0171875 0.87890625 0.034375 0.0171875
1 0.0734375 0.93359375 0.0515625 0.015625
1 0.13671875 0.8921875 0.04375 0.0140625
1 0.21328125 0.83125 0.040625 0.0171875
1 0.04140625 0.9796875 0.05 0.0234375
1 0.55703125 0.434375 0.0140625 0.015625
1 0.63671875 0.528125 0.0453125 0.0203125
1 0.603125 0.50234375 0.046875 0.0203125
1 0.57421875 0.46640625 0.0421875 0.01875
1 0.56328125 0.509375 0.0265625 0.01875
1 0.59921875 0.53671875 0.0578125 0.025
1 0.67265625 0.6390625 0.046875 0.0171875
1 0.60859375 0.70078125 0.046875 0.0203125
1 0.56484375 0.675 0.0296875 0.021875