1 0.4734375 0.3046875 0.046875 0.103125
1 0.0140625 0.0265625 0.028125 0.053125
1 0.98203125 0.0515625 0.0359375 0.0875
1 0.86796875 0.03359375 0.0359375 0.0671875
1 0.72421875 0.01171875 0.0296875 0.0234375
1 0.9015625 0.2671875 0.034375 0.0859375
1 0.978125 0.37421875 0.04375 0.0515625
1 0.8203125 0.28984375 0.0359375 0.1
1 0.7828125 0.38203125 0.03125 0.0359375
1 0.66328125 0.36328125 0.0390625 0.0734375
1 0.6328125 0.32109375 0.0328125 0.0796875
1 0.60234375 0.12734375 0.0328125 0.0734375
1 0.053125 0.5578125 0.0296875 0.0625
1 0.09609375 0.55859375 0.0265625 0.0671875
1 0.1171875 0.5265625 0.025 0.0578125
1 0.1640625 0.48515625 0.0203125 0.0453125
1 0.16640625 0.46640625 0.0171875 0.0421875
1 0.17578125 0.42890625 0.0171875 0.0421875
1 0.37109375 0.48671875 0.025 0.0546875
1 0.28359375 0.48359375 0.021875 0.0484375
1 0.25390625 0.47578125 0.025 0.0484375
1 0.24609375 0.43671875 0.0203125 0.040625
1 0.3390625 0.4375 0.021875 0.053125
1 0.39609375 0.4453125 0.0234375 0.0375
1 0.4265625 0.4109375 0.01875 0.021875
1 0.4921875 0.44140625 0.021875 0.0375
1 0.9875 0.990625 0.021875 0.01875
1 0.90390625 0.87890625 0.0203125 0.040625
1 0.87421875 0.728125 0.0203125 0.0421875
1 0.796875 0.76953125 0.015625 0.04375
1 0.81015625 0.9765625 0.01875 0.0421875
1 0.78125 0.83125 0.021875 0.0515625
1 0.7203125 0.978125 0.01875 0.04375
1 0.7625 0.8859375 0.0203125 0.040625