1 0.2453125 0.4203125 0.0921875 0.0375
1 0.20859375 0.33671875 0.084375 0.03125
1 0.2203125 0.203125 0.0578125 0.021875
1 0.34140625 0.16015625 0.075 0.025
1 0.1234375 0.2734375 0.053125 0.025
1 0.05234375 0.3125 0.06875 0.0234375
1 0.03125 0.3421875 0.053125 0.0265625
1 0.0296875 0.40859375 0.046875 0.0234375
1 0.1109375 0.3953125 0.0640625 0.028125
1 0.1125 0.42421875 0.0578125 0.021875
1 0.14609375 0.00234375 0.0546875 0.0046875
1 0.8953125 0.1015625 0.0671875 0.021875
1 0.8984375 0.19140625 0.0765625 0.03125
1 0.93828125 0.36328125 0.071875 0.0328125
1 0.87578125 0.3421875 0.0703125 0.0265625
1 0.88515625 0.35859375 0.0828125 0.0265625
1 0.83984375 0.37890625 0.0703125 0.0265625
1 0.84453125 0.42890625 0.0734375 0.0296875
1 0.81171875 0.3609375 0.06875 0.0234375
1 0.8234375 0.36484375 0.0640625 0.0265625
1 0.81484375 0.303125 0.0640625 0.0265625
1 0.85625 0.30078125 0.0671875 0.0234375
1 0.85234375 0.30234375 0.0734375 0.025
1 0.86015625 0.28671875 0.0703125 0.025
1 0.85625 0.2734375 0.06875 0.021875
1 0.82109375 0.27265625 0.0671875 0.025
1 0.78125 0.496875 0.0609375 0.0375
1 0.29921875 0.55625 0.0765625 0.0125
1 0.2296875 0.64765625 0.090625 0.0375
1 0.17109375 0.65859375 0.0796875 0.0328125
1 0.0078125 0.6171875 0.015625 0.03125
1 0.0328125 0.87890625 0.065625 0.0296875
1 0.290625 0.92890625 0.1 0.0296875
1 0.403125 0.8375 0.1078125 0.040625
1 0.8375 0.9375 0.0703125 0.0296875
1 0.9578125 0.74140625 0.06875 0.0328125
1 0.71484375 0.89921875 0.0578125 0.0265625
1 0.71875 0.92578125 0.0359375 0.0328125
0 0.73046875 0.90703125 0.01875 0.0109375
1 0.82421875 0.66328125 0.0796875 0.034375
1 0.825 0.64765625 0.065625 0.028125
1 0.7109375 0.6203125 0.065625 0.03125
1 0.61796875 0.81796875 0.046875 0.0203125
1 0.55 0.9078125 0.040625 0.025
1 0.5484375 0.7296875 0.0375 0.025