1 0.40078125 0.36015625 0.075 0.0296875
1 0.1953125 0.446875 0.0921875 0.0265625
1 0.0140625 0.309375 0.028125 0.0375
1 0.02734375 0.01875 0.0546875 0.0375
1 0.090625 0.06640625 0.0828125 0.0296875
1 0.1171875 0.0546875 0.0765625 0.0234375
1 0.14765625 0.025 0.08125 0.025
1 0.1671875 0.03125 0.0765625 0.025
1 0.26484375 0.10625 0.0765625 0.028125
1 0.20234375 0.09921875 0.08125 0.0234375
1 0.19140625 0.04921875 0.06875 0.0265625
1 0.2140625 0.140625 0.0859375 0.0328125
1 0.15 0.1296875 0.0828125 0.0296875
1 0.1703125 0.121875 0.0796875 0.0203125
1 0.18359375 0.2640625 0.0953125 0.034375
1 0.33046875 0.16796875 0.06875 0.01875
1 0.32109375 0.175 0.084375 0.0171875
0 0.35859375 0.37890625 0.0265625 0.0125
0 0.6984375 0.46015625 0.0296875 0.01875
1 0.95703125 0.00546875 0.0828125 0.0109375
1 0.79453125 0.259375 0.0921875 0.034375
1 0.8390625 0.334375 0.0796875 0.028125
1 0.8296875 0.40234375 0.08125 0.0328125
1 0.7875 0.45390625 0.0953125 0.03125
1 0.89921875 0.3015625 0.0859375 0.0296875
1 0.93046875 0.253125 0.0859375 0.025
1 0.9734375 0.0140625 0.053125 0.025
1 0.5703125 0.8390625 0.059375 0.021875
1 0.41796875 0.75703125 0.0609375 0.025
1 0.33203125 0.65390625 0.0734375 0.0296875
1 0.5796875 0.665625 0.040625 0.021875
1 0.52578125 0.5125 0.0640625 0.025
1 0.58125 0.79765625 0.0375 0.0203125
1 0.80859375 0.5875 0.05 0.0171875
1 0.796875 0.60859375 0.04375 0.0140625
1 0.83515625 0.61796875 0.0375 0.0125
1 0.84453125 0.63359375 0.0390625 0.01875
1 0.8609375 0.65 0.0375 0.0125
1 0.8203125 0.68828125 0.04375 0.0125
1 0.85546875 0.70078125 0.0359375 0.0125
1 0.75546875 0.7015625 0.05 0.0140625
1 0.7703125 0.75078125 0.0515625 0.0203125
1 0.83125 0.79765625 0.0390625 0.015625
1 0.85859375 0.77109375 0.0359375 0.0125
1 0.85625 0.815625 0.0421875 0.0171875
1 0.8078125 0.86640625 0.0375 0.0109375
1 0.78125 0.828125 0.0390625 0.0140625
1 0.75625 0.94765625 0.0390625 0.0140625
1 0.70625 0.9421875 0.0484375 0.0203125
1 0.78046875 0.959375 0.0375 0.0125
1 0.8125 0.9578125 0.0421875 0.0171875
1 0.81171875 0.921875 0.040625 0.0140625
1 0.84140625 0.89296875 0.0375 0.0125