1 0.45078125 0.42421875 0.028125 0.075
1 0.575 0.2390625 0.025 0.0921875
1 0.4828125 0.025 0.034375 0.05
1 0.22109375 0.0640625 0.028125 0.0828125
1 0.2046875 0.0875 0.021875 0.0765625
1 0.16953125 0.11171875 0.0234375 0.08125
1 0.171875 0.13203125 0.0234375 0.0765625
1 0.13046875 0.1109375 0.03125 0.1015625
1 0.0984375 0.196875 0.03125 0.0921875
1 0.22734375 0.2421875 0.0265625 0.0765625
1 0.23203125 0.17890625 0.021875 0.08125
1 0.18515625 0.159375 0.0265625 0.06875
1 0.2703125 0.19921875 0.03125 0.0859375
1 0.271875 0.134375 0.028125 0.0828125
1 0.26015625 0.15234375 0.01875 0.0796875
1 0.3984375 0.19296875 0.0328125 0.0953125
1 0.27578125 0.31875 0.01875 0.06875
1 0.284375 0.3109375 0.015625 0.084375
0 0.4765625 0.38671875 0.0109375 0.025
0 0.853125 0.1671875 0.0125 0.0203125
1 0.96328125 0.11484375 0.0359375 0.084375
1 0.77890625 0.14140625 0.0359375 0.090625
1 0.875 0.29765625 0.0375 0.08125
1 0.953125 0.3328125 0.0296875 0.0734375
1 0.87109375 0.4703125 0.01875 0.0515625
1 0.83515625 0.4875 0.0171875 0.04375
1 0.7703125 0.5015625 0.015625 0.015625
1 0.68984375 0.446875 0.0203125 0.0515625
1 0.671875 0.41328125 0.0234375 0.0609375
1 0.61875 0.46875 0.0171875 0.0484375
1 0.64296875 0.36953125 0.0171875 0.0546875
1 0.76875 0.3328125 0.0203125 0.0625
0 0.09609375 0.53125 0.0109375 0.0234375
0 0.4765625 0.66328125 0.0109375 0.01875
0 0.36796875 0.65859375 0.0078125 0.0109375
1 0.0046875 0.78515625 0.009375 0.0421875
1 0.04140625 0.5234375 0.0203125 0.028125
1 0.11171875 0.55 0.015625 0.0578125
1 0.3484375 0.58515625 0.021875 0.0671875
1 0.37265625 0.634375 0.0203125 0.0640625
1 0.48671875 0.68125 0.0171875 0.0484375
1 0.590625 0.59296875 0.01875 0.0640625
1 0.51875 0.52421875 0.028125 0.0296875
1 0.44375 0.7359375 0.0140625 0.0625
1 0.37109375 0.7296875 0.0171875 0.053125
1 0.37421875 0.76875 0.01875 0.053125
1 0.609375 0.7296875 0.0171875 0.0578125
1 0.634375 0.7265625 0.0203125 0.0640625
1 0.68046875 0.8125 0.0203125 0.0515625
1 0.60390625 0.83828125 0.0078125 0.0453125
1 0.61171875 0.86875 0.0203125 0.0578125
1 0.678125 0.87421875 0.0203125 0.0484375
1 0.73125 0.91328125 0.015625 0.0453125
1 0.68671875 0.94453125 0.015625 0.0421875
1 0.815625 0.9359375 0.015625 0.0453125
1 0.82734375 0.8890625 0.01875 0.0546875
1 0.8390625 0.88203125 0.0140625 0.0453125
1 0.8671875 0.83046875 0.0234375 0.0609375
1 0.86796875 0.77578125 0.0234375 0.0578125
1 0.81171875 0.80625 0.0203125 0.0640625
1 0.7296875 0.8109375 0.0140625 0.05625