1 0.29765625 0.16484375 0.1234375 0.0359375
1 0.39921875 0.20703125 0.08125 0.025
1 0.425 0.19375 0.075 0.01875
1 0.453125 0.1625 0.0796875 0.0203125
1 0.4734375 0.16640625 0.075 0.0203125
1 0.45703125 0.1234375 0.1 0.025
1 0.546875 0.1015625 0.090625 0.0265625
1 0.57578125 0.23515625 0.075 0.0234375
1 0.5125 0.23203125 0.0796875 0.01875
1 0.4984375 0.18359375 0.0671875 0.021875
1 0.528125 0.27265625 0.084375 0.0265625
1 0.46328125 0.26640625 0.08125 0.025
1 0.4828125 0.25703125 0.078125 0.015625
1 0.50625 0.3984375 0.0953125 0.028125
1 0.64609375 0.2921875 0.0671875 0.0140625
1 0.63671875 0.3 0.084375 0.0109375
1 0.9859375 0.225 0.028125 0.025
1 0.403125 0.62421875 0.053125 0.0171875
0 0.40625 0.625 0.0140625 0.0078125
1 0.43359375 0.7109375 0.0546875 0.0109375
1 0.4515625 0.74296875 0.0546875 0.0078125
1 0.45078125 0.753125 0.0515625 0.0078125
1 0.44296875 0.75546875 0.053125 0.0078125
1 0.4453125 0.76484375 0.05 0.009375
1 0.44609375 0.78203125 0.05625 0.0109375
1 0.44609375 0.78203125 0.04375 0.0078125
1 0.46015625 0.809375 0.05 0.0078125
1 0.42890625 0.8140625 0.05 0.009375
1 0.4375 0.81875 0.0453125 0.0078125
1 0.4421875 0.85234375 0.046875 0.0109375
1 0.4359375 0.865625 0.0484375 0.0109375
1 0.4296875 0.884375 0.0578125 0.0109375
1 0.44921875 0.89453125 0.0484375 0.0109375
1 0.4390625 0.94765625 0.05625 0.0109375
1 0.41015625 0.96640625 0.0546875 0.0109375