1 0.42890625 0.0453125 0.059375 0.0234375
1 0.49765625 0.2734375 0.0234375 0.025
1 0.365625 0.1296875 0.0484375 0.021875
1 0.378125 0.2765625 0.0546875 0.0234375
1 0.253125 0.3203125 0.0640625 0.028125
1 0.35078125 0.36953125 0.059375 0.0203125
1 0.4734375 0.41171875 0.0640625 0.0203125
1 0.82109375 0.46875 0.0703125 0.021875
1 0.7953125 0.3296875 0.05 0.0203125
1 0.85859375 0.38046875 0.0578125 0.0203125
1 0.91171875 0.34140625 0.0578125 0.025
1 0.8984375 0.35390625 0.03125 0.03125
1 0.8875 0.3203125 0.0421875 0.015625
0 0.9125 0.3359375 0.0296875 0.015625
1 0.83828125 0.1875 0.0640625 0.0234375
1 0.89765625 0.18359375 0.0625 0.0265625
1 0.89921875 0.14453125 0.0640625 0.0234375
1 0.8875 0.09140625 0.0578125 0.01875
1 0.8734375 0.07265625 0.0671875 0.025
1 0.92890625 0.00703125 0.0578125 0.0140625
1 0.984375 0.00703125 0.03125 0.0140625
1 0.975 0.02421875 0.05 0.0234375
1 0.303125 0.565625 0.0515625 0.015625
1 0.2953125 0.54296875 0.0546875 0.0171875
0 0.3140625 0.540625 0.015625 0.0078125
1 0.303125 0.5328125 0.0546875 0.0171875
1 0.2796875 0.5328125 0.0484375 0.0125
1 0.43828125 0.4875 0.0640625 0.015625
1 0.40390625 0.5859375 0.0640625 0.0203125
1 0.3953125 0.62421875 0.0640625 0.0234375
1 0.46796875 0.67734375 0.059375 0.0328125
1 0.353125 0.72421875 0.065625 0.025
1 0.36328125 0.4859375 0.0453125 0.0125
1 0.41484375 0.8 0.0671875 0.028125
1 0.925 0.921875 0.1015625 0.0328125
1 0.6328125 0.875 0.0640625 0.0203125
1 0.72265625 0.81328125 0.0796875 0.03125
1 0.60859375 0.77109375 0.0640625 0.0234375
1 0.68828125 0.74140625 0.0765625 0.0296875
1 0.62421875 0.68671875 0.0578125 0.0265625
1 0.5296875 0.659375 0.040625 0.015625
1 0.51640625 0.7046875 0.0140625 0.01875
1 0.69765625 0.5859375 0.0703125 0.025
1 0.7828125 0.6984375 0.0828125 0.0296875