1 0.01484375 0.44453125 0.0296875 0.0109375
1 0.0671875 0.2703125 0.0578125 0.015625
1 0.18046875 0.21640625 0.0625 0.01875
1 0.29140625 0.203125 0.06875 0.01875
1 0.18984375 0.05703125 0.065625 0.015625
1 0.01953125 0.178125 0.0390625 0.015625
1 0.04921875 0.034375 0.053125 0.015625
1 0.403125 0.01640625 0.053125 0.0171875
1 0.415625 0.00859375 0.028125 0.0171875
0 0.74765625 0.34140625 0.0125 0.00625
1 0.76171875 0.43828125 0.053125 0.0125
1 0.7234375 0.409375 0.046875 0.009375
1 0.6640625 0.384375 0.046875 0.0109375
1 0.7375 0.34609375 0.0375 0.009375
1 0.7296875 0.33671875 0.0375 0.0109375
1 0.75078125 0.33671875 0.04375 0.0125
1 0.66171875 0.30390625 0.0375 0.0078125
1 0.62734375 0.3125 0.03125 0.009375
1 0.62265625 0.275 0.040625 0.0109375
1 0.7671875 0.17109375 0.046875 0.0109375
1 0.7171875 0.1390625 0.04375 0.00625
1 0.71484375 0.125 0.040625 0.0125
1 0.65625 0.1203125 0.040625 0.0078125
1 0.91484375 0.55234375 0.0375 0.015625
1 0.990625 0.9390625 0.01875 0.009375
1 0.95390625 0.925 0.0375 0.00625
1 0.94296875 0.87890625 0.0296875 0.00625
1 0.925 0.8796875 0.034375 0.00625
1 0.90625 0.8640625 0.025 0.00625
1 0.86328125 0.84375 0.028125 0.00625
1 0.909375 0.78984375 0.03125 0.0078125
1 0.9390625 0.7671875 0.0328125 0.00625
1 0.8953125 0.91796875 0.034375 0.00625
1 0.8828125 0.9421875 0.0234375 0.00625
1 0.9125 0.97421875 0.03125 0.009375
1 0.94296875 0.9953125 0.028125 0.00625
1 0.853125 0.99921875 0.025 0.0015625