1 0.49765625 0.47265625 0.065625 0.015625
1 0.32421875 0.59375 0.046875 0.015625
1 0.35703125 0.45 0.053125 0.015625
1 0.2390625 0.3890625 0.0625 0.0203125
1 0.34296875 0.35390625 0.0578125 0.0125
1 0.4703125 0.32890625 0.0625 0.0125
1 0.4484375 0.23359375 0.0578125 0.0171875
1 0.24140625 0.15390625 0.04375 0.01875
1 0.3484375 0.01875 0.046875 0.015625
1 0.3828125 0.03125 0.0453125 0.0125
1 0.44140625 0.0125 0.059375 0.0125
1 0.8203125 0.05234375 0.04375 0.0140625
1 0.846875 0.1046875 0.046875 0.0125
1 0.796875 0.32109375 0.040625 0.0109375
1 0.7265625 0.28515625 0.040625 0.009375
1 0.7015625 0.23125 0.040625 0.009375
1 0.6625 0.2703125 0.0296875 0.009375
1 0.67734375 0.29453125 0.028125 0.0125
1 0.67890625 0.31171875 0.03125 0.0125
1 0.6421875 0.31875 0.040625 0.0125
1 0.69140625 0.334375 0.0375 0.009375
1 0.65859375 0.4015625 0.03125 0.00625
1 0.621875 0.50546875 0.040625 0.0125
1 0.6484375 0.58828125 0.025 0.009375
1 0.728125 0.53828125 0.03125 0.0109375
1 0.8265625 0.475 0.053125 0.009375
0 0.6734375 0.3 0.009375 0.003125
1 0.34765625 0.6484375 0.10625 0.0125
1 0.34453125 0.6390625 0.115625 0.009375
1 0.31953125 0.665625 0.0890625 0.009375
1 0.321875 0.6859375 0.109375 0.0125
1 0.31953125 0.6796875 0.10625 0.0140625
1 0.3296875 0.696875 0.084375 0.0125
1 0.38671875 0.6953125 0.103125 0.0125
1 0.34140625 0.828125 0.09375 0.025
1 0.42421875 0.8609375 0.11875 0.015625
1 0.46875 0.8390625 0.10625 0.0265625
1 0.4953125 0.84921875 0.0875 0.0203125
1 0.4890625 0.88515625 0.1 0.0203125
1 0.44921875 0.90390625 0.128125 0.0203125
1 0.50390625 0.9171875 0.0703125 0.025
1 0.48046875 0.9375 0.1171875 0.021875
1 0.4859375 0.96015625 0.10625 0.0234375
0 0.66328125 0.675 0.0125 0.00625
1 0.6484375 0.66875 0.03125 0.0140625
1 0.68359375 0.95859375 0.046875 0.0109375
1 0.77265625 0.90078125 0.05 0.00625
1 0.6859375 0.92734375 0.04375 0.0125
1 0.6609375 0.83671875 0.053125 0.0078125
1 0.590625 0.7765625 0.040625 0.009375
1 0.89765625 0.7203125 0.0625 0.015625