0 0.0125 0.19140625 0.0171875 0.0109375
0 0.1546875 0.1109375 0.0203125 0.0109375
0 0.16640625 0.31796875 0.0203125 0.0109375
0 0.33828125 0.19609375 0.0125 0.0078125
0 0.43984375 0.48125 0.0171875 0.0109375
1 0.18828125 0.42109375 0.08125 0.040625
1 0.271875 0.25234375 0.06875 0.0234375
1 0.3109375 0.36484375 0.065625 0.0296875
1 0.34296875 0.315625 0.0546875 0.01875
1 0.37578125 0.33359375 0.0546875 0.021875
1 0.39921875 0.378125 0.0515625 0.01875
1 0.42109375 0.390625 0.046875 0.01875
1 0.33828125 0.39296875 0.0578125 0.025
1 0.36640625 0.46875 0.05625 0.0203125
1 0.36796875 0.51640625 0.0640625 0.0046875
0 0.55234375 0.3765625 0.0140625 0.00625
1 0.65859375 0.13359375 0.046875 0.0171875
1 0.60703125 0.32578125 0.0578125 0.01875
1 0.69921875 0.4671875 0.053125 0.015625
1 0.78515625 0.48125 0.0421875 0.0171875
1 0.54765625 0.51015625 0.0359375 0.0171875
1 0.61875 0.48515625 0.0578125 0.01875
1 0.6125 0.49375 0.0609375 0.0203125
1 0.37890625 0.56171875 0.04375 0.0140625
1 0.40546875 0.61484375 0.0328125 0.0125
1 0.30703125 0.6 0.05 0.015625
1 0.30390625 0.61328125 0.046875 0.0125
1 0.30625 0.621875 0.05 0.015625
1 0.33046875 0.63515625 0.0453125 0.0171875
1 0.3640625 0.61953125 0.0390625 0.0140625
1 0.396875 0.6640625 0.034375 0.0140625
1 0.4375 0.6328125 0.0296875 0.0109375
1 0.31484375 0.675 0.0453125 0.015625
1 0.18046875 0.75390625 0.0671875 0.028125
1 0.375 0.77421875 0.0390625 0.0140625
1 0.34140625 0.89765625 0.0546875 0.01875
1 0.396875 0.87421875 0.0484375 0.0171875
1 0.4203125 0.77578125 0.0375 0.0125
0 0.34765625 0.63046875 0.009375 0.00625
1 0.88828125 0.98515625 0.0734375 0.025
1 0.89453125 0.8953125 0.075 0.0265625
1 0.60234375 0.88671875 0.1078125 0.0375
1 0.90703125 0.54453125 0.0546875 0.01875
1 0.95703125 0.5640625 0.053125 0.015625
1 0.90703125 0.575 0.0546875 0.0171875
1 0.87109375 0.55546875 0.0203125 0.0359375
1 0.87421875 0.5515625 0.053125 0.01875
1 0.79609375 0.675 0.0765625 0.03125
1 0.853125 0.73359375 0.0703125 0.0234375
1 0.8734375 0.73671875 0.0671875 0.0234375
1 0.909375 0.68046875 0.05625 0.015625
1 0.934375 0.6875 0.0578125 0.01875
1 0.97890625 0.68203125 0.0421875 0.0109375
1 0.97734375 0.646875 0.0453125 0.01875
1 0.9671875 0.77890625 0.0609375 0.0203125
1 0.9 0.77265625 0.0703125 0.0203125