0 0.33203125 0.29765625 0.015625 0.009375
0 0.48125 0.36328125 0.01875 0.009375
0 0.47109375 0.15625 0.01875 0.009375
1 0.48203125 0.05078125 0.078125 0.0328125
1 0.56953125 0.21015625 0.0390625 0.0171875
1 0.60078125 0.25 0.0234375 0.021875
1 0.60859375 0.36796875 0.0390625 0.0265625
1 0.7515625 0.26484375 0.05625 0.01875
1 0.825 0.29765625 0.0609375 0.0140625
1 0.8359375 0.2015625 0.0640625 0.0140625
1 0.9796875 0.00390625 0.040625 0.0078125
1 0.98984375 0.19453125 0.0203125 0.0109375
1 0.98125 0.31484375 0.0375 0.0140625
1 0.4953125 0.9953125 0.040625 0.009375
1 0.3859375 0.95390625 0.05 0.0140625
1 0.4375 0.93125 0.059375 0.0171875
1 0.5421875 0.921875 0.0375 0.0078125
1 0.49453125 0.84296875 0.0453125 0.0171875
1 0.4921875 0.73828125 0.04375 0.009375
1 0.44453125 0.68828125 0.046875 0.0109375
1 0.46484375 0.65859375 0.05625 0.0171875
1 0.53515625 0.74609375 0.04375 0.0125
1 0.53828125 0.73671875 0.0453125 0.0140625
1 0.23828125 0.6390625 0.08125 0.01875
1 0.46328125 0.50390625 0.0609375 0.0078125
1 0.99375 0.89375 0.0125 0.015625
1 0.978125 0.7796875 0.04375 0.0125
1 0.92109375 0.69921875 0.053125 0.009375
1 0.91640625 0.71640625 0.046875 0.0109375
1 0.98359375 0.66171875 0.0328125 0.0140625
1 0.98203125 0.53046875 0.034375 0.0125