0 0.11796875 0.16640625 0.0109375 0.0140625
0 0.0765625 0.17578125 0.0109375 0.0140625
0 0.04609375 0.08828125 0.0109375 0.0140625
1 0.5125 0.046875 0.015625 0.053125
1 0.590625 0.1578125 0.021875 0.0578125
1 0.5796875 0.115625 0.01875 0.0546875
1 0.58828125 0.078125 0.021875 0.0578125
1 0.71328125 0.01640625 0.0171875 0.0328125
1 0.74609375 0.27265625 0.0265625 0.084375
1 0.86015625 0.21171875 0.0265625 0.0765625
1 0.90078125 0.00546875 0.0171875 0.0109375
1 0.884375 0.07421875 0.015625 0.05625
1 0.875 0.096875 0.01875 0.0578125
1 0.83203125 0.0484375 0.01875 0.0546875
1 0.825 0.021875 0.015625 0.04375
0 0.51796875 0.06953125 0.0078125 0.009375
1 0.3859375 0.50625 0.01875 0.0453125
1 0.3421875 0.4890625 0.0171875 0.0453125
1 0.30390625 0.540625 0.0171875 0.0484375
1 0.31953125 0.5984375 0.015625 0.0546875
1 0.27421875 0.55625 0.0140625 0.0453125
1 0.28828125 0.7 0.0109375 0.05
1 0.28671875 0.70859375 0.015625 0.053125
1 0.50625 0.9046875 0.01875 0.0609375
1 0.51875 0.84140625 0.0265625 0.0734375
1 0.54765625 0.871875 0.01875 0.0609375
1 0.546875 0.85859375 0.01875 0.0671875
1 0.5828125 0.8515625 0.01875 0.0609375
1 0.60546875 0.85 0.015625 0.0640625
1 0.59296875 0.80703125 0.021875 0.065625
1 0.61953125 0.8515625 0.0140625 0.059375
1 0.62578125 0.8296875 0.01875 0.0609375
1 0.715625 0.84453125 0.015625 0.0609375
1 0.73359375 0.8171875 0.0203125 0.0703125
1 0.71796875 0.7984375 0.015625 0.059375
1 0.771875 0.8171875 0.0171875 0.0671875
1 0.8046875 0.82890625 0.021875 0.065625
1 0.89921875 0.92265625 0.0203125 0.0640625
1 0.88125 0.80703125 0.021875 0.0671875