1 0.70546875 0.06484375 0.0578125 0.0234375
1 0.69140625 0.08828125 0.0609375 0.0234375
1 0.740625 0.1078125 0.0546875 0.0234375
1 0.76171875 0.11015625 0.0546875 0.0203125
1 0.740625 0.1265625 0.0625 0.025
1 0.678125 0.19375 0.0625 0.0234375
1 0.60078125 0.234375 0.0734375 0.028125
1 0.5515625 0.296875 0.0875 0.0375
1 0.44296875 0.31796875 0.090625 0.034375
1 0.66328125 0.32578125 0.0640625 0.025
1 0.68984375 0.3171875 0.0671875 0.0265625
1 0.66171875 0.2953125 0.078125 0.03125
1 0.7390625 0.23671875 0.0609375 0.025
1 0.73984375 0.22734375 0.0640625 0.021875
0 0.90390625 0.98046875 0.0171875 0.0109375
1 0.91171875 0.98671875 0.05 0.021875
1 0.83984375 0.94296875 0.0515625 0.021875
1 0.840625 0.884375 0.0546875 0.0234375
1 0.8453125 0.86640625 0.0546875 0.0234375
1 0.884375 0.85 0.046875 0.01875
1 0.71328125 0.84296875 0.0703125 0.0296875
1 0.63046875 0.8609375 0.0828125 0.0296875
1 0.46875 0.99140625 0.109375 0.0171875
1 0.74140625 0.7765625 0.0671875 0.0296875
1 0.7109375 0.72421875 0.0671875 0.0296875
1 0.73046875 0.703125 0.0734375 0.028125
1 0.74765625 0.64921875 0.0609375 0.028125
1 0.68828125 0.60390625 0.0671875 0.0265625
1 0.6390625 0.6484375 0.0734375 0.0296875