1 0.01640625 0.25703125 0.0171875 0.065625
1 0.13203125 0.2375 0.0140625 0.0609375
1 0.0875 0.33984375 0.015625 0.046875
1 0.16171875 0.33359375 0.0109375 0.0453125
1 0.1859375 0.3359375 0.009375 0.0515625
1 0.2734375 0.25546875 0.0109375 0.0625
1 0.39765625 0.2421875 0.01875 0.06875
1 0.46171875 0.1484375 0.015625 0.075
1 0.52578125 0.26875 0.015625 0.0609375
1 0.4375 0.3390625 0.015625 0.040625
1 0.41796875 0.340625 0.0109375 0.0484375
1 0.35390625 0.35859375 0.0125 0.04375
1 0.32578125 0.34765625 0.0109375 0.03125
1 0.2984375 0.34375 0.0078125 0.03125
1 0.2953125 0.36640625 0.0140625 0.03125
1 0.2765625 0.35390625 0.0125 0.0328125
1 0.31796875 0.37421875 0.00625 0.0375
0 0.3015625 0.34921875 0.0046875 0.0125
1 0.59453125 0.484375 0.0109375 0.05625
1 0.646875 0.50625 0.0125 0.025
1 0.84921875 0.47578125 0.015625 0.053125
1 0.7640625 0.4953125 0.0125 0.046875
1 0.7359375 0.5015625 0.015625 0.034375
1 0.8265625 0.5109375 0.0125 0.015625
1 0.88203125 0.50625 0.0171875 0.025
1 0.97734375 0.496875 0.015625 0.0359375
1 0.51484375 0.8328125 0.021875 0.084375
1 0.40703125 0.87578125 0.021875 0.071875
1 0.2734375 0.94140625 0.01875 0.0625
1 0.25078125 0.98671875 0.0140625 0.0265625
1 0.39453125 0.6359375 0.01875 0.084375
1 0.4453125 0.52890625 0.028125 0.0203125
1 0.31015625 0.6296875 0.0171875 0.0984375
1 0.25234375 0.54140625 0.0171875 0.0453125
1 0.14140625 0.578125 0.0234375 0.0875
1 0.1203125 0.634375 0.01875 0.078125
1 0.12734375 0.83046875 0.01875 0.071875
1 0.71640625 0.7046875 0.0140625 0.040625
1 0.6765625 0.79296875 0.00625 0.03125
1 0.74453125 0.77421875 0.00625 0.034375
1 0.77734375 0.83828125 0.00625 0.025
1 0.87265625 0.8171875 0.00625 0.0328125
1 0.8890625 0.7359375 0.009375 0.034375
1 0.81328125 0.8828125 0.00625 0.025
1 0.80390625 0.86484375 0.009375 0.0265625
1 0.80390625 0.9421875 0.009375 0.021875
1 0.84765625 0.91171875 0.0078125 0.021875
1 0.896875 0.90234375 0.00625 0.025
1 0.653125 0.92109375 0.00625 0.021875
0 0.6625 0.82421875 0.009375 0.015625
0 0.78359375 0.83046875 0.00625 0.00625
0 0.809375 0.8640625 0.00625 0.0125