1 0.08046875 0.04140625 0.0640625 0.0203125
1 0.07421875 0.165625 0.0703125 0.0296875
1 0.15703125 0.24375 0.0765625 0.0265625
1 0.0296875 0.2875 0.059375 0.025
1 0.0109375 0.5015625 0.021875 0.021875
1 0.64140625 0.4890625 0.0640625 0.034375
1 0.7140625 0.490625 0.078125 0.0359375
1 0.934375 0.48046875 0.075 0.0390625
1 0.75625 0.36875 0.0796875 0.03125
1 0.68359375 0.415625 0.0984375 0.0390625
1 0.684375 0.35 0.0921875 0.0328125
1 0.68515625 0.33359375 0.078125 0.03125
1 0.65390625 0.296875 0.0796875 0.0328125
1 0.63203125 0.271875 0.0453125 0.034375
1 0.6375 0.2546875 0.05625 0.034375
1 0.69765625 0.246875 0.0828125 0.03125
1 0.68046875 0.19296875 0.0734375 0.0265625
1 0.69375 0.15546875 0.0890625 0.0328125
1 0.64140625 0.04296875 0.0640625 0.0296875
1 0.7 0.03671875 0.078125 0.0296875
1 0.828125 0.1171875 0.090625 0.0390625
1 0.8296875 0.2046875 0.0953125 0.040625
1 0.0359375 0.57109375 0.071875 0.0265625
1 0.16328125 0.709375 0.0859375 0.0296875
1 0.20859375 0.82265625 0.09375 0.0296875
1 0.465625 0.60703125 0.10625 0.04375
1 0.0203125 0.94296875 0.040625 0.0390625
1 0.01953125 0.825 0.0390625 0.025
1 0.009375 0.90625 0.01875 0.028125
0 0.20859375 0.60546875 0.0421875 0.01875
1 0.87421875 0.984375 0.046875 0.01875
1 0.8328125 0.9578125 0.0375 0.0125
1 0.83828125 0.90859375 0.0421875 0.0203125
1 0.8625 0.8890625 0.0421875 0.0125
1 0.846875 0.86015625 0.0390625 0.015625
1 0.86015625 0.8546875 0.0453125 0.015625
1 0.85625 0.83203125 0.04375 0.0140625
1 0.8296875 0.8078125 0.0328125 0.0140625
1 0.85625 0.79921875 0.040625 0.0140625
1 0.84609375 0.78046875 0.0421875 0.015625
1 0.8890625 0.73046875 0.0484375 0.01875
1 0.9546875 0.7390625 0.0546875 0.0171875
1 0.9921875 0.7734375 0.015625 0.021875
1 0.90625 0.54140625 0.0484375 0.0203125