0 0.2046875 0.39609375 0.009375 0.015625
0 0.29765625 0.2046875 0.0046875 0.015625
0 0.20234375 0.1484375 0.009375 0.015625
0 0.17265625 0.2359375 0.0046875 0.0109375
0 0.10546875 0.1046875 0.009375 0.0171875
0 0.15234375 0.00625 0.0109375 0.0125
0 0.04296875 0.01640625 0.00625 0.0125
0 0.01796875 0.209375 0.0078125 0.015625
0 0.06484375 0.36875 0.009375 0.015625
1 0.05390625 0.14140625 0.021875 0.0421875
1 0.13671875 0.34921875 0.0171875 0.0453125
1 0.2234375 0.03203125 0.0203125 0.0484375
1 0.07265625 0.46484375 0.0140625 0.046875
1 0.03671875 0.2890625 0.0203125 0.0453125
1 0.19296875 0.26484375 0.0203125 0.0515625
0 0.61328125 0.22578125 0.0109375 0.0140625
0 0.57265625 0.21328125 0.0109375 0.0140625
0 0.5359375 0.29921875 0.0109375 0.0140625
0 0.9265625 0.33671875 0.0125 0.0171875
0 0.9625 0.49609375 0.0125 0.0203125
0 0.7609375 0.44609375 0.0125 0.0203125
0 0.82734375 0.64453125 0.0078125 0.0109375
0 0.40546875 0.2640625 0.0140625 0.01875
0 0.47265625 0.39375 0.0125 0.0171875
0 0.45625 0.6265625 0.0140625 0.0171875
1 0.65546875 0.4375 0.04375 0.0828125
1 0.79296875 0.5671875 0.0265625 0.06875
1 0.67421875 0.571875 0.0328125 0.0671875
1 0.7109375 0.61640625 0.021875 0.0546875
1 0.684375 0.63203125 0.025 0.0359375
1 0.63515625 0.6375 0.0203125 0.025
1 0.6390625 0.5890625 0.028125 0.059375
1 0.5578125 0.59375 0.0234375 0.05625
1 0.50234375 0.5796875 0.0265625 0.0640625
1 0.49375 0.49921875 0.040625 0.0765625
1 0.43046875 0.5390625 0.0296875 0.0640625
1 0.309375 0.615625 0.01875 0.053125
1 0.3078125 0.50390625 0.015625 0.0734375
1 0.31015625 0.4265625 0.0203125 0.08125
0 0.01875 0.721875 0.009375 0.0203125
1 0.01875 0.6875 0.0375 0.075
1 0.0640625 0.81875 0.028125 0.0765625
1 0.00625 0.8140625 0.0125 0.075
1 0.23984375 0.8640625 0.03125 0.0765625
1 0.2921875 0.84921875 0.015625 0.0859375
1 0.04453125 0.971875 0.0265625 0.05625
1 0.309375 0.6640625 0.01875 0.028125
1 0.4359375 0.7234375 0.0171875 0.0484375
1 0.47265625 0.66875 0.0296875 0.0375
1 0.61484375 0.68828125 0.0234375 0.0640625
1 0.77109375 0.678125 0.0265625 0.05625