0 0.02890625 0.4 0.015625 0.009375
0 0.0578125 0.26015625 0.015625 0.009375
0 0.1421875 0.20625 0.0125 0.0078125
0 0.11796875 0.10703125 0.0125 0.0078125
1 0.06640625 0.109375 0.0453125 0.01875
1 0.12578125 0.034375 0.046875 0.0171875
1 0.028125 0.07578125 0.0515625 0.0203125
1 0.08046875 0.0046875 0.0453125 0.009375
1 0.0171875 0.31875 0.034375 0.01875
1 0.14375 0.3046875 0.046875 0.0171875
1 0.00703125 0.1328125 0.0140625 0.021875
1 0.00859375 0.203125 0.0171875 0.021875
1 0.89296875 0.29921875 0.0359375 0.0140625
1 0.9515625 0.28671875 0.0390625 0.015625
1 0.99296875 0.34453125 0.0140625 0.0140625
1 0.975 0.4109375 0.028125 0.0125
1 0.99375 0.24609375 0.0125 0.0171875
1 0.07578125 0.98984375 0.0453125 0.01875
1 0.10859375 0.9859375 0.0515625 0.0203125
1 0.125 0.99375 0.053125 0.0125
1 0.1078125 0.9703125 0.0484375 0.0203125
1 0.128125 0.96328125 0.053125 0.01875
1 0.11015625 0.95390625 0.046875 0.0171875
1 0.11328125 0.95 0.0375 0.0140625
1 0.12265625 0.9484375 0.04375 0.0171875
1 0.14140625 0.90234375 0.05 0.021875
1 0.1453125 0.89453125 0.05 0.01875
1 0.115625 0.88515625 0.0484375 0.0203125
1 0.13046875 0.69921875 0.0484375 0.0234375
0 0.11796875 0.70625 0.0140625 0.0125
0 0.8484375 0.81640625 0.00625 0.0046875
1 0.81015625 0.55703125 0.0484375 0.0203125
1 0.765625 0.65703125 0.0484375 0.0203125
1 0.79375 0.65234375 0.053125 0.0203125
1 0.7859375 0.67734375 0.0421875 0.01875
1 0.759375 0.753125 0.0484375 0.021875
1 0.79375 0.73046875 0.0484375 0.0203125
1 0.81015625 0.7890625 0.0453125 0.01875
1 0.840625 0.753125 0.0390625 0.0171875
1 0.85859375 0.78515625 0.0328125 0.0140625
1 0.8703125 0.80546875 0.0328125 0.015625
1 0.77890625 0.8578125 0.0421875 0.01875
1 0.76796875 0.8265625 0.05 0.021875
1 0.69453125 0.771875 0.05 0.01875
1 0.65390625 0.86328125 0.0578125 0.025
1 0.7484375 0.98828125 0.0421875 0.01875
1 0.7796875 0.93984375 0.034375 0.0140625
1 0.81171875 0.896875 0.040625 0.0171875