0 0.1203125 0.15625 0.0140625 0.0078125
0 0.31953125 0.23515625 0.0140625 0.0078125
0 0.3671875 0.1328125 0.0140625 0.0078125
0 0.27734375 0.1109375 0.0109375 0.0046875
0 0.40234375 0.03203125 0.015625 0.0078125
0 0.50703125 0.06953125 0.015625 0.009375
0 0.1359375 0.0140625 0.0140625 0.0078125
1 0.1609375 0.08515625 0.04375 0.0125
1 0.484375 0.14296875 0.0484375 0.0171875
1 0.040625 0.03046875 0.046875 0.0109375
1 0.25 0.13359375 0.0515625 0.0171875
1 0.8484375 0.02890625 0.0625 0.0171875
1 0.7109375 0.0296875 0.05 0.0171875
1 0.6734375 0.22265625 0.046875 0.0125
1 0.62578125 0.0484375 0.0328125 0.015625
1 0.62421875 0.0265625 0.0296875 0.0125
1 0.015625 0.95078125 0.03125 0.0171875
1 0.10546875 0.83125 0.0625 0.015625
1 0.01484375 0.72109375 0.0296875 0.0234375
1 0.10546875 0.66328125 0.0546875 0.0171875
1 0.11953125 0.6484375 0.053125 0.0171875
1 0.26796875 0.6578125 0.0609375 0.0203125
1 0.31796875 0.43203125 0.0640625 0.0171875
1 0.19453125 0.41015625 0.0640625 0.0234375
1 0.0859375 0.465625 0.0484375 0.0171875
1 0.10703125 0.334375 0.0484375 0.0171875
1 0.059375 0.3125 0.046875 0.0140625
1 0.10703125 0.2484375 0.0515625 0.0171875
1 0.34296875 0.2484375 0.0796875 0.01875
1 0.328125 0.28671875 0.0765625 0.025
0 0.025 0.93125 0.0234375 0.0078125
0 0.6625 0.40234375 0.0125 0.0078125
1 0.64453125 0.39375 0.05625 0.0140625
1 0.73515625 0.45546875 0.0640625 0.0203125
1 0.715625 0.51640625 0.0578125 0.0203125
1 0.659375 0.5203125 0.05625 0.0125
1 0.63203125 0.60703125 0.0453125 0.0171875
1 0.65 0.60078125 0.0453125 0.0140625
1 0.665625 0.7703125 0.0546875 0.0203125
1 0.6609375 0.80234375 0.065625 0.015625
1 0.6921875 0.8421875 0.065625 0.021875
1 0.6203125 0.92890625 0.021875 0.0171875
1 0.728125 0.89765625 0.0703125 0.021875
1 0.6453125 0.9640625 0.0671875 0.01875
1 0.61796875 0.97421875 0.0171875 0.0203125