0 0.40625 0.1015625 0.00625 0.009375
0 0.3625 0.01328125 0.0046875 0.00625
0 0.25625 0.08671875 0.00625 0.009375
0 0.11796875 0.06328125 0.00625 0.009375
0 0.0640625 0.15234375 0.00625 0.009375
0 0.04140625 0.09921875 0.0078125 0.0140625
1 0.12421875 0.22265625 0.0234375 0.0703125
1 0.084375 0.46328125 0.028125 0.0984375
1 0.25078125 0.0140625 0.0140625 0.028125
1 0.28203125 0.03125 0.0203125 0.0625
1 0.315625 0.04609375 0.0171875 0.0609375
1 0.34296875 0.09921875 0.0234375 0.075
1 0.41328125 0.19453125 0.01875 0.0875
1 0.39375 0.2234375 0.0265625 0.0875
1 0.375 0.3890625 0.028125 0.0921875
1 0.32421875 0.16953125 0.0265625 0.0703125
1 0.24765625 0.15859375 0.0203125 0.0734375
1 0.2296875 0.0390625 0.01875 0.0578125
1 0.16953125 0.06015625 0.0171875 0.059375
1 0.51875 0.23125 0.0203125 0.0640625
1 0.5796875 0.21171875 0.01875 0.0578125
1 0.584375 0.15625 0.0109375 0.05625
1 0.62890625 0.065625 0.009375 0.053125
1 0.675 0.034375 0.015625 0.04375
1 0.7015625 0.06015625 0.015625 0.0484375
1 0.67265625 0.12734375 0.015625 0.05
1 0.665625 0.1484375 0.0125 0.0453125
1 0.834375 0.1671875 0.01875 0.0546875
1 0.86640625 0.16328125 0.0140625 0.065625
1 0.90625 0.19453125 0.0203125 0.065625
1 0.9140625 0.07109375 0.0140625 0.0484375
1 0.9375 0.034375 0.0125 0.04375
1 0.990625 0.08046875 0.0125 0.05
1 0.99296875 0.1078125 0.0140625 0.053125
1 0.96015625 0.23125 0.0203125 0.0703125
1 0.46640625 0.93515625 0.0125 0.046875
1 0.42421875 0.9546875 0.0125 0.04375
1 0.3078125 0.978125 0.015625 0.04375
1 0.34609375 0.89453125 0.009375 0.040625
1 0.3515625 0.88828125 0.0125 0.040625
1 0.409375 0.84921875 0.015625 0.0359375
1 0.44140625 0.85625 0.0171875 0.0421875
1 0.3875 0.82265625 0.015625 0.0375
1 0.228125 0.8515625 0.0140625 0.03125
1 0.1984375 0.8609375 0.0125 0.040625
1 0.10625 0.92421875 0.0125 0.0375
1 0.09296875 0.928125 0.0109375 0.034375
0 0.0015625 0.90859375 0.003125 0.0140625
1 0.490625 0.69453125 0.0171875 0.059375
1 0.490625 0.68125 0.0171875 0.065625
1 0.5265625 0.67421875 0.0171875 0.059375
1 0.54921875 0.6734375 0.0140625 0.0640625
1 0.53828125 0.63046875 0.0203125 0.065625
1 0.56328125 0.67578125 0.0125 0.059375
1 0.5703125 0.65390625 0.0171875 0.059375
1 0.659375 0.671875 0.0140625 0.0609375
1 0.678125 0.64609375 0.0171875 0.06875
1 0.66328125 0.6265625 0.0140625 0.059375
1 0.71640625 0.646875 0.015625 0.065625
1 0.74921875 0.659375 0.0203125 0.065625
1 0.840625 0.75703125 0.01875 0.0640625
1 0.978125 0.80390625 0.021875 0.0828125
1 0.8265625 0.640625 0.0203125 0.0671875