0 0.5109375 0.11015625 0.0109375 0.0078125
0 0.56015625 0.25234375 0.0109375 0.0078125
0 0.5390625 0.4546875 0.0109375 0.0078125
1 0.48515625 0.57890625 0.0828125 0.028125
1 0.45703125 0.4125 0.0703125 0.0296875
1 0.23125 0.5046875 0.0984375 0.0375
1 0.56171875 0.1859375 0.0140625 0.021875
1 0.528125 0.17109375 0.075 0.0296875
1 0.41953125 0.12421875 0.0890625 0.0265625
1 0.3953125 0.15 0.0875 0.0328125
1 0.321875 0.06875 0.0828125 0.0328125
1 0.23828125 0.2046875 0.0921875 0.0359375
1 0.4640625 0.20546875 0.071875 0.0328125
1 0.49140625 0.2765625 0.0734375 0.0265625
1 0.60078125 0.1453125 0.0640625 0.028125
1 0.65546875 0.1046875 0.08125 0.034375
1 0.6734375 0.20078125 0.0671875 0.028125
1 0.73828125 0.41484375 0.0640625 0.025
1 0.67578125 0.4125 0.0671875 0.025
1 0.60625 0.4109375 0.075 0.025
1 0.6109375 0.4265625 0.084375 0.025
1 0.64609375 0.4640625 0.078125 0.0390625
1 0.64296875 0.509375 0.084375 0.034375
1 0.68984375 0.4859375 0.0796875 0.0265625
1 0.71875 0.49453125 0.0796875 0.03125
1 0.7703125 0.57578125 0.0640625 0.025
1 0.71015625 0.6078125 0.0484375 0.021875
1 0.725 0.60546875 0.059375 0.0265625
0 0.81171875 0.5765625 0.0328125 0.0140625
1 0.5453125 0.67109375 0.046875 0.0234375
1 0.45 0.65 0.0734375 0.03125
1 0.4515625 0.85859375 0.071875 0.0265625
1 0.52421875 0.884375 0.0640625 0.025
1 0.54609375 0.99609375 0.0453125 0.0078125
1 0.7546875 0.86875 0.0359375 0.0140625
1 0.6953125 0.85703125 0.0421875 0.0203125
1 0.67265625 0.76796875 0.0484375 0.0171875
1 0.5828125 0.73359375 0.028125 0.0203125
1 0.6515625 0.9265625 0.0515625 0.021875
1 0.68203125 0.928125 0.0484375 0.0171875
1 0.7609375 0.98671875 0.034375 0.0109375
1 0.61640625 0.99296875 0.0546875 0.0140625
1 0.58984375 0.9546875 0.0421875 0.01875
0 0.59609375 0.7265625 0.0203125 0.009375