0 0.465625 0.4453125 0.009375 0.00625
0 0.559375 0.4140625 0.00625 0.0046875
0 0.5015625 0.29921875 0.009375 0.00625
0 0.54375 0.165625 0.009375 0.00625
0 0.46328125 0.1 0.009375 0.00625
0 0.51875 0.08515625 0.0140625 0.0078125
1 0.38515625 0.14921875 0.0703125 0.0234375
1 0.15234375 0.0765625 0.0984375 0.028125
1 0.5796875 0.30546875 0.040625 0.0140625
1 0.553125 0.33359375 0.065625 0.0203125
1 0.5328125 0.36328125 0.0609375 0.0171875
1 0.4765625 0.38359375 0.075 0.0234375
1 0.37265625 0.43984375 0.0875 0.01875
1 0.346875 0.415625 0.0875 0.0265625
1 0.28046875 0.49453125 0.0828125 0.0109375
1 0.18515625 0.375 0.0921875 0.028125
1 0.41015625 0.3546875 0.0703125 0.0265625
1 0.43125 0.28125 0.0734375 0.0203125
1 0.55234375 0.27890625 0.0578125 0.01875
1 0.5390625 0.2171875 0.059375 0.0171875
1 0.61484375 0.3484375 0.0296875 0.015625
1 0.61875 0.34140625 0.0375 0.0140625
1 0.62578125 0.31328125 0.0515625 0.0171875
1 0.6796875 0.29609375 0.0453125 0.0203125
1 0.61875 0.41328125 0.0375 0.0140625
1 0.6265625 0.4390625 0.0484375 0.0125
1 0.628125 0.45390625 0.05625 0.0203125
1 0.82421875 0.4140625 0.040625 0.015625
0 0.81015625 0.409375 0.009375 0.00625
1 0.2734375 0.5328125 0.0734375 0.0203125
1 0.26484375 0.5734375 0.0671875 0.0203125
1 0.08125 0.95 0.0734375 0.028125
1 0.26484375 0.87890625 0.071875 0.0171875
1 0.253125 0.86171875 0.0734375 0.0265625
1 0.38828125 0.8375 0.0609375 0.0203125
1 0.44921875 0.80546875 0.0640625 0.01875
1 0.53046875 0.68046875 0.0546875 0.01875
1 0.39140625 0.62734375 0.0578125 0.01875
1 0.11796875 0.77265625 0.0828125 0.025
1 0.1484375 0.70625 0.0796875 0.01875
1 0.19375 0.690625 0.0859375 0.025
1 0.03515625 0.78125 0.0703125 0.03125
1 0.00859375 0.7796875 0.0171875 0.021875
1 0.80078125 0.9125 0.0859375 0.025
1 0.91640625 0.6671875 0.0609375 0.0203125
1 0.9015625 0.52265625 0.065625 0.0171875
1 0.97578125 0.54921875 0.0484375 0.0203125
1 0.99140625 0.740625 0.0171875 0.0125