1 0.19609375 0.51328125 0.0734375 0.0109375
1 0.1671875 0.45859375 0.059375 0.0296875
1 0.13515625 0.5078125 0.0640625 0.021875
1 0.0890625 0.5046875 0.0421875 0.01875
1 0.07890625 0.5078125 0.0484375 0.0203125
1 0.06171875 0.5015625 0.0625 0.028125
1 0.00625 0.46171875 0.0125 0.0234375
1 0.01875 0.36953125 0.0375 0.0234375
1 0.0125 0.340625 0.025 0.028125
1 0.07109375 0.346875 0.065625 0.0328125
1 0.0203125 0.2921875 0.040625 0.025
1 0.06328125 0.23671875 0.053125 0.0265625
1 0.01484375 0.0265625 0.0296875 0.028125
1 0.2390625 0.128125 0.071875 0.0328125
1 0.5375 0.43359375 0.015625 0.0265625
1 0.5140625 0.92109375 0.03125 0.0359375
1 0.32578125 0.89921875 0.0640625 0.0234375
1 0.3390625 0.7421875 0.0640625 0.0265625
1 0.425 0.6875 0.0703125 0.0234375
1 0.41640625 0.68515625 0.0671875 0.0234375
1 0.88984375 0.58671875 0.0640625 0.0265625
1 0.821875 0.6140625 0.065625 0.0234375
1 0.78984375 0.67265625 0.0640625 0.0234375
1 0.80703125 0.72109375 0.059375 0.028125
1 0.7875 0.95703125 0.0390625 0.0171875