1 0.19765625 0.39453125 0.06875 0.0203125
1 0.36328125 0.440625 0.071875 0.01875
1 0.12890625 0.375 0.0671875 0.0203125
1 0.17734375 0.27734375 0.071875 0.0171875
1 0.15625 0.2109375 0.05625 0.021875
1 0.11875 0.25625 0.0625 0.0140625
1 0.07578125 0.3 0.0625 0.0140625
1 0.07265625 0.24609375 0.040625 0.0140625
1 0.0625 0.2484375 0.046875 0.0140625
1 0.04609375 0.2390625 0.059375 0.0203125
1 0.0203125 0.10234375 0.040625 0.0171875
1 0.015625 0.06953125 0.03125 0.0203125
1 0.07734375 0.0875 0.0625 0.0234375
1 0.0265625 0.02421875 0.053125 0.0171875
1 0.7359375 0.025 0.040625 0.0140625
1 0.640625 0.14375 0.0359375 0.009375
1 0.6578125 0.1828125 0.0375 0.0109375
1 0.71875 0.15390625 0.040625 0.0109375
1 0.82109375 0.134375 0.046875 0.0109375
1 0.83671875 0.146875 0.05 0.0078125
1 0.93828125 0.17578125 0.053125 0.0109375
1 0.8734375 0.434375 0.0515625 0.0171875
1 0.69765625 0.31640625 0.040625 0.0109375
1 0.62421875 0.34765625 0.0375 0.0125
1 0.76640625 0.453125 0.040625 0.0109375
0 0.22421875 0.7046875 0.021875 0.0125
1 0.14765625 0.91875 0.075 0.01875
1 0.2375 0.8859375 0.0875 0.0265625
1 0.41953125 0.7515625 0.0984375 0.028125
1 0.25625 0.6953125 0.08125 0.021875
1 0.228125 0.7234375 0.071875 0.015625
1 0.221875 0.671875 0.065625 0.021875
1 0.225 0.6609375 0.053125 0.0234375
1 0.13046875 0.76796875 0.08125 0.0203125
1 0.04765625 0.63984375 0.06875 0.021875
1 0.77578125 0.70703125 0.071875 0.01875
1 0.61484375 0.61640625 0.05625 0.0203125
1 0.64609375 0.53828125 0.0625 0.0234375
1 0.60078125 0.5203125 0.05625 0.0171875
1 0.55234375 0.5625 0.059375 0.0203125
1 0.5171875 0.67578125 0.015625 0.0140625
1 0.51953125 0.70390625 0.0203125 0.0171875
1 0.63828125 0.74296875 0.053125 0.01875
1 0.53984375 0.7671875 0.04375 0.0140625
1 0.51484375 0.8046875 0.0109375 0.01875
1 0.6875 0.99765625 0.0625 0.0046875
1 0.584375 0.99609375 0.05 0.0078125