1 0.296875 0.04140625 0.0734375 0.0265625
1 0.3265625 0.10390625 0.059375 0.0296875
1 0.3421875 0.05390625 0.034375 0.0234375
1 0.2546875 0.434375 0.071875 0.0328125
1 0.409375 0.10546875 0.090625 0.03125
1 0.4328125 0.19375 0.0859375 0.028125
1 0.53125 0.0796875 0.0828125 0.0265625
1 0.60546875 0.103125 0.0640625 0.025
1 0.61640625 0.075 0.059375 0.03125
1 0.7109375 0.20390625 0.0609375 0.021875
1 0.703125 0.1609375 0.0515625 0.0203125
1 0.64921875 0.234375 0.0640625 0.021875
1 0.75234375 0.37734375 0.0375 0.015625
1 0.76015625 0.39921875 0.05625 0.01875
1 0.790625 0.38359375 0.0390625 0.015625
1 0.83046875 0.384375 0.0421875 0.0171875
1 0.80703125 0.54296875 0.0484375 0.0140625
1 0.7375 0.49609375 0.0515625 0.0203125
1 0.58125 0.465625 0.059375 0.025
0 0.1828125 0.7484375 0.0265625 0.0140625
1 0.2328125 0.58671875 0.0765625 0.028125
1 0.26015625 0.58671875 0.0859375 0.0296875
1 0.14140625 0.76015625 0.1015625 0.0328125
1 0.2859375 0.7390625 0.0734375 0.028125
1 0.33359375 0.81953125 0.0515625 0.0265625
1 0.2921875 0.98046875 0.0890625 0.03125
1 0.4265625 0.90390625 0.034375 0.015625
1 0.4421875 0.88984375 0.05625 0.01875
1 0.446875 0.88203125 0.05625 0.0203125
1 0.5828125 0.86171875 0.05 0.015625
1 0.6421875 0.91953125 0.0390625 0.015625
1 0.64609375 0.95546875 0.0390625 0.015625
1 0.5625 0.97734375 0.0453125 0.0171875
1 0.5671875 0.965625 0.0453125 0.0203125
1 0.55703125 0.58984375 0.0453125 0.01875