1 0.4953125 0.22578125 0.046875 0.0265625
1 0.490625 0.26171875 0.05625 0.0234375
1 0.475 0.2734375 0.053125 0.015625
1 0.46640625 0.3359375 0.0484375 0.021875
1 0.39140625 0.4078125 0.0578125 0.01875
1 0.35703125 0.20546875 0.0453125 0.0203125
1 0.3953125 0.22265625 0.046875 0.0203125
1 0.43203125 0.2515625 0.0421875 0.01875
1 0.4453125 0.203125 0.0515625 0.0203125
1 0.3921875 0.18828125 0.0578125 0.025
1 0.296875 0.10625 0.046875 0.0171875
1 0.34609375 0.03046875 0.046875 0.0203125
1 0.41015625 0.04140625 0.0640625 0.0234375
0 0.778125 0.42890625 0.0125 0.0078125
1 0.91484375 0.04375 0.0546875 0.01875
1 0.86796875 0.17734375 0.0546875 0.0171875
1 0.896875 0.2515625 0.0328125 0.01875
1 0.821875 0.28515625 0.0453125 0.0203125
1 0.740625 0.28828125 0.0421875 0.0171875
1 0.72109375 0.23828125 0.03125 0.0265625
1 0.7234375 0.2171875 0.0375 0.0140625
1 0.7078125 0.1828125 0.0484375 0.01875
1 0.728125 0.05859375 0.0296875 0.01875
1 0.67578125 0.0203125 0.0421875 0.0140625
1 0.79921875 0.22421875 0.0421875 0.0140625
1 0.82109375 0.22421875 0.0296875 0.015625
1 0.81171875 0.153125 0.053125 0.021875
0 0.153125 0.4859375 0.0203125 0.0109375
1 0.1734375 0.5015625 0.053125 0.015625
1 0.08984375 0.55 0.0453125 0.0171875
1 0.115625 0.6984375 0.05 0.01875
1 0.04375 0.7234375 0.0390625 0.0140625
1 0.01875 0.68359375 0.0375 0.0140625
1 0.01484375 0.76796875 0.0296875 0.0171875
1 0.01640625 0.74296875 0.0328125 0.0140625
1 0.11015625 0.78515625 0.0484375 0.015625
1 0.0140625 0.83359375 0.028125 0.0140625
1 0.01484375 0.8453125 0.0296875 0.0125
1 0.078125 0.87578125 0.053125 0.0125
1 0.2078125 0.871875 0.0484375 0.01875
1 0.11328125 0.95078125 0.0453125 0.0171875
1 0.671875 0.89453125 0.075 0.0328125
1 0.65625 0.79609375 0.08125 0.034375
1 0.53359375 0.7296875 0.0296875 0.028125
1 0.85859375 0.8515625 0.1 0.03125