1 0.16796875 0.53046875 0.0765625 0.0171875
1 0.22109375 0.5875 0.05625 0.021875
1 0.23046875 0.621875 0.065625 0.0171875
1 0.253125 0.63125 0.053125 0.0109375
1 0.353125 0.546875 0.03125 0.015625
1 0.325 0.56953125 0.0453125 0.0171875
1 0.2921875 0.603125 0.040625 0.0140625
1 0.27265625 0.55703125 0.05 0.015625
1 0.3234375 0.53515625 0.05625 0.0203125
1 0.34609375 0.37265625 0.0453125 0.0171875
1 0.28515625 0.3921875 0.0625 0.0171875
1 0.278125 0.3 0.05625 0.0125
1 0.2125 0.309375 0.053125 0.0140625
1 0.1125 0.3125 0.06875 0.0203125
1 0.3140625 0.02578125 0.0484375 0.0140625
1 0.23828125 0.0234375 0.05625 0.015625
0 0.1953125 0.578125 0.015625 0.009375
1 0.6234375 0.4609375 0.0625 0.0171875
1 0.6953125 0.62890625 0.05 0.0140625
1 0.70625 0.571875 0.059375 0.0171875
1 0.75234375 0.4890625 0.059375 0.0171875
1 0.76640625 0.303125 0.04375 0.0109375
1 0.70546875 0.26796875 0.05 0.0109375
1 0.7890625 0.28046875 0.040625 0.0125
1 0.71875 0.15234375 0.053125 0.0109375
1 0.675 0.10390625 0.053125 0.0109375
1 0.69765625 0.04765625 0.046875 0.0140625
1 0.73671875 0.0234375 0.04375 0.0125
1 0.7296875 0.084375 0.040625 0.0078125
1 0.725 0.109375 0.04375 0.0140625
1 0.74609375 0.11328125 0.04375 0.015625
1 0.77890625 0.0703125 0.046875 0.0140625
1 0.79921875 0.1515625 0.04375 0.009375
1 0.815625 0.13125 0.0375 0.00625
1 0.0546875 0.975 0.059375 0.0140625
1 0.64375 0.74765625 0.0375 0.0125
1 0.6140625 0.72421875 0.0375 0.0109375
1 0.6484375 0.7109375 0.040625 0.0109375
1 0.6375 0.69921875 0.0265625 0.00625
1 0.65078125 0.6546875 0.0265625 0.00625
1 0.69296875 0.6484375 0.034375 0.0046875
1 0.6015625 0.64375 0.034375 0.009375
1 0.5125 0.665625 0.040625 0.00625
1 0.68515625 0.9140625 0.025 0.00625
1 0.82265625 0.9265625 0.025 0.0109375
0 0.68125 0.97265625 0.015625 0.00625