1 0.16640625 0.11796875 0.0578125 0.025
1 0.97265625 0.0609375 0.0546875 0.0375
1 0.77421875 0.08046875 0.046875 0.01875
1 0.6875 0.05625 0.0328125 0.0140625
1 0.68828125 0.15 0.028125 0.0140625
1 0.709375 0.17109375 0.0390625 0.0171875
0 0.203125 0.79140625 0.034375 0.0203125
1 0.296875 0.640625 0.075 0.0390625
1 0.33515625 0.34140625 0.08125 0.0390625
1 0.103125 0.325 0.0734375 0.03125
1 0.08125 0.33828125 0.0640625 0.0265625
1 0.021875 0.35078125 0.04375 0.0328125
1 0.01015625 0.35625 0.0203125 0.021875
1 0.14296875 0.5765625 0.05 0.0265625
1 0.0890625 0.6453125 0.0609375 0.040625
1 0.075 0.68984375 0.0671875 0.034375
1 0.01015625 0.9796875 0.0203125 0.03125
1 0.771875 0.98828125 0.078125 0.0234375
1 0.721875 0.98671875 0.071875 0.0265625
1 0.6984375 0.98203125 0.065625 0.0359375
1 0.8171875 0.8609375 0.0875 0.0453125
1 0.8203125 0.8171875 0.0875 0.04375
1 0.7609375 0.78828125 0.0828125 0.03125
1 0.759375 0.7625 0.0734375 0.0328125
1 0.9546875 0.6 0.090625 0.046875
1 0.96640625 0.53671875 0.0671875 0.0453125
1 0.8390625 0.46171875 0.0890625 0.0390625
1 0.86171875 0.4375 0.078125 0.040625
1 0.7125 0.56484375 0.065625 0.0265625
1 0.78046875 0.39453125 0.0828125 0.0359375
1 0.81484375 0.3359375 0.09375 0.053125
1 0.8875 0.26171875 0.071875 0.034375
1 0.95078125 0.2640625 0.0984375 0.046875
0 0.73828125 0.98515625 0.0140625 0.0125