0 0.12265625 0.00703125 0.0109375 0.0078125
0 0.221875 0.0359375 0.0109375 0.0078125
0 0.11875 0.11875 0.01875 0.0109375
0 0.12890625 0.21328125 0.015625 0.009375
0 0.1875 0.296875 0.0140625 0.009375
0 0.128125 0.36953125 0.0171875 0.009375
0 0.1 0.43203125 0.01875 0.0109375
0 0.23828125 0.47578125 0.0171875 0.009375
0 0.36015625 0.47890625 0.0109375 0.0078125
0 0.31171875 0.35703125 0.0109375 0.0078125
0 0.246875 0.3109375 0.015625 0.009375
1 0.2515625 0.075 0.0515625 0.021875
1 0.321875 0.17265625 0.0375 0.0171875
1 0.27421875 0.2578125 0.0484375 0.0234375
1 0.1796875 0.13828125 0.0515625 0.021875
1 0.18515625 0.10859375 0.0546875 0.0234375
1 0.275 0.2859375 0.0421875 0.01875
1 0.19765625 0.3515625 0.05 0.0203125
1 0.32578125 0.42734375 0.040625 0.0171875
1 0.38671875 0.43359375 0.034375 0.0171875
1 0.38984375 0.23046875 0.0359375 0.0171875
1 0.86953125 0.48125 0.0828125 0.0375
1 0.7421875 0.36328125 0.096875 0.0390625
1 0.790625 0.23515625 0.071875 0.034375
1 0.87734375 0.22578125 0.071875 0.034375
1 0.9578125 0.2375 0.0640625 0.0296875
1 0.9859375 0.11875 0.028125 0.025
1 0.91015625 0.16484375 0.0515625 0.025
1 0.94921875 0.07109375 0.0609375 0.0296875
1 0.92578125 0.06640625 0.046875 0.025
1 0.8171875 0.046875 0.0671875 0.0296875
1 0.80625 0.0609375 0.0671875 0.03125
1 0.6078125 0.0296875 0.09375 0.046875
0 0.84375 0.47265625 0.0296875 0.021875
1 0.30859375 0.8828125 0.071875 0.0359375
1 0.37890625 0.88046875 0.0640625 0.0296875
1 0.43828125 0.78671875 0.0578125 0.025
1 0.29375 0.753125 0.0765625 0.0328125
1 0.29140625 0.55546875 0.0828125 0.0375
1 0.06640625 0.5484375 0.1109375 0.05
1 0.4515625 0.9109375 0.065625 0.0296875
1 0.45859375 0.946875 0.0609375 0.028125
1 0.46796875 0.96640625 0.0421875 0.0234375
1 0.475 0.98359375 0.028125 0.0203125
1 0.871875 0.79375 0.0484375 0.0234375
1 0.86875 0.6953125 0.053125 0.0234375
1 0.87109375 0.68515625 0.0421875 0.0234375
1 0.91171875 0.7015625 0.0515625 0.021875
1 0.903125 0.6328125 0.0484375 0.0234375
1 0.88515625 0.61796875 0.0421875 0.01875
1 0.8703125 0.54609375 0.040625 0.01875
1 0.82109375 0.559375 0.05625 0.0234375