0 0.42578125 0.58515625 0.01875 0.009375
0 0.46875 0.509375 0.0171875 0.0078125
0 0.42421875 0.3984375 0.0109375 0.0078125
0 0.478125 0.4046875 0.015625 0.009375
0 0.49921875 0.328125 0.0109375 0.0078125
0 0.36953125 0.3015625 0.01875 0.009375
0 0.3359375 0.21171875 0.015625 0.009375
0 0.34921875 0.1109375 0.0140625 0.009375
0 0.2640625 0.07421875 0.0171875 0.009375
0 0.2109375 0.03125 0.01875 0.009375
0 0.43359375 0.00234375 0.0109375 0.0046875
0 0.396875 0.07109375 0.015625 0.009375
0 0.55625 0.55390625 0.015625 0.009375
1 0.4125 0.51953125 0.0578125 0.0234375
1 0.4078125 0.49296875 0.053125 0.01875
1 0.5453125 0.45859375 0.0515625 0.0203125
1 0.5296875 0.4984375 0.053125 0.0203125
1 0.49765625 0.54453125 0.05625 0.028125
1 0.5875 0.39453125 0.040625 0.0140625
1 0.584375 0.38984375 0.0390625 0.01875
1 0.5078125 0.2796875 0.0515625 0.0203125
1 0.5265625 0.1609375 0.0390625 0.015625
1 0.44453125 0.10703125 0.0484375 0.0234375
1 0.41484375 0.25625 0.0515625 0.0203125
1 0.43359375 0.28046875 0.0546875 0.021875
1 0.43359375 0.08125 0.0421875 0.01875
1 0.334375 0.0578125 0.05 0.0203125
1 0.56015625 0.078125 0.0359375 0.0171875
1 0.51328125 0.59453125 0.0640625 0.025
1 0.696875 0.10390625 0.0546875 0.025
1 0.63984375 0.25859375 0.0203125 0.0265625
1 0.71328125 0.26328125 0.059375 0.03125
1 0.746875 0.23671875 0.0453125 0.01875
1 0.7921875 0.2 0.0609375 0.025
1 0.81484375 0.2328125 0.0421875 0.01875
1 0.846875 0.27421875 0.040625 0.0171875
1 0.8265625 0.31171875 0.0421875 0.01875
1 0.8421875 0.3296875 0.0421875 0.01875
1 0.834375 0.47734375 0.0546875 0.0265625
1 0.8859375 0.5359375 0.0453125 0.021875
1 0.8375 0.5296875 0.0484375 0.025
1 0.8421875 0.57421875 0.0578125 0.028125
1 0.76640625 0.58046875 0.0578125 0.028125
1 0.6796875 0.61171875 0.06875 0.0140625
1 0.6875 0.48515625 0.059375 0.034375
0 0.86640625 0.26953125 0.0203125 0.0140625
1 0.22890625 0.66875 0.0515625 0.0234375
1 0.26953125 0.79140625 0.0625 0.03125
1 0.33359375 0.78359375 0.0578125 0.025
1 0.33984375 0.734375 0.0578125 0.028125
1 0.39765625 0.79609375 0.04375 0.0265625
1 0.40625 0.67578125 0.0421875 0.021875
1 0.4421875 0.88125 0.0484375 0.025
1 0.35859375 0.91796875 0.0640625 0.0296875
1 0.4609375 0.971875 0.0421875 0.021875
1 0.51796875 0.90859375 0.0421875 0.01875
1 0.5046875 0.90703125 0.0390625 0.0171875
0 0.49296875 0.921875 0.0171875 0.009375
1 0.70703125 0.76875 0.0546875 0.0265625
1 0.70703125 0.68125 0.0484375 0.0234375
1 0.71328125 0.6515625 0.0484375 0.025
1 0.75234375 0.64296875 0.040625 0.0203125
1 0.7546875 0.73515625 0.053125 0.0234375
1 0.74921875 0.7921875 0.0375 0.025
1 0.79453125 0.821875 0.0421875 0.0203125
1 0.76484375 0.921875 0.046875 0.025
1 0.75625 0.88828125 0.0390625 0.0234375
1 0.8078125 0.971875 0.04375 0.028125
1 0.8046875 0.728125 0.028125 0.0125
1 0.80703125 0.7359375 0.03125 0.0125
1 0.80234375 0.74453125 0.028125 0.0125
1 0.7984375 0.678125 0.025 0.0171875
0 0.79453125 0.68515625 0.0125 0.0078125