0 0.4625 0.07421875 0.0109375 0.01875
0 0.3859375 0.0328125 0.009375 0.0171875
0 0.27578125 0.0796875 0.0078125 0.0109375
0 0.28125 0.025 0.009375 0.015625
0 0.2046875 0.00546875 0.0078125 0.0109375
0 0.1796875 0.1359375 0.0109375 0.01875
0 0.09140625 0.17109375 0.009375 0.015625
1 0.39765625 0.0890625 0.025 0.0578125
1 0.3703125 0.09375 0.01875 0.053125
1 0.41953125 0.015625 0.0296875 0.03125
1 0.1546875 0.01171875 0.021875 0.0234375
1 0.13359375 0.090625 0.021875 0.0515625
1 0.1578125 0.071875 0.0234375 0.0546875
1 0.46875 0.00859375 0.021875 0.0171875
0 0.48828125 0.3140625 0.0109375 0.0203125
0 0.49609375 0.00859375 0.009375 0.0171875
0 0.62890625 0.33046875 0.0125 0.015625
0 0.63203125 0.10234375 0.0109375 0.0171875
0 0.75546875 0.0046875 0.0109375 0.009375
0 0.80546875 0.10546875 0.0140625 0.021875
0 0.8359375 0.384375 0.009375 0.0140625
1 0.771875 0.2265625 0.0421875 0.084375
1 0.89765625 0.18984375 0.0375 0.0953125
1 0.90546875 0.0375 0.0296875 0.05625
1 0.93984375 0.0453125 0.03125 0.078125
1 0.625 0.03046875 0.025 0.0609375
1 0.60078125 0.028125 0.0296875 0.05625
1 0.54375 0.159375 0.0359375 0.0859375
1 0.54453125 0.24765625 0.0328125 0.0875
1 0.4859375 0.17265625 0.0125 0.0765625
1 0.2328125 0.49453125 0.028125 0.0296875
1 0.86171875 0.80703125 0.0421875 0.0921875
1 0.9234375 0.7390625 0.0359375 0.084375
1 0.94609375 0.63515625 0.028125 0.053125
1 0.88125 0.5859375 0.028125 0.06875
1 0.8453125 0.57890625 0.0296875 0.0546875
1 0.784375 0.6046875 0.0265625 0.0484375
1 0.8296875 0.67421875 0.03125 0.0640625
1 0.75703125 0.56875 0.021875 0.0421875
1 0.72421875 0.5765625 0.0265625 0.046875
1 0.684375 0.5828125 0.0296875 0.0484375
1 0.63125 0.58828125 0.028125 0.053125
1 0.61015625 0.64765625 0.028125 0.053125
1 0.596875 0.67890625 0.0203125 0.046875
1 0.59765625 0.7296875 0.0265625 0.059375
1 0.80390625 0.68671875 0.025 0.0578125