1 0.30078125 0.2484375 0.0359375 0.021875
1 0.24921875 0.2453125 0.0328125 0.028125
1 0.24921875 0.23515625 0.0359375 0.0484375
1 0.046875 0.2203125 0.028125 0.078125
1 0.0234375 0.2125 0.0296875 0.0734375
1 0.8203125 0.22734375 0.04375 0.0640625
1 0.72109375 0.08515625 0.0296875 0.0828125
1 0.428125 0.16875 0.0375 0.09375
1 0.42109375 0.05703125 0.0234375 0.0859375
1 0.46953125 0.04140625 0.0296875 0.0828125
1 0.71640625 0.04921875 0.0296875 0.0859375
1 0.36015625 0.646875 0.0296875 0.015625
1 0.31328125 0.61640625 0.01875 0.05625
1 0.28984375 0.61796875 0.01875 0.053125
1 0.29140625 0.58515625 0.0171875 0.0484375
1 0.24609375 0.5703125 0.021875 0.0546875
1 0.2109375 0.5734375 0.028125 0.05625
1 0.1921875 0.5953125 0.021875 0.0578125
1 0.171875 0.56875 0.015625 0.046875
1 0.16015625 0.55234375 0.0140625 0.04375
1 0.12265625 0.5640625 0.01875 0.0546875
1 0.09140625 0.57421875 0.0234375 0.0625
1 0.0578125 0.59375 0.015625 0.053125
1 0.0421875 0.59765625 0.021875 0.0546875
1 0.19296875 0.69609375 0.021875 0.06875
1 0.24296875 0.70703125 0.0265625 0.0703125
0 0.32421875 0.525 0.009375 0.0171875
1 0.48203125 0.396875 0.025 0.0546875
1 0.51171875 0.5890625 0.025 0.0546875
1 0.57578125 0.76484375 0.0265625 0.0671875
1 0.85625 0.8484375 0.0296875 0.0671875
1 0.95390625 0.98203125 0.0328125 0.0359375
1 0.8578125 0.6546875 0.021875 0.0546875
1 0.93984375 0.58515625 0.0234375 0.0640625
1 0.9546875 0.60546875 0.021875 0.0578125
1 0.8109375 0.4890625 0.0171875 0.0515625
1 0.8046875 0.47890625 0.01875 0.0484375
1 0.75546875 0.58671875 0.021875 0.0546875
1 0.67734375 0.55078125 0.0234375 0.0484375
1 0.6359375 0.47109375 0.021875 0.0578125
1 0.6109375 0.46640625 0.0203125 0.0515625
1 0.675 0.40625 0.0203125 0.0453125
1 0.95625 0.47265625 0.0171875 0.0515625