1 0.19921875 0.85234375 0.034375 0.084375
1 0.17109375 0.715625 0.0265625 0.0640625
1 0.23203125 0.6359375 0.0203125 0.0625
1 0.321875 0.5546875 0.021875 0.0625
1 0.33671875 0.52734375 0.0203125 0.059375
1 0.27421875 0.46015625 0.021875 0.0546875
1 0.2375 0.378125 0.021875 0.05
1 0.22109375 0.30625 0.01875 0.0484375
1 0.15390625 0.37421875 0.0171875 0.0453125
1 0.08671875 0.46484375 0.0171875 0.0515625
1 0.13359375 0.48125 0.01875 0.0484375
1 0.12734375 0.4921875 0.01875 0.046875
1 0.1265625 0.51796875 0.01875 0.046875
1 0.13359375 0.53125 0.01875 0.0578125
1 0.4953125 0.6109375 0.015625 0.05625
1 0.4578125 0.6140625 0.0203125 0.0578125
1 0.55859375 0.703125 0.0234375 0.0609375
1 0.6609375 0.64609375 0.0203125 0.065625
1 0.8078125 0.68125 0.03125 0.05625
1 0.78828125 0.73125 0.025 0.0609375
1 0.99375 0.65234375 0.0125 0.0640625
1 0.928125 0.64921875 0.025 0.0609375
1 0.74296875 0.5734375 0.021875 0.0578125
1 0.7078125 0.5421875 0.015625 0.053125
1 0.68359375 0.5671875 0.015625 0.05625
1 0.67265625 0.5734375 0.01875 0.05
1 0.640625 0.58359375 0.025 0.0578125
1 0.64453125 0.60390625 0.021875 0.0546875
1 0.60546875 0.56796875 0.015625 0.05625
1 0.60625 0.553125 0.0203125 0.0625
1 0.57890625 0.53046875 0.01875 0.05
1 0.58359375 0.52734375 0.01875 0.0484375
0 0.99765625 0.68046875 0.0046875 0.0265625