1 0.021875 0.259375 0.04375 0.0875
1 0.01953125 0.32578125 0.034375 0.0828125
1 0.0421875 0.3390625 0.0359375 0.0734375
1 0.27734375 0.24140625 0.05 0.09375
1 0.34375 0.25078125 0.0484375 0.0921875
1 0.34453125 0.41015625 0.0421875 0.0875
1 0.37734375 0.4015625 0.04375 0.0796875
1 0.19453125 0.4734375 0.028125 0.065625
1 0.37578125 0.490625 0.0390625 0.078125
1 0.44375 0.4859375 0.05625 0.0875
1 0.97109375 0.51875 0.0296875 0.021875
1 0.65703125 0.51484375 0.0234375 0.0296875
0 0.06328125 0.76015625 0.009375 0.0140625
1 0.0515625 0.7765625 0.0234375 0.05625
1 0.128125 0.69765625 0.03125 0.0640625
1 0.18515625 0.728125 0.0296875 0.0578125
1 0.17890625 0.784375 0.021875 0.05625
1 0.20546875 0.88203125 0.0203125 0.053125
1 0.24453125 0.9203125 0.0234375 0.0453125
1 0.27578125 0.90078125 0.025 0.05
1 0.26015625 0.8296875 0.025 0.0515625
1 0.25703125 0.8078125 0.0203125 0.046875
1 0.42578125 0.82109375 0.028125 0.0546875
1 0.45703125 0.83125 0.0265625 0.065625
1 0.49296875 0.8078125 0.0140625 0.065625
1 0.4859375 0.93046875 0.0234375 0.05
1 0.49609375 0.97109375 0.0078125 0.0453125
0 0.9015625 0.7484375 0.009375 0.0140625
1 0.70234375 0.57109375 0.025 0.0546875
1 0.78203125 0.57265625 0.0234375 0.034375
1 0.78515625 0.65390625 0.0265625 0.046875
1 0.75703125 0.73125 0.021875 0.0421875
1 0.703125 0.73046875 0.0296875 0.0328125
1 0.68515625 0.7203125 0.01875 0.0375
1 0.64765625 0.721875 0.0234375 0.0484375
1 0.53984375 0.65625 0.021875 0.03125
1 0.7203125 0.653125 0.0203125 0.0421875
1 0.728125 0.6328125 0.01875 0.0296875
1 0.65859375 0.61484375 0.028125 0.053125