1 0.103125 0.428125 0.0265625 0.0703125
1 0.3375 0.37265625 0.0234375 0.0640625
1 0.43125 0.4 0.025 0.0671875
1 0.37109375 0.44921875 0.0234375 0.0640625
1 0.50234375 0.21953125 0.0328125 0.0859375
1 0.4984375 0.4609375 0.028125 0.05625
1 0.56640625 0.42578125 0.0234375 0.0640625
0 0.55625 0.39375 0.0125 0.0140625
1 0.74453125 0.19921875 0.01875 0.05625
1 0.77890625 0.21171875 0.015625 0.0546875
1 0.78828125 0.21015625 0.015625 0.0515625
1 0.790625 0.20234375 0.015625 0.053125
1 0.8 0.20234375 0.015625 0.05
1 0.81640625 0.2015625 0.01875 0.05625
1 0.81640625 0.2015625 0.0140625 0.04375
1 0.84609375 0.2109375 0.0140625 0.05
1 0.84609375 0.18046875 0.015625 0.05
1 0.85234375 0.18828125 0.0140625 0.0453125
1 0.8859375 0.1875 0.0171875 0.0484375
1 0.8984375 0.1796875 0.0171875 0.05
1 0.915625 0.17109375 0.01875 0.0578125
1 0.928125 0.1890625 0.0171875 0.05
1 0.9796875 0.17109375 0.01875 0.05625
1 0.9921875 0.1390625 0.015625 0.05625
1 0.3671875 0.6 0.0375 0.0921875
1 0.45078125 0.63671875 0.03125 0.084375
1 0.584375 0.625 0.021875 0.0578125
1 0.6265625 0.51484375 0.025 0.0515625
1 0.5140625 0.721875 0.025 0.053125
1 0.475 0.79296875 0.0234375 0.06875
1 0.4453125 0.8140625 0.0265625 0.053125
1 0.37890625 0.815625 0.0234375 0.046875
1 0.3921875 0.734375 0.028125 0.0640625
1 0.36796875 0.859375 0.01875 0.0421875
1 0.33515625 0.86640625 0.025 0.0453125
1 0.29609375 0.8765625 0.0265625 0.0484375
1 0.2453125 0.89296875 0.025 0.0515625
1 0.20234375 0.84765625 0.025 0.053125
1 0.17734375 0.82421875 0.0171875 0.046875
1 0.15703125 0.778125 0.021875 0.059375
1 0.05859375 0.8671875 0.0203125 0.046875
1 0.36328125 0.7328125 0.021875 0.0578125
0 0.03515625 0.81796875 0.015625 0.0234375
1 0.9890625 0.83359375 0.021875 0.0734375
1 0.9765625 0.85390625 0.0203125 0.0609375
1 0.95078125 0.909375 0.025 0.0578125
1 0.88984375 0.965625 0.021875 0.0578125
1 0.82265625 0.82421875 0.0265625 0.0640625
0 0.98125 0.89140625 0.009375 0.015625