1 0.33046875 0.2796875 0.0578125 0.021875
1 0.303125 0.28671875 0.0609375 0.021875
1 0.290625 0.2328125 0.0515625 0.0203125
1 0.26796875 0.21640625 0.0484375 0.0203125
1 0.2546875 0.18203125 0.0515625 0.0234375
1 0.29609375 0.13984375 0.0421875 0.01875
1 0.32421875 0.1296875 0.0546875 0.01875
1 0.3875 0.26328125 0.025 0.0265625
1 0.37890625 0.00390625 0.0421875 0.0078125
1 0.303125 0.01640625 0.0546875 0.021875
0 0.740625 0.06953125 0.025 0.0140625
0 0.4515625 0.14296875 0.015625 0.009375
1 0.4703125 0.09375 0.0421875 0.0171875
1 0.55 0.29375 0.0515625 0.0171875
1 0.7578125 0.1296875 0.0765625 0.0265625
1 0.79140625 0.07109375 0.08125 0.0265625
1 0.7265625 0.05 0.059375 0.0203125
1 0.06171875 0.65390625 0.0453125 0.01875
1 0.85703125 0.45546875 0.0546875 0.01875
1 0.796875 0.76171875 0.05625 0.028125
1 0.7390625 0.69453125 0.053125 0.025
1 0.5921875 0.54296875 0.0421875 0.015625
1 0.5140625 0.55859375 0.0390625 0.0171875
1 0.63125 0.690625 0.0421875 0.015625
1 0.61484375 0.7515625 0.04375 0.0171875
1 0.52109375 0.7390625 0.0375 0.0125
1 0.52734375 0.82578125 0.0359375 0.015625
1 0.484375 0.81015625 0.034375 0.0125
1 0.49765625 0.828125 0.0421875 0.015625