1 0.39921875 0.01953125 0.0390625 0.0171875
1 0.41171875 0.01015625 0.0140625 0.0171875
1 0.409375 0.16796875 0.01875 0.0140625
1 0.3296875 0.04296875 0.0703125 0.021875
1 0.29453125 0.28125 0.0640625 0.0171875
1 0.33046875 0.371875 0.0671875 0.0203125
1 0.3734375 0.3078125 0.0640625 0.0171875
1 0.15625 0.45859375 0.0859375 0.0265625
1 0.39375 0.43359375 0.05 0.0234375
1 0.36640625 0.50234375 0.0640625 0.0140625
0 0.33515625 0.496875 0.0140625 0.0125
0 0.62265625 0.30234375 0.0109375 0.00625
0 0.69296875 0.259375 0.009375 0.0078125
0 0.7453125 0.18046875 0.0109375 0.0078125
0 0.66953125 0.15546875 0.009375 0.0078125
0 0.58515625 0.20234375 0.0109375 0.0078125
0 0.49296875 0.2203125 0.009375 0.0078125
0 0.5125 0.12265625 0.0078125 0.0046875
0 0.678125 0.0671875 0.0078125 0.00625
0 0.7453125 0.0515625 0.0125 0.0046875
1 0.759375 0.203125 0.05 0.0171875
1 0.77890625 0.14453125 0.040625 0.0125
1 0.78046875 0.12734375 0.0484375 0.0125
1 0.753125 0.09453125 0.0453125 0.01875
1 0.71328125 0.121875 0.0578125 0.01875
1 0.71953125 0.10703125 0.0546875 0.0203125
1 0.5890625 0.0890625 0.0828125 0.025
1 0.58515625 0.04296875 0.06875 0.03125
1 0.23984375 0.87578125 0.0859375 0.0328125
1 0.38515625 0.9890625 0.0640625 0.021875
1 0.384375 0.96328125 0.06875 0.0265625
1 0.69453125 0.79765625 0.090625 0.0296875
1 0.73828125 0.878125 0.084375 0.025
1 0.82890625 0.93359375 0.053125 0.0203125
1 0.896875 0.88828125 0.06875 0.01875
1 0.91484375 0.85703125 0.053125 0.021875
1 0.9109375 0.790625 0.046875 0.01875
1 0.83046875 0.8109375 0.0640625 0.021875
1 0.95390625 0.7765625 0.0421875 0.015625
1 0.95703125 0.74296875 0.0453125 0.0203125
1 0.9640625 0.703125 0.046875 0.021875
1 0.975 0.6515625 0.05 0.021875
1 0.92734375 0.61171875 0.053125 0.0203125
1 0.9015625 0.5890625 0.0453125 0.0140625
1 0.85390625 0.5734375 0.059375 0.0171875
1 0.8265625 0.7828125 0.0578125 0.0171875