1 0.35 0.46328125 0.0375 0.0125
1 0.278125 0.378125 0.0375 0.0109375
1 0.284375 0.3671875 0.04375 0.0109375
1 0.3765625 0.30546875 0.0375 0.0109375
1 0.3484375 0.2921875 0.0484375 0.0125
1 0.35234375 0.2734375 0.0453125 0.009375
1 0.3140625 0.20546875 0.04375 0.0109375
1 0.2921875 0.1671875 0.0453125 0.015625
1 0.325 0.146875 0.034375 0.0109375
1 0.33984375 0.1265625 0.040625 0.009375
1 0.3484375 0.12890625 0.040625 0.0109375
1 0.34765625 0.0671875 0.040625 0.0078125
1 0.37734375 0.2015625 0.034375 0.0125
1 0.38828125 0.21171875 0.040625 0.0125
1 0.3875 0.39609375 0.034375 0.0109375
0 0.3921875 0.396875 0.009375 0.003125
1 0.65390625 0.64609375 0.0859375 0.0078125
1 0.70625 0.4265625 0.071875 0.015625
1 0.725 0.36796875 0.0828125 0.021875
1 0.67890625 0.29140625 0.0859375 0.021875
1 0.78984375 0.33046875 0.0609375 0.01875
1 0.81015625 0.3125 0.0578125 0.021875
1 0.84453125 0.37421875 0.053125 0.0140625
1 0.85703125 0.37890625 0.0640625 0.015625
1 0.77578125 0.1921875 0.05625 0.015625
1 0.7015625 0.175 0.071875 0.0125
1 0.74296875 0.17890625 0.059375 0.0125
1 0.7453125 0.16875 0.065625 0.015625
1 0.771875 0.15078125 0.0640625 0.0125
1 0.76640625 0.1265625 0.0625 0.015625
1 0.73515625 0.0984375 0.06875 0.015625
1 0.7 0.02421875 0.075 0.01875
1 0.2796875 0.76484375 0.025 0.0078125
1 0.415625 0.7875 0.025 0.0125
1 0.421875 0.86796875 0.0328125 0.0109375
1 0.31328125 0.875 0.028125 0.0140625
1 0.25390625 0.88125 0.034375 0.0109375
0 0.2703125 0.8703125 0.009375 0.00625
0 0.27109375 0.8234375 0.015625 0.0078125
1 0.77734375 0.94375 0.040625 0.0171875
1 0.58984375 0.84453125 0.0609375 0.0265625
1 0.69296875 0.72421875 0.0609375 0.028125
1 0.70234375 0.66015625 0.0609375 0.0203125
1 0.746875 0.7765625 0.059375 0.021875
1 0.7953125 0.7484375 0.05625 0.0125
1 0.75234375 0.7375 0.0515625 0.0125
1 0.81484375 0.9109375 0.0609375 0.025
1 0.8640625 0.91953125 0.040625 0.0140625
1 0.8453125 0.8953125 0.04375 0.0171875
1 0.846875 0.88125 0.0453125 0.01875
1 0.8796875 0.84375 0.046875 0.0140625