1 0.04296875 0.21875 0.0140625 0.0625
1 0.09375 0.20859375 0.0203125 0.05625
1 0.32421875 0.2609375 0.0125 0.0375
1 0.403125 0.18203125 0.0109375 0.0375
1 0.41484375 0.1875 0.0109375 0.04375
1 0.484375 0.27421875 0.0109375 0.0375
1 0.4953125 0.24453125 0.0109375 0.0484375
1 0.5140625 0.246875 0.0078125 0.0453125
1 0.39453125 0.2921875 0.0109375 0.034375
0 0.39453125 0.29765625 0.003125 0.009375
1 0.5578125 0.00390625 0.009375 0.0078125
1 0.5625 0.0515625 0.0109375 0.03125
1 0.621875 0.0078125 0.009375 0.015625
1 0.63515625 0.025 0.0078125 0.034375
1 0.65078125 0.009375 0.0109375 0.01875
0 0.08671875 0.7125 0.00625 0.00625
1 0.053125 0.6640625 0.0125 0.0484375
1 0.0875 0.728125 0.0125 0.0375
1 0.196875 0.68359375 0.0109375 0.046875
1 0.22890625 0.76484375 0.0078125 0.034375
1 0.184375 0.4453125 0.0140625 0.065625
1 0.3109375 0.60234375 0.015625 0.05
1 0.371875 0.6796875 0.0140625 0.040625
1 0.384375 0.6859375 0.0109375 0.0453125
1 0.41015625 0.60078125 0.0125 0.0453125
1 0.43984375 0.70625 0.009375 0.04375
1 0.4296875 0.740625 0.0109375 0.0375
1 0.434375 0.77109375 0.009375 0.034375
1 0.528125 0.7421875 0.003125 0.0375
1 0.46484375 0.70078125 0.0078125 0.04375
1 0.46875 0.64765625 0.0109375 0.04375
1 0.5359375 0.95078125 0.0109375 0.040625
1 0.53515625 0.96484375 0.0078125 0.03125
1 0.54609375 0.965625 0.009375 0.04375
1 0.63046875 0.97421875 0.0125 0.04375
1 0.66953125 0.95703125 0.0140625 0.0390625
1 0.6609375 0.903125 0.0125 0.05
1 0.70859375 0.959375 0.0109375 0.0375
1 0.77265625 0.92734375 0.0125 0.04375
1 0.7671875 0.84453125 0.0125 0.0609375
1 0.7875 0.92890625 0.0109375 0.046875
1 0.81953125 0.98125 0.009375 0.0375
1 0.828125 0.97734375 0.009375 0.0390625
1 0.878125 0.95234375 0.0109375 0.0375
1 0.8828125 0.95703125 0.0109375 0.034375
1 0.94609375 0.91953125 0.0125 0.053125
1 0.9578125 0.81953125 0.0140625 0.0625
0 0.8015625 0.96796875 0.00625 0.0125