1 0.58359375 0.39296875 0.0203125 0.0703125
1 0.53984375 0.22734375 0.01875 0.071875
1 0.6015625 0.45390625 0.021875 0.0515625
1 0.7 0.415625 0.0171875 0.071875
1 0.76640625 0.43828125 0.0234375 0.0578125
1 0.7203125 0.46171875 0.015625 0.0359375
1 0.0125 0.93125 0.0109375 0.046875
1 0.0265625 0.94609375 0.0078125 0.04375
1 0.06171875 0.93046875 0.0125 0.053125
1 0.09140625 0.91640625 0.015625 0.0609375
1 0.12265625 0.89296875 0.009375 0.053125
1 0.1375 0.88671875 0.015625 0.053125
1 0.32421875 0.92265625 0.0109375 0.053125
1 0.51328125 0.96015625 0.0125 0.046875
1 0.66015625 0.9640625 0.0109375 0.053125
1 0.67578125 0.9890625 0.0109375 0.021875
1 0.58984375 0.98828125 0.0078125 0.0234375
1 0.5953125 0.975 0.0078125 0.0421875
1 0.55546875 0.98984375 0.0171875 0.0203125
1 0.54765625 0.99453125 0.0109375 0.0109375
1 0.746875 0.9828125 0.0125 0.034375
1 0.75703125 0.98203125 0.0109375 0.0359375