1 0.4234375 0.0484375 0.0875 0.03125
1 0.3765625 0.0421875 0.0828125 0.028125
1 0.28671875 0.15859375 0.0828125 0.025
1 0.1484375 0.05 0.0765625 0.025
1 0.11640625 0.175 0.0609375 0.0203125
1 0.01796875 0.1578125 0.0359375 0.015625
1 0.09921875 0.2140625 0.0515625 0.01875
1 0.26484375 0.27265625 0.0734375 0.021875
1 0.3125 0.4484375 0.0734375 0.0234375
1 0.29296875 0.465625 0.0609375 0.01875
1 0.23828125 0.49375 0.0578125 0.021875
1 0.18515625 0.5578125 0.0578125 0.01875
1 0.33046875 0.60703125 0.0640625 0.0046875
0 0.2546875 0.4625 0.015625 0.009375
0 0.65234375 0.58671875 0.01875 0.0109375
1 0.65703125 0.5796875 0.0546875 0.03125
1 0.6546875 0.3125 0.05 0.025
1 0.65546875 0.32109375 0.0515625 0.0234375
1 0.6453125 0.271875 0.03125 0.025
1 0.64375 0.27734375 0.028125 0.0265625
1 0.64375 0.26171875 0.028125 0.0234375
1 0.6765625 0.2703125 0.09375 0.025
1 0.6609375 0.13359375 0.0625 0.0359375
1 0.7296875 0.1109375 0.1203125 0.0296875
1 0.77109375 0.13828125 0.109375 0.0390625
1 0.81875 0.13359375 0.1296875 0.0359375
1 0.81328125 0.09609375 0.1328125 0.0359375
1 0.759375 0.07109375 0.1296875 0.0359375
1 0.840625 0.06796875 0.1203125 0.0390625
1 0.8046875 0.0421875 0.1390625 0.0390625
1 0.809375 0.0203125 0.11875 0.0375
0 0.3953125 0.8171875 0.0109375 0.00625
0 0.3234375 0.8578125 0.009375 0.0078125
0 0.26796875 0.934375 0.0109375 0.0078125
0 0.34296875 0.9625 0.009375 0.0078125
0 0.42890625 0.91875 0.0109375 0.0078125
0 0.521875 0.90390625 0.009375 0.0078125
0 0.49921875 0.9984375 0.0078125 0.003125
1 0.25546875 0.91171875 0.05 0.01875
1 0.2328125 0.96953125 0.0421875 0.0140625
1 0.23125 0.98671875 0.0484375 0.0140625
1 0.29765625 0.9921875 0.0578125 0.015625
1 0.94765625 0.74453125 0.0234375 0.0125
1 0.9828125 0.7046875 0.0234375 0.0109375
1 0.99296875 0.65625 0.0140625 0.009375
1 0.95 0.896875 0.021875 0.009375
1 0.921875 0.9765625 0.01875 0.0078125