1 0.40703125 0.196875 0.0234375 0.0125
1 0.265625 0.3515625 0.040625 0.0125
1 0.25703125 0.4765625 0.0484375 0.01875
1 0.24453125 0.51875 0.034375 0.0109375
0 0.88046875 0.51953125 0.0125 0.0078125
0 0.78203125 0.41796875 0.009375 0.00625
0 0.7171875 0.34296875 0.0125 0.00625
0 0.475 0.52890625 0.009375 0.0015625
0 0.48046875 0.33515625 0.0125 0.00625
0 0.60078125 0.26328125 0.009375 0.00625
1 0.59609375 0.48125 0.0546875 0.021875
1 0.57421875 0.459375 0.053125 0.01875
1 0.4984375 0.475 0.046875 0.0125
1 0.51171875 0.440625 0.040625 0.0140625
1 0.51875 0.42421875 0.05625 0.0125
1 0.5421875 0.403125 0.046875 0.015625
1 0.55703125 0.38828125 0.05625 0.015625
1 0.56640625 0.3734375 0.0578125 0.015625
1 0.584375 0.346875 0.059375 0.0140625
1 0.66953125 0.26640625 0.075 0.01875
1 0.50390625 0.196875 0.05 0.0125
1 0.6125 0.41015625 0.0625 0.0140625
1 0.6140625 0.4421875 0.0640625 0.0140625
1 0.165625 0.5390625 0.034375 0.0109375
1 0.23671875 0.55 0.04375 0.0171875
1 0.34921875 0.565625 0.05625 0.01875
1 0.33671875 0.6734375 0.046875 0.015625
1 0.26328125 0.6984375 0.040625 0.0140625
1 0.15546875 0.70625 0.028125 0.0140625
1 0.1921875 0.5859375 0.040625 0.0125
1 0.13046875 0.60703125 0.040625 0.0109375
1 0.10859375 0.73203125 0.028125 0.0140625
1 0.109375 0.7890625 0.034375 0.0109375
1 0.20546875 0.915625 0.04375 0.0078125
1 0.35546875 0.93984375 0.059375 0.015625
1 0.21953125 0.95859375 0.034375 0.0078125
1 0.2359375 0.98828125 0.04375 0.0171875
1 0.19921875 0.93125 0.0375 0.0109375
0 0.21796875 0.9125 0.015625 0.0046875
1 0.7421875 0.55390625 0.040625 0.0109375
1 0.68203125 0.65 0.04375 0.0078125
1 0.68046875 0.68828125 0.040625 0.0140625
1 0.8140625 0.7015625 0.053125 0.0125
1 0.97421875 0.7140625 0.046875 0.015625
1 0.984375 0.7234375 0.03125 0.0125
1 0.9453125 0.8796875 0.059375 0.015625
1 0.8296875 0.875 0.053125 0.0125
1 0.834375 0.890625 0.04375 0.0140625
1 0.6859375 0.81015625 0.0375 0.0078125