1 0.11484375 0.40078125 0.0609375 0.025
1 0.22109375 0.38359375 0.0515625 0.0203125
1 0.11875 0.35859375 0.0515625 0.021875
1 0.1640625 0.05546875 0.0421875 0.01875
1 0.20390625 0.1734375 0.05 0.025
1 0.22734375 0.21171875 0.0359375 0.015625
1 0.26796875 0.2875 0.0421875 0.0171875
1 0.23828125 0.3015625 0.0421875 0.0171875
1 0.99375 0.33046875 0.0125 0.0234375
1 0.89140625 0.36796875 0.0578125 0.025
1 0.89609375 0.34296875 0.0625 0.03125
1 0.90390625 0.271875 0.0453125 0.021875
1 0.9265625 0.2328125 0.0546875 0.0265625
1 0.971875 0.17578125 0.0484375 0.01875
1 0.83828125 0.1484375 0.0546875 0.0265625
1 0.9421875 0.028125 0.0515625 0.025
1 0.64765625 0.140625 0.0671875 0.0296875
1 0.64765625 0.26328125 0.0734375 0.0328125
1 0.63046875 0.41328125 0.0703125 0.03125
1 0.68515625 0.41640625 0.0765625 0.0265625
1 0.7109375 0.425 0.046875 0.009375
1 0.42265625 0.99296875 0.0328125 0.0140625
1 0.31875 0.88984375 0.0640625 0.0234375
1 0.40546875 0.76796875 0.053125 0.028125
1 0.2984375 0.72265625 0.0546875 0.0234375
1 0.2828125 0.71015625 0.053125 0.0234375
1 0.1359375 0.7375 0.0609375 0.028125
1 0.059375 0.51953125 0.0640625 0.025
1 0.1796875 0.4828125 0.065625 0.03125
1 0.29375 0.525 0.0484375 0.021875
1 0.41953125 0.5765625 0.0390625 0.021875
0 0.41171875 0.97890625 0.025 0.0109375
1 0.78828125 0.984375 0.0515625 0.021875
1 0.8359375 0.98359375 0.0453125 0.0203125
1 0.8296875 0.70546875 0.0359375 0.015625
1 0.765625 0.68203125 0.0359375 0.0203125
1 0.63046875 0.77578125 0.0578125 0.025
1 0.5921875 0.7546875 0.0609375 0.0296875
1 0.68125 0.6328125 0.0484375 0.021875
1 0.64921875 0.5953125 0.0546875 0.0265625
1 0.65078125 0.53984375 0.05 0.021875
1 0.63125 0.4734375 0.0515625 0.0203125
1 0.58828125 0.44921875 0.05 0.01875
1 0.546875 0.45 0.0578125 0.0234375
1 0.67890625 0.4859375 0.046875 0.01875
1 0.696875 0.4703125 0.0390625 0.0171875