1 0.02109375 0.0875 0.0421875 0.01875
1 0.06328125 0.23125 0.0390625 0.0171875
1 0.05625 0.221875 0.0375 0.0140625
1 0.06796875 0.2234375 0.0203125 0.0109375
1 0.00546875 0.009375 0.0109375 0.015625
1 0.3921875 0.015625 0.0359375 0.015625
1 0.3828125 0.00234375 0.028125 0.0046875
1 0.4046875 0.009375 0.04375 0.01875
1 0.4390625 0.084375 0.040625 0.01875
1 0.40625 0.07109375 0.04375 0.0171875
1 0.39375 0.10390625 0.0375 0.0203125
1 0.4 0.153125 0.0453125 0.021875
1 0.4046875 0.1671875 0.0421875 0.0203125
1 0.42578125 0.18671875 0.0453125 0.021875
1 0.4265625 0.20078125 0.0546875 0.025
1 0.45234375 0.21640625 0.0453125 0.021875
1 0.5140625 0.26484375 0.059375 0.0296875
1 0.33125 0.4515625 0.0453125 0.0203125
1 0.72421875 0.46640625 0.025 0.0078125
1 0.7125 0.521875 0.028125 0.0125
1 0.74609375 0.52578125 0.03125 0.015625
1 0.809375 0.5046875 0.0390625 0.015625
1 0.80625 0.528125 0.034375 0.0125
1 0.86015625 0.68359375 0.034375 0.0125
1 0.82109375 0.78671875 0.0328125 0.0125
1 0.79609375 0.7796875 0.0203125 0.015625
1 0.728125 0.8171875 0.025 0.0109375
0 0.74453125 0.828125 0.0109375 0.0078125
1 0.77421875 0.86796875 0.028125 0.0109375
1 0.825 0.9796875 0.0265625 0.0109375
1 0.9640625 0.97109375 0.0421875 0.01875
0 0.88671875 0.8203125 0.0140625 0.009375
1 0.8171875 0.55078125 0.0328125 0.009375