1 0.00546875 0.42109375 0.0109375 0.0359375
1 0.1515625 0.41875 0.009375 0.040625
1 0.16796875 0.38984375 0.0109375 0.04375
1 0.1828125 0.36875 0.0140625 0.0375
1 0.16640625 0.34375 0.0078125 0.04375
1 0.15625 0.35546875 0.0078125 0.0421875
1 0.1078125 0.37734375 0.0140625 0.034375
1 0.09140625 0.37265625 0.009375 0.046875
1 0.0640625 0.37578125 0.0078125 0.0375
1 0.0828125 0.3953125 0.0078125 0.034375
1 0.0875 0.4140625 0.0078125 0.0421875
1 0.04765625 0.39140625 0.0171875 0.03125
1 0.040625 0.37890625 0.0109375 0.040625
1 0.04609375 0.3609375 0.0109375 0.0359375
1 0.02890625 0.36171875 0.009375 0.040625
1 0.2390625 0.4015625 0.0109375 0.0484375
1 0.24921875 0.40625 0.0109375 0.040625
1 0.9046875 0.07734375 0.0125 0.05
1 0.8015625 0.18203125 0.0140625 0.0453125
1 0.79453125 0.203125 0.0140625 0.0546875
1 0.88515625 0.309375 0.0171875 0.05625
1 0.7765625 0.325 0.0140625 0.0625
1 0.70078125 0.409375 0.0203125 0.059375
1 0.47890625 0.3390625 0.015625 0.06875
1 0.4875 0.13125 0.0140625 0.053125
1 0.45390625 0.0734375 0.0265625 0.0546875
1 0.68125 0.0609375 0.0125 0.046875
1 0.66484375 0.0515625 0.01875 0.053125
0 0.47421875 0.084375 0.00625 0.0125
1 0.21953125 0.625 0.0140625 0.059375
1 0.37890625 0.49765625 0.0171875 0.0625
1 0.3703125 0.44921875 0.015625 0.0203125
1 0.34765625 0.44765625 0.0109375 0.0171875
1 0.0796875 0.46953125 0.0125 0.04375
1 0.06015625 0.48671875 0.015625 0.04375
1 0.50703125 0.50546875 0.0203125 0.0484375
1 0.5453125 0.4734375 0.0171875 0.040625
1 0.65546875 0.4484375 0.0203125 0.01875
1 0.7203125 0.45 0.0125 0.021875
1 0.83828125 0.45 0.0140625 0.021875
1 0.84453125 0.47109375 0.0109375 0.04375
1 0.85546875 0.50703125 0.009375 0.053125
1 0.77109375 0.4859375 0.015625 0.046875
1 0.815625 0.56328125 0.0203125 0.04375
1 0.78203125 0.57578125 0.0171875 0.0609375
1 0.95 0.465625 0.0140625 0.046875
1 0.96328125 0.51796875 0.0140625 0.059375
0 0.7125 0.440625 0.00625 0.003125