1 0.69765625 0.30703125 0.0171875 0.0453125
1 0.6640625 0.2984375 0.0234375 0.05
1 0.6796875 0.153125 0.0140625 0.0296875
1 0.7078125 0.159375 0.009375 0.0375
1 0.7609375 0.1765625 0.0125 0.0390625
0 0.76953125 0.17578125 0.0046875 0.0125
1 0.8265625 0.17421875 0.0140625 0.0390625
1 0.93671875 0.20625 0.0171875 0.0375
1 0.71015625 0.21875 0.0203125 0.0421875
1 0.975 0.23984375 0.0171875 0.04375
0 0.903125 0.175 0.0046875 0.009375
0 0.76328125 0.2734375 0.003125 0.009375
0 0.8515625 0.27578125 0.0046875 0.009375
1 0.01015625 0.87890625 0.0203125 0.0578125
1 0.01875 0.90234375 0.0125 0.0609375
1 0.01796875 0.77890625 0.0109375 0.0578125
1 0.00234375 0.765625 0.0046875 0.04375
1 0.00625 0.7609375 0.0125 0.046875
1 0.04140625 0.70859375 0.0109375 0.04375
1 0.07265625 0.85703125 0.0125 0.05625
1 0.14609375 0.8734375 0.0140625 0.05625
1 0.29609375 0.890625 0.0109375 0.0328125
1 0.3078125 0.87265625 0.0109375 0.0546875
1 0.31484375 0.86640625 0.0125 0.0546875
1 0.315625 0.7296875 0.009375 0.05
1 0.25 0.67890625 0.0109375 0.0375
1 0.2140625 0.68046875 0.0109375 0.0375
1 0.1625 0.70859375 0.0109375 0.040625
1 0.1546875 0.75703125 0.0109375 0.040625
1 0.20390625 0.765625 0.0109375 0.04375
1 0.215625 0.759375 0.0140625 0.04375
1 0.5890625 0.71796875 0.0125 0.04375
1 0.675 0.7421875 0.025 0.0765625
1 0.6578125 0.61953125 0.0140625 0.065625
1 0.67890625 0.5359375 0.0140625 0.0625
0 0.728125 0.56015625 0.00625 0.009375
1 0.72890625 0.534375 0.0140625 0.053125
1 0.71796875 0.58046875 0.0140625 0.05625
1 0.740625 0.5546875 0.0171875 0.0546875
1 0.796875 0.5390625 0.0125 0.05625
1 0.8421875 0.59296875 0.0203125 0.0625
1 0.93203125 0.56796875 0.01875 0.05625
1 0.85703125 0.79765625 0.028125 0.0859375
1 0.71953125 0.64453125 0.0171875 0.0734375
1 0.76171875 0.6390625 0.01875 0.0625
1 0.78828125 0.64140625 0.0234375 0.0703125