0 0.3703125 0.415625 0.003125 0.00625
0 0.32265625 0.46875 0.003125 0.0140625
0 0.16796875 0.478125 0.003125 0.009375
0 0.19921875 0.434375 0.00625 0.009375
0 0.21015625 0.5359375 0.0046875 0.00625
0 0.10703125 0.459375 0.0046875 0.009375
0 0.13125 0.5296875 0.0046875 0.00625
0 0.07265625 0.4453125 0.0046875 0.0109375
0 0.38671875 0.28671875 0.00625 0.009375
0 0.3125 0.26171875 0.0046875 0.00625
1 0.428125 0.428125 0.009375 0.0390625
1 0.36484375 0.52734375 0.0078125 0.0234375
1 0.3484375 0.403125 0.00625 0.034375
1 0.3109375 0.34453125 0.00625 0.028125
1 0.3 0.34375 0.00625 0.034375
1 0.26171875 0.44609375 0.009375 0.034375
1 0.2359375 0.35546875 0.00625 0.034375
1 0.20859375 0.36015625 0.00625 0.034375
1 0.19296875 0.39296875 0.0046875 0.028125
1 0.18046875 0.46875 0.0109375 0.040625
1 0.1484375 0.36953125 0.0078125 0.040625
1 0.02890625 0.4640625 0.0125 0.040625
0 0.9859375 0.26875 0.00625 0.0125
1 0.98984375 0.25234375 0.0125 0.0453125
1 0.93359375 0.3234375 0.0203125 0.053125
1 0.86484375 0.29296875 0.0171875 0.046875
1 0.80859375 0.2890625 0.009375 0.0375
1 0.86640625 0.21171875 0.0109375 0.034375
1 0.96015625 0.228125 0.0125 0.04375
1 0.92109375 0.15078125 0.0109375 0.0375
1 0.8515625 0.1890625 0.009375 0.034375
1 0.71640625 0.10078125 0.0078125 0.034375
1 0.7171875 0.1625 0.009375 0.034375
1 0.6859375 0.2578125 0.0125 0.0375
1 0.68671875 0.2921875 0.0140625 0.0453125
1 0.7140625 0.4046875 0.0125 0.0625
1 0.63671875 0.37265625 0.0171875 0.0625
1 0.5375 0.284375 0.0109375 0.053125
1 0.55234375 0.2171875 0.015625 0.046875
1 0.55078125 0.18046875 0.009375 0.04375
1 0.61015625 0.1671875 0.0125 0.0390625
1 0.52578125 0.225 0.009375 0.040625
1 0.01328125 0.73828125 0.00625 0.025
1 0.0609375 0.7546875 0.00625 0.028125
1 0.04765625 0.778125 0.003125 0.009375
1 0.04453125 0.78984375 0.009375 0.028125
0 0.06796875 0.796875 0.00625 0.009375
1 0.55703125 0.928125 0.015625 0.059375
1 0.63828125 0.946875 0.0140625 0.05625
1 0.6625 0.9515625 0.0171875 0.0625
1 0.71484375 0.86875 0.0171875 0.05
1 0.63515625 0.83671875 0.0140625 0.04375
1 0.64921875 0.80859375 0.0171875 0.05625
1 0.715625 0.80703125 0.0171875 0.046875
1 0.77265625 0.771875 0.0125 0.04375
1 0.7296875 0.7375 0.0125 0.040625
1 0.8578125 0.75546875 0.0125 0.04375
1 0.865625 0.803125 0.015625 0.053125
1 0.878125 0.8109375 0.0109375 0.04375
1 0.90234375 0.8640625 0.0203125 0.059375
1 0.89921875 0.91875 0.0203125 0.05625
1 0.84453125 0.88515625 0.0171875 0.0625
1 0.76328125 0.8734375 0.0109375 0.05625
1 0.52578125 0.79296875 0.0109375 0.0625
1 0.6015625 0.72578125 0.0109375 0.04375
1 0.63046875 0.73359375 0.0125 0.040625