0 0.11875 0.440625 0.00625 0.003125
0 0.1703125 0.38984375 0.0140625 0.003125
0 0.29453125 0.32890625 0.0109375 0.003125
0 0.3078125 0.3015625 0.009375 0.0046875
0 0.175 0.23515625 0.009375 0.003125
0 0.13125 0.26796875 0.009375 0.00625
0 0.23828125 0.2765625 0.0140625 0.0046875
0 0.325 0.2828125 0.00625 0.003125
0 0.153125 0.17578125 0.009375 0.0046875
0 0.225 0.196875 0.00625 0.0046875
0 0.1390625 0.14140625 0.0109375 0.0046875
1 0.2390625 0.43046875 0.040625 0.0078125
1 0.10625 0.41875 0.034375 0.00625
1 0.04609375 0.3828125 0.028125 0.00625
1 0.0453125 0.371875 0.034375 0.00625
1 0.14609375 0.33046875 0.034375 0.009375
1 0.05390625 0.3078125 0.034375 0.00625
1 0.05859375 0.28046875 0.034375 0.00625
1 0.08984375 0.26328125 0.028125 0.0046875
1 0.165625 0.2484375 0.040625 0.0109375
1 0.06484375 0.2203125 0.040625 0.0078125
0 0.23984375 0.1015625 0.009375 0.0046875
0 0.22265625 0.03984375 0.0078125 0.0046875
1 0.2453125 0.0578125 0.046875 0.015625
1 0.15625 0.09765625 0.040625 0.0125
1 0.8234375 0.44296875 0.05625 0.0140625
1 0.82421875 0.4203125 0.0609375 0.0140625
1 0.715625 0.340625 0.04375 0.0078125
1 0.73671875 0.215625 0.0453125 0.0109375
1 0.740625 0.2109375 0.05 0.0140625
1 0.7203125 0.18046875 0.04375 0.009375
1 0.728125 0.17265625 0.04375 0.0125
1 0.79140625 0.16328125 0.053125 0.0109375
1 0.765625 0.0046875 0.05 0.009375
1 0.759375 0.01015625 0.05625 0.0140625
1 0.0546875 0.453125 0.053125 0.00625
0 0.071875 0.4640625 0.021875 0.009375
1 0.00625 0.80859375 0.0125 0.0140625
1 0.021875 0.77734375 0.04375 0.0140625
1 0.07890625 0.9203125 0.0484375 0.0234375
1 0.35859375 0.98203125 0.0609375 0.0171875
1 0.34765625 0.86015625 0.0828125 0.0171875
1 0.3296875 0.509375 0.0625 0.0140625
1 0.32734375 0.49375 0.078125 0.015625
1 0.17890625 0.528125 0.06875 0.015625
1 0.1953125 0.59296875 0.06875 0.0171875
1 0.14921875 0.721875 0.053125 0.0171875
1 0.1109375 0.67578125 0.059375 0.021875
1 0.19609375 0.76328125 0.06875 0.0203125
1 0.1734375 0.89296875 0.053125 0.0171875
1 0.5890625 0.5703125 0.0765625 0.015625
1 0.5921875 0.6703125 0.06875 0.01875
1 0.79765625 0.72734375 0.06875 0.0140625
1 0.784375 0.77734375 0.0640625 0.025
1 0.765625 0.91484375 0.06875 0.0203125
1 0.6390625 0.93359375 0.05625 0.01875
1 0.646875 0.9078125 0.03125 0.028125
0 0.65625 0.928125 0.0171875 0.0078125
1 0.53046875 0.9953125 0.0453125 0.009375
1 0.46953125 0.896875 0.05625 0.0171875
1 0.4140625 0.84609375 0.05 0.0203125
1 0.4125 0.67109375 0.046875 0.0109375
1 0.41953125 0.92734375 0.05 0.01875