0 0.1859375 0.34140625 0.0125 0.009375
0 0.12265625 0.3484375 0.015625 0.0078125
0 0.07265625 0.371875 0.0125 0.009375
0 0.01484375 0.34921875 0.0078125 0.00625
0 0.00390625 0.32109375 0.0078125 0.0078125
0 0.09453125 0.31015625 0.0109375 0.009375
0 0.18515625 0.3078125 0.0109375 0.0078125
0 0.12421875 0.16796875 0.0078125 0.0078125
0 0.03515625 0.18828125 0.0078125 0.0078125
0 0.13203125 0.06640625 0.00625 0.0046875
0 0.06875 0.0328125 0.0140625 0.00625
0 0.2609375 0.0515625 0.0109375 0.0078125
1 0.22890625 0.284375 0.0296875 0.015625
1 0.16953125 0.2921875 0.0390625 0.01875
1 0.08359375 0.3359375 0.0453125 0.0203125
1 0.03046875 0.36171875 0.0453125 0.021875
1 0.1328125 0.125 0.040625 0.01875
1 0.0171875 0.0890625 0.034375 0.01875
1 0.13828125 0.0421875 0.034375 0.015625
1 0.16015625 0.36171875 0.0453125 0.0203125
1 0.08828125 0.41015625 0.05 0.021875
1 0.97578125 0.44609375 0.0484375 0.0328125
1 0.9734375 0.4296875 0.053125 0.034375
1 0.98359375 0.38125 0.0328125 0.046875
1 0.971875 0.34140625 0.05625 0.0421875
1 0.97265625 0.08203125 0.0546875 0.0328125
1 0.97265625 0.05859375 0.0546875 0.0328125
1 0.85625 0.07890625 0.0828125 0.0359375
1 0.93203125 0.215625 0.084375 0.040625
1 0.990625 0.22265625 0.01875 0.0265625
1 0.45 0.61640625 0.053125 0.0203125
1 0.32890625 0.66171875 0.0484375 0.0234375
1 0.446875 0.6984375 0.0453125 0.0234375
1 0.48515625 0.86328125 0.0453125 0.0234375
1 0.5375 0.85703125 0.025 0.0203125
1 0.4765625 0.934375 0.0484375 0.0203125
1 0.39765625 0.9078125 0.0484375 0.021875
1 0.403125 0.98203125 0.046875 0.0203125
1 0.346875 0.934375 0.05 0.025
1 0.2609375 0.88203125 0.0546875 0.0265625
1 0.26484375 0.859375 0.0484375 0.0234375
1 0.796875 0.7875 0.0515625 0.025
1 0.61328125 0.8296875 0.065625 0.028125
1 0.57890625 0.753125 0.0578125 0.03125
1 0.74375 0.7390625 0.0703125 0.0296875