1 0.409375 0.2390625 0.025 0.0109375
0 0.42578125 0.228125 0.0109375 0.0078125
1 0.4546875 0.18828125 0.028125 0.0109375
1 0.68984375 0.21796875 0.0625 0.03125
1 0.83203125 0.2078125 0.0828125 0.0359375
1 0.63203125 0.075 0.0453125 0.0203125
1 0.5796875 0.08515625 0.0546875 0.0234375
1 0.58125 0.10703125 0.053125 0.028125
1 0.53125 0.1015625 0.0453125 0.0203125
1 0.503125 0.09921875 0.0546875 0.0265625
1 0.48984375 0.10078125 0.0421875 0.0234375
1 0.4953125 0.121875 0.05 0.021875
1 0.48046875 0.11328125 0.0234375 0.0171875
1 0.475 0.11484375 0.0125 0.0203125
1 0.5 0.14453125 0.0546875 0.0203125
1 0.490625 0.265625 0.04375 0.028125
1 0.45703125 0.71796875 0.0234375 0.0390625
1 0.43515625 0.64921875 0.0671875 0.0296875
1 0.459375 0.4875 0.01875 0.028125
1 0.4171875 0.478125 0.0734375 0.03125
1 0.3890625 0.51875 0.0640625 0.028125
1 0.36328125 0.51328125 0.059375 0.0296875
1 0.325 0.55390625 0.0578125 0.0234375
1 0.3421875 0.61875 0.0546875 0.0234375
1 0.365625 0.6515625 0.0609375 0.025
1 0.35234375 0.67265625 0.0484375 0.021875
1 0.33125 0.671875 0.053125 0.0203125
1 0.3140625 0.6671875 0.0359375 0.03125
1 0.30234375 0.70703125 0.05 0.021875
1 0.34375 0.71015625 0.05 0.028125
1 0.340625 0.72890625 0.0546875 0.0328125
1 0.28828125 0.77421875 0.053125 0.03125
1 0.346875 0.78125 0.0625 0.03125
1 0.29140625 0.93125 0.0578125 0.0234375
1 0.3234375 0.9453125 0.0625 0.03125
1 0.43671875 0.96484375 0.0640625 0.0359375
0 0.8390625 0.94140625 0.0140625 0.009375
0 0.8890625 0.778125 0.0140625 0.0125
0 0.96796875 0.6078125 0.0109375 0.0078125
0 0.925 0.51796875 0.0140625 0.009375
0 0.77109375 0.70703125 0.0171875 0.009375
0 0.6421875 0.63828125 0.0109375 0.0078125
0 0.6984375 0.45 0.0140625 0.009375
0 0.8328125 0.41171875 0.0109375 0.0078125
1 0.64765625 0.89921875 0.0484375 0.0234375
1 0.7234375 0.9265625 0.06875 0.0234375
1 0.66640625 0.81015625 0.0515625 0.025
1 0.64375 0.75859375 0.0453125 0.01875
1 0.69765625 0.68046875 0.0515625 0.021875
1 0.746875 0.73203125 0.065625 0.025
1 0.77265625 0.62109375 0.05625 0.0296875
1 0.75625 0.59453125 0.0546875 0.0265625
1 0.61484375 0.68828125 0.0390625 0.0171875
1 0.67890625 0.5890625 0.0484375 0.01875
1 0.7015625 0.559375 0.0421875 0.0203125
1 0.7125 0.5453125 0.05625 0.0203125
1 0.73984375 0.53125 0.0484375 0.021875
1 0.75859375 0.52109375 0.0578125 0.0234375
1 0.77109375 0.50859375 0.059375 0.025
1 0.79609375 0.4875 0.0609375 0.0234375
1 0.8984375 0.43203125 0.0765625 0.03125
1 0.80625 0.55625 0.0640625 0.0234375
1 0.79921875 0.5875 0.065625 0.0234375