0 0.73671875 0.5328125 0.0109375 0.0078125
1 0.72578125 0.54609375 0.046875 0.0203125
1 0.803125 0.46953125 0.0578125 0.025
1 0.73515625 0.45625 0.05 0.021875
1 0.765625 0.42265625 0.0484375 0.0234375
1 0.67421875 0.35546875 0.0453125 0.0203125
1 0.61875 0.30703125 0.0375 0.0171875
1 0.69140625 0.24453125 0.040625 0.0171875
1 0.753125 0.2671875 0.0515625 0.025
1 0.81015625 0.26953125 0.0609375 0.0296875
1 0.88046875 0.27734375 0.0703125 0.03125
1 0.93125 0.321875 0.0765625 0.03125
1 0.83671875 0.0109375 0.0703125 0.021875
1 0.7984375 0.03515625 0.0703125 0.028125
1 0.72265625 0.02265625 0.06875 0.0265625
1 0.65703125 0.06328125 0.0546875 0.025
1 0.64296875 0.08359375 0.0609375 0.021875
1 0.6359375 0.1859375 0.0421875 0.01875
1 0.67265625 0.23125 0.0515625 0.025
1 0.07890625 0.65859375 0.0484375 0.0265625
1 0.1078125 0.759375 0.0453125 0.0203125
1 0.1671875 0.7953125 0.0484375 0.0203125
1 0.15546875 0.82890625 0.0578125 0.028125
1 0.06484375 0.76328125 0.0453125 0.0234375
1 0.0640625 0.77265625 0.046875 0.0234375
1 0.37890625 0.7890625 0.0828125 0.0359375
1 0.39453125 0.9484375 0.0703125 0.0328125
1 0.196875 0.98046875 0.0625 0.0265625
1 0.91640625 0.628125 0.0671875 0.01875
1 0.99296875 0.8953125 0.0140625 0.034375
1 0.8265625 0.91015625 0.0546875 0.025
1 0.76171875 0.99140625 0.0640625 0.0171875
1 0.65859375 0.87578125 0.0515625 0.021875
1 0.646875 0.86953125 0.0484375 0.021875
1 0.7515625 0.81328125 0.0546875 0.025
1 0.71015625 0.73828125 0.05 0.0265625
1 0.628125 0.70234375 0.0578125 0.025
1 0.621875 0.678125 0.0515625 0.025
1 0.56640625 0.7453125 0.0453125 0.0234375