1 0.24140625 0.40625 0.034375 0.009375
1 0.30703125 0.3171875 0.0328125 0.0078125
1 0.3296875 0.33125 0.0203125 0.0140625
1 0.40546875 0.3140625 0.025 0.0078125
0 0.3921875 0.29921875 0.009375 0.00625
1 0.375 0.25234375 0.028125 0.00625
1 0.35703125 0.13125 0.0265625 0.0078125
1 0.3171875 0.02734375 0.0296875 0.0109375
1 0.22109375 0.10078125 0.040625 0.0140625
0 0.25390625 0.2671875 0.0125 0.0078125
1 0.7625 0.0484375 0.0421875 0.0171875
1 0.853125 0.01484375 0.03125 0.0078125
1 0.8296875 0.08125 0.034375 0.009375
1 0.89140625 0.11875 0.025 0.0078125
1 0.86328125 0.2125 0.0328125 0.0078125
1 0.78125 0.22265625 0.034375 0.0125
1 0.9328125 0.1578125 0.025 0.0078125
1 0.915625 0.146875 0.0265625 0.0109375
1 0.990625 0.15234375 0.01875 0.0109375
1 0.959375 0.19375 0.021875 0.009375
1 0.946875 0.2421875 0.025 0.0078125
1 0.9828125 0.00234375 0.021875 0.0046875
0 0.884375 0.00390625 0.015625 0.0078125
0 0.8828125 0.12421875 0.00625 0.00625
0 0.91484375 0.15234375 0.0125 0.0078125
1 0.15859375 0.91328125 0.0703125 0.021875
1 0.3109375 0.83203125 0.0609375 0.021875
1 0.3421875 0.9234375 0.053125 0.015625
1 0.35546875 0.76953125 0.0578125 0.01875
1 0.40234375 0.74609375 0.0546875 0.01875
1 0.31015625 0.72890625 0.05 0.015625
1 0.21484375 0.63515625 0.06875 0.0171875
1 0.2625 0.5421875 0.0625 0.0234375
1 0.3640625 0.55 0.059375 0.0171875
1 0.3796875 0.53984375 0.04375 0.0125
1 0.40546875 0.5734375 0.0484375 0.015625
1 0.425 0.6078125 0.009375 0.015625
0 0.31953125 0.87109375 0.025 0.009375
1 0.68125 0.47265625 0.059375 0.0078125
1 0.56953125 0.47265625 0.0546875 0.0078125
1 0.75 0.57890625 0.046875 0.0125
1 0.865625 0.62578125 0.034375 0.0125
1 0.68046875 0.6140625 0.05 0.0125
1 0.72421875 0.71171875 0.0578125 0.0171875
1 0.665625 0.725 0.05625 0.015625
1 0.69609375 0.84765625 0.0484375 0.01875
1 0.5890625 0.85546875 0.059375 0.0171875