1 0.42890625 0.4046875 0.0421875 0.0203125
1 0.43125 0.49609375 0.0375 0.0171875
1 0.35078125 0.559375 0.0515625 0.01875
1 0.36484375 0.35234375 0.0515625 0.021875
1 0.39375 0.34140625 0.0484375 0.0171875
1 0.440625 0.2609375 0.01875 0.0125
1 0.43828125 0.15859375 0.0234375 0.0078125
1 0.39453125 0.1625 0.040625 0.0125
1 0.3375 0.15390625 0.0484375 0.0171875
1 0.27421875 0.16171875 0.0546875 0.01875
1 0.225 0.21328125 0.0640625 0.0296875
1 0.2890625 0.23046875 0.0515625 0.0203125
1 0.309375 0.29765625 0.0546875 0.0234375
1 0.2890625 0.3484375 0.059375 0.0203125
1 0.2 0.0796875 0.071875 0.021875
1 0.21171875 0.09765625 0.0765625 0.025
0 0.378125 0.56015625 0.0203125 0.009375
0 0.85234375 0.503125 0.015625 0.0109375
1 0.86328125 0.5140625 0.0390625 0.015625
1 0.78984375 0.5125 0.05 0.0203125
1 0.7375 0.3859375 0.0546875 0.0203125
1 0.8921875 0.37890625 0.0390625 0.015625
1 0.83515625 0.31015625 0.0390625 0.0171875
1 0.78984375 0.296875 0.0515625 0.0234375
1 0.76484375 0.11640625 0.0453125 0.0171875
1 0.70625 0.10390625 0.0515625 0.0234375
1 0.821875 0.075 0.046875 0.0171875
1 0.7578125 0.0234375 0.05 0.0171875
1 0.68984375 0.00703125 0.0578125 0.0140625
1 0.09296875 0.98359375 0.065625 0.0328125
1 0.02109375 0.71953125 0.0421875 0.0296875
1 0.06171875 0.709375 0.0578125 0.021875
1 0.13671875 0.68046875 0.0625 0.03125
1 0.2125 0.65390625 0.0515625 0.021875
1 0.16328125 0.7765625 0.0546875 0.028125
1 0.22265625 0.94765625 0.0484375 0.0203125
1 0.23203125 0.93359375 0.0453125 0.0203125
1 0.2734375 0.85078125 0.0515625 0.0203125
1 0.253125 0.82734375 0.0515625 0.0203125
1 0.70390625 0.5796875 0.0921875 0.021875
1 0.9109375 0.61875 0.0703125 0.025
1 0.9546875 0.5765625 0.0625 0.015625
1 0.90546875 0.66171875 0.065625 0.0296875
1 0.88359375 0.85703125 0.0796875 0.03125
1 0.88203125 0.909375 0.0734375 0.028125
1 0.865625 0.9875 0.084375 0.025
1 0.96875 0.89921875 0.0625 0.0265625
1 0.97421875 0.9359375 0.0515625 0.028125