1 0.22421875 0.203125 0.0125 0.034375
1 0.20859375 0.26171875 0.0171875 0.0421875
1 0.11796875 0.278125 0.0140625 0.046875
1 0.078125 0.3765625 0.0171875 0.0515625
1 0.275 0.31015625 0.01875 0.0515625
1 0.27890625 0.28046875 0.0140625 0.046875
1 0.3421875 0.20546875 0.009375 0.034375
1 0.4421875 0.1859375 0.00625 0.0296875
1 0.44765625 0.2328125 0.0046875 0.040625
1 0.4421875 0.41015625 0.015625 0.0640625
1 0.41328125 0.35234375 0.0171875 0.0515625
1 0.34296875 0.35 0.01875 0.0546875
1 0.2984375 0.3828125 0.0140625 0.059375
0 0.071875 0.3515625 0.0078125 0.0203125
0 0.73671875 0.32265625 0.0078125 0.0125
1 0.68984375 0.47734375 0.0171875 0.05
1 0.54296875 0.23046875 0.0125 0.0375
1 0.52265625 0.30625 0.015625 0.0421875
1 0.525 0.32734375 0.015625 0.0453125
1 0.5015625 0.396875 0.0140625 0.0484375
1 0.48125 0.484375 0.0203125 0.05
1 0.56796875 0.45546875 0.01875 0.0515625
1 0.5796875 0.34765625 0.0140625 0.05
1 0.60859375 0.3640625 0.0140625 0.0453125
1 0.6484375 0.23359375 0.015625 0.0453125
1 0.66796875 0.24375 0.0109375 0.01875
1 0.9046875 0.63828125 0.01875 0.0421875
1 0.9671875 0.6109375 0.0171875 0.0578125
1 0.96875 0.4390625 0.0171875 0.0546875
1 0.94453125 0.315625 0.0125 0.04375
1 0.85546875 0.3484375 0.0171875 0.0515625
1 0.7640625 0.4015625 0.01875 0.0453125
1 0.74453125 0.30390625 0.01875 0.040625
1 0.7328125 0.26875 0.015625 0.040625
1 0.79453125 0.221875 0.0125 0.0375
1 0.2078125 0.9765625 0.021875 0.046875
1 0.3578125 0.97734375 0.01875 0.0453125
1 0.37890625 0.8421875 0.01875 0.0515625
1 0.31640625 0.803125 0.015625 0.046875
1 0.4296875 0.7296875 0.0125 0.04375
1 0.38359375 0.6953125 0.0125 0.04375
1 0.3609375 0.678125 0.015625 0.0375
1 0.0265625 0.73203125 0.0203125 0.0453125
1 0.12265625 0.77578125 0.01875 0.0453125
1 0.05390625 0.8875 0.021875 0.0671875
1 0.2109375 0.80859375 0.0171875 0.05
1 0.64296875 0.9875 0.0140625 0.025
1 0.7203125 0.99140625 0.015625 0.0171875
1 0.8 0.88203125 0.015625 0.059375
0 0.97890625 0.8671875 0.0078125 0.0125