1 0.434375 0.49375 0.025 0.0515625
1 0.43515625 0.4640625 0.0203125 0.0484375
1 0.3828125 0.38125 0.0140625 0.034375
1 0.28671875 0.34765625 0.009375 0.0296875
1 0.27109375 0.39296875 0.015625 0.040625
1 0.240625 0.4421875 0.0203125 0.0484375
1 0.2234375 0.503125 0.0203125 0.053125
1 0.29140625 0.51015625 0.0234375 0.0390625
1 0.3609375 0.5125 0.025 0.034375
1 0.09140625 0.3265625 0.0125 0.0375
1 0.071875 0.33671875 0.015625 0.040625
1 0.11875 0.51640625 0.025 0.0265625
1 0.13984375 0.51328125 0.0296875 0.0328125
1 0.9703125 0.41640625 0.0328125 0.09375
1 0.925 0.35546875 0.0375 0.0859375
1 0.71015625 0.26484375 0.028125 0.0734375
1 0.65546875 0.2359375 0.034375 0.0828125
1 0.57265625 0.26796875 0.0359375 0.0859375
1 0.6296875 0.165625 0.0296875 0.0625
1 0.615625 0.14296875 0.03125 0.059375
1 0.68203125 0.11953125 0.021875 0.0546875
1 0.68984375 0.10859375 0.0265625 0.065625
1 0.49609375 0.15546875 0.0140625 0.0578125
1 0.071875 0.5703125 0.0328125 0.0765625
1 0.1515625 0.74140625 0.0359375 0.0859375
1 0.2390625 0.8265625 0.0359375 0.09375
1 0.428125 0.6828125 0.0421875 0.0734375
1 0.478125 0.8421875 0.021875 0.078125
1 0.315625 0.64375 0.028125 0.0578125
1 0.36015625 0.59765625 0.03125 0.065625
1 0.4140625 0.60625 0.028125 0.0609375
1 0.4 0.653125 0.03125 0.0640625
1 0.36796875 0.54765625 0.0265625 0.0359375
1 0.24140625 0.546875 0.0296875 0.034375
1 0.1859375 0.55703125 0.03125 0.0546875
0 0.0375 0.74453125 0.021875 0.0421875
1 0.934375 0.8171875 0.021875 0.0546875
1 0.9484375 0.7 0.0171875 0.04375
1 0.8953125 0.715625 0.0203125 0.0515625
1 0.83828125 0.64296875 0.0140625 0.0359375
1 0.70859375 0.7484375 0.028125 0.05
1 0.70390625 0.73203125 0.0203125 0.053125
1 0.71875 0.70625 0.01875 0.0453125
1 0.67578125 0.7234375 0.0234375 0.0546875
1 0.6828125 0.7125 0.01875 0.05625
1 0.66484375 0.71484375 0.0203125 0.053125
1 0.65703125 0.715625 0.021875 0.059375
1 0.64453125 0.71328125 0.0171875 0.05
1 0.64140625 0.72421875 0.021875 0.05625
1 0.61953125 0.728125 0.0203125 0.053125
1 0.62578125 0.70703125 0.021875 0.053125