1 0.00703125 0.49140625 0.0125 0.03125
1 0.11640625 0.50390625 0.021875 0.0421875
1 0.190625 0.459375 0.0140625 0.0265625
1 0.12421875 0.39296875 0.0171875 0.0328125
1 0.040625 0.3109375 0.0203125 0.053125
1 0.31484375 0.225 0.0203125 0.0453125
1 0.325 0.2328125 0.0203125 0.05
1 0.421875 0.3125 0.0296875 0.0515625
1 0.35078125 0.33671875 0.0234375 0.0421875
1 0.33359375 0.41953125 0.0171875 0.0390625
1 0.28046875 0.47109375 0.0203125 0.0390625
1 0.53125 0.225 0.0453125 0.0875
1 0.575 0.221875 0.04375 0.0875
1 0.60390625 0.28125 0.03125 0.0828125
1 0.6296875 0.2828125 0.0328125 0.0734375
1 0.7921875 0.0859375 0.046875 0.09375
1 0.8546875 0.0625 0.0453125 0.0921875
1 0.93046875 0.203125 0.0390625 0.0890625
1 0.9546875 0.18046875 0.040625 0.078125
1 0.82734375 0.3296875 0.0265625 0.065625
1 0.98984375 0.26171875 0.0203125 0.0828125
1 0.1546875 0.8546875 0.034375 0.075
1 0.4046875 0.61328125 0.040625 0.0484375
1 0.23828125 0.8703125 0.034375 0.06875
1 0.31015625 0.62734375 0.0421875 0.0765625
1 0.2578125 0.7734375 0.034375 0.06875
1 0.42734375 0.79375 0.0296875 0.06875
1 0.50625 0.88828125 0.025 0.0609375
1 0.54765625 0.93515625 0.0234375 0.0625
1 0.584375 0.9890625 0.01875 0.021875
1 0.5890625 0.91796875 0.028125 0.05625
1 0.571875 0.81953125 0.0328125 0.0671875
1 0.65234375 0.7140625 0.04375 0.0765625
1 0.69453125 0.81953125 0.025 0.0578125
1 0.73671875 0.79765625 0.0234375 0.0515625
1 0.9859375 0.7203125 0.028125 0.065625
1 0.95546875 0.8859375 0.025 0.0484375
1 0.9078125 0.85234375 0.0296875 0.059375
1 0.87890625 0.83359375 0.028125 0.0609375
1 0.8328125 0.940625 0.0203125 0.0390625
1 0.8 0.99296875 0.01875 0.0140625
1 0.80546875 0.9328125 0.0203125 0.053125
1 0.68671875 0.93046875 0.0234375 0.0546875