1 0.25703125 0.3234375 0.01875 0.0421875
1 0.315625 0.3125 0.01875 0.0421875
1 0.2875 0.26484375 0.015625 0.03125
1 0.26015625 0.2734375 0.01875 0.0296875
1 0.24296875 0.27109375 0.0203125 0.0328125
1 0.2453125 0.23359375 0.021875 0.0421875
1 0.21796875 0.278125 0.01875 0.0390625
1 0.1609375 0.2296875 0.0140625 0.03125
1 0.06875 0.16875 0.021875 0.0421875
1 0.01171875 0.2640625 0.01875 0.0328125
1 0.0484375 0.35390625 0.021875 0.0109375
0 0.25546875 0.26875 0.0046875 0.009375
1 0.51953125 0.13203125 0.0203125 0.0640625
1 0.546875 0.11171875 0.028125 0.0671875
1 0.5296875 0.06328125 0.0265625 0.0515625
1 0.51953125 0.0546875 0.0203125 0.053125
1 0.5640625 0.0375 0.021875 0.053125
1 0.56484375 0.040625 0.0203125 0.05
1 0.81796875 0.1296875 0.0234375 0.0625
1 0.78125 0.1890625 0.028125 0.065625
1 0.70078125 0.17890625 0.0296875 0.0625
1 0.59453125 0.16640625 0.03125 0.059375
1 0.73828125 0.2625 0.0359375 0.0640625
1 0.8890625 0.27890625 0.0375 0.071875
1 0.86953125 0.21328125 0.03125 0.0703125
0 0.015625 0.89375 0.0171875 0.0296875
1 0.22890625 0.6609375 0.0328125 0.0625
1 0.234375 0.80390625 0.0375 0.0828125
1 0.37421875 0.60859375 0.021875 0.0453125
1 0.365625 0.55625 0.025 0.0546875
1 0.34375 0.55703125 0.0296875 0.053125
1 0.3515625 0.50703125 0.021875 0.0453125
1 0.3546875 0.47890625 0.028125 0.0546875
1 0.353125 0.45625 0.025 0.0609375
1 0.33203125 0.4703125 0.0234375 0.05
1 0.340625 0.446875 0.01875 0.0421875
1 0.33984375 0.43203125 0.021875 0.0515625
1 0.33515625 0.4015625 0.025 0.0515625
1 0.3203125 0.40234375 0.025 0.05
1 0.315625 0.4265625 0.025 0.053125
1 0.309375 0.47421875 0.021875 0.053125
1 0.18828125 0.453125 0.0296875 0.0609375
1 0.2484375 0.39140625 0.025 0.0609375
1 0.93984375 0.50390625 0.034375 0.05625
1 0.80546875 0.3703125 0.0359375 0.021875
1 0.884375 0.38203125 0.021875 0.0453125
1 0.7515625 0.3703125 0.021875 0.021875