1 0.66328125 0.06328125 0.0234375 0.0453125
1 0.60625 0.0484375 0.021875 0.0484375
1 0.4046875 0.1421875 0.01875 0.0421875
1 0.4546875 0.203125 0.0171875 0.0421875
1 0.5125 0.21640625 0.0171875 0.0421875
1 0.4828125 0.26328125 0.015625 0.03125
1 0.45546875 0.25390625 0.01875 0.0296875
1 0.4390625 0.25546875 0.01875 0.0328125
1 0.4390625 0.29296875 0.0203125 0.0421875
1 0.4140625 0.2484375 0.0171875 0.0390625
1 0.3546875 0.29453125 0.0125 0.03125
1 0.2609375 0.3515625 0.0203125 0.0421875
1 0.17421875 0.34296875 0.0140625 0.0265625
1 0.20703125 0.2546875 0.0171875 0.0328125
1 0.2484375 0.1453125 0.0203125 0.0546875
1 0.02890625 0.3671875 0.0171875 0.0390625
1 0.0984375 0.3921875 0.0203125 0.0390625
0 0.4515625 0.25859375 0.0046875 0.009375
1 0.903125 0.01328125 0.01875 0.0265625
1 0.90078125 0.0796875 0.015625 0.0328125
1 0.9234375 0.11953125 0.0140625 0.0375
1 0.97109375 0.12109375 0.0125 0.0296875
1 0.97421875 0.13828125 0.0125 0.034375
1 0.99296875 0.15390625 0.0109375 0.025
1 0.94296875 0.17578125 0.0125 0.034375
1 0.921875 0.19296875 0.0109375 0.025
1 0.884375 0.1703125 0.015625 0.0328125
1 0.85703125 0.1453125 0.0125 0.028125
1 0.83359375 0.16015625 0.015625 0.0296875
1 0.740625 0.18671875 0.015625 0.0359375
1 0.79765625 0.2234375 0.0125 0.0328125
1 0.86796875 0.234375 0.0125 0.0265625
0 0.821875 0.1484375 0.009375 0.0140625
1 0.05625 0.71015625 0.0328125 0.0828125
1 0.00703125 0.87578125 0.0140625 0.0765625
1 0.12734375 0.86484375 0.025 0.0609375
1 0.14453125 0.97109375 0.0203125 0.0515625
1 0.16953125 0.86875 0.021875 0.0515625
1 0.17109375 0.69375 0.0265625 0.0734375
1 0.321875 0.59140625 0.028125 0.0734375
1 0.34375 0.60390625 0.0234375 0.0609375
1 0.3890625 0.646875 0.0265625 0.0578125
1 0.46640625 0.67578125 0.0234375 0.0578125
1 0.47578125 0.51953125 0.028125 0.0640625
1 0.58125 0.725 0.0203125 0.0515625
1 0.47265625 0.9140625 0.01875 0.0421875
1 0.3546875 0.95390625 0.025 0.05
1 0.31640625 0.97734375 0.015625 0.0359375
1 0.22578125 0.98359375 0.0171875 0.0328125
0 0.35390625 0.64140625 0.0109375 0.015625
1 0.625 0.48359375 0.03125 0.0765625
1 0.75625 0.74453125 0.021875 0.0515625
1 0.77265625 0.74609375 0.021875 0.046875
1 0.91328125 0.70625 0.0265625 0.0609375
1 0.9515625 0.56171875 0.028125 0.075
1 0.8875 0.54921875 0.028125 0.0796875
1 0.7703125 0.56328125 0.0296875 0.0703125
1 0.7515625 0.6875 0.03125 0.065625
1 0.72109375 0.7125 0.0234375 0.065625