1 0.07890625 0.4078125 0.03125 0.0765625
1 0.56796875 0.1328125 0.03125 0.065625
1 0.58203125 0.184375 0.028125 0.0625
1 0.6 0.20390625 0.0265625 0.0640625
1 0.5984375 0.14765625 0.028125 0.0703125
1 0.7421875 0.0796875 0.0390625 0.0796875
1 0.69140625 0.1921875 0.028125 0.0671875
1 0.68828125 0.278125 0.0265625 0.0640625
0 0.74296875 0.26875 0.0078125 0.0109375
1 0.7359375 0.29375 0.025 0.0546875
1 0.73828125 0.246875 0.025 0.0578125
1 0.753125 0.27734375 0.028125 0.05625
1 0.803125 0.3078125 0.025 0.0578125
1 0.86171875 0.26875 0.0328125 0.065625
1 0.94140625 0.3171875 0.0296875 0.059375
1 0.93203125 0.07578125 0.0453125 0.0875
1 0.7578125 0.18515625 0.03125 0.075
1 0.796875 0.20234375 0.03125 0.0640625
1 0.82265625 0.20703125 0.0375 0.0734375
1 0.0890625 0.646875 0.0265625 0.0546875
1 0.16953125 0.69609375 0.0234375 0.0484375
1 0.17890625 0.7234375 0.0203125 0.046875
1 0.19296875 0.63671875 0.021875 0.046875
1 0.309375 0.78203125 0.0203125 0.0484375
1 0.34765625 0.75546875 0.0234375 0.0484375
1 0.4078125 0.809375 0.0171875 0.0359375
1 0.40390625 0.8265625 0.01875 0.0390625
1 0.46640625 0.73203125 0.0234375 0.046875
1 0.49765625 0.79921875 0.021875 0.0484375
0 0.74453125 0.6859375 0.0046875 0.009375
1 0.73515625 0.70390625 0.0203125 0.0453125
1 0.76015625 0.64609375 0.021875 0.0515625
1 0.83203125 0.771875 0.01875 0.0390625
1 0.965625 0.553125 0.025 0.0515625
1 0.95 0.7421875 0.0203125 0.046875
1 0.990625 0.90859375 0.0140625 0.0328125