1 0.43125 0.01796875 0.0375 0.0296875
1 0.390625 0.08828125 0.0671875 0.0265625
1 0.43984375 0.36484375 0.0203125 0.0234375
1 0.403125 0.35703125 0.0546875 0.0203125
1 0.3046875 0.33671875 0.078125 0.028125
1 0.40078125 0.44609375 0.05 0.021875
1 0.378125 0.453125 0.0546875 0.0203125
1 0.4 0.28046875 0.0546875 0.0203125
1 0.42890625 0.24609375 0.0421875 0.0265625
1 0.728125 0.09765625 0.0734375 0.0265625
1 0.753125 0.2 0.0625 0.028125
1 0.82109375 0.26875 0.046875 0.021875
1 0.88359375 0.3015625 0.0453125 0.0203125
1 0.88515625 0.32109375 0.0390625 0.0171875
1 0.80625 0.41796875 0.0515625 0.021875
1 0.81328125 0.43515625 0.05625 0.0203125
1 0.76796875 0.41953125 0.0453125 0.021875
1 0.68515625 0.44609375 0.05625 0.01875
1 0.69453125 0.44375 0.0515625 0.0203125
1 0.86484375 0.20390625 0.046875 0.01875
1 0.90625 0.165625 0.0453125 0.01875
1 0.8890625 0.1015625 0.0421875 0.0203125
1 0.9203125 0.07578125 0.0453125 0.01875
1 0.890625 0.0546875 0.05 0.0265625
1 0.85625 0.00390625 0.05625 0.0078125
1 0.859375 0.1046875 0.0359375 0.0203125
1 0.84609375 0.17109375 0.0453125 0.01875
1 0.85625 0.1453125 0.0421875 0.0171875
0 0.83203125 0.159375 0.0140625 0.009375
1 0.25625 0.81484375 0.08125 0.0375
1 0.265625 0.8515625 0.0828125 0.034375
1 0.35390625 0.85078125 0.0796875 0.028125
1 0.43828125 0.81171875 0.0234375 0.0265625
1 0.4421875 0.7859375 0.015625 0.025
1 0.4265625 0.68984375 0.046875 0.0265625
1 0.41875 0.61796875 0.0625 0.0296875
1 0.5171875 0.8890625 0.0796875 0.046875
1 0.66171875 0.86171875 0.084375 0.046875
1 0.80078125 0.9796875 0.05 0.028125
1 0.8359375 0.96484375 0.0453125 0.025
1 0.77109375 0.92890625 0.059375 0.0328125
1 0.796875 0.90078125 0.0484375 0.025
1 0.86328125 0.92109375 0.0484375 0.021875
1 0.88515625 0.91015625 0.046875 0.0234375
1 0.840625 0.8296875 0.0484375 0.0234375
1 0.8390625 0.76875 0.0546875 0.0296875
1 0.7703125 0.73203125 0.0703125 0.0359375
1 0.83125 0.6875 0.05625 0.0296875
1 0.95859375 0.72421875 0.0390625 0.01875
1 0.94765625 0.6015625 0.0546875 0.028125
1 0.85 0.55390625 0.0671875 0.028125
1 0.9234375 0.51015625 0.0546875 0.0265625
1 0.77734375 0.528125 0.075 0.0359375