1 0.10625 0.06796875 0.0171875 0.0453125
1 0.12421875 0.0390625 0.015625 0.0375
1 0.13515625 0.10234375 0.021875 0.0453125
1 0.146875 0.15078125 0.01875 0.0546875
1 0.16484375 0.24921875 0.025 0.078125
1 0.23046875 0.11953125 0.0203125 0.05
1 0.2453125 0.1375 0.01875 0.0546875
1 0.26953125 0.11640625 0.021875 0.0546875
1 0.30390625 0.121875 0.021875 0.0578125
1 0.28125 0.0609375 0.0203125 0.0484375
1 0.3703125 0.09453125 0.01875 0.05625
1 0.38828125 0.1015625 0.0203125 0.0609375
1 0.38515625 0.1515625 0.0265625 0.0671875
1 0.07734375 0.18203125 0.01875 0.0546875
1 0.03046875 0.15703125 0.025 0.065625
0 0.0796875 0.05 0.0046875 0.009375
0 0.74609375 0.3171875 0.0125 0.0234375
1 0.671875 0.2921875 0.021875 0.0609375
1 0.6796875 0.2453125 0.0265625 0.0671875
1 0.72109375 0.15859375 0.025 0.0609375
1 0.84609375 0.2734375 0.03125 0.0765625
1 0.74453125 0.2859375 0.0296875 0.0671875
1 0.08671875 0.94609375 0.0296875 0.0796875
1 0.14296875 0.88984375 0.0234375 0.0671875
1 0.2125 0.96328125 0.0375 0.0734375
1 0.29296875 0.8546875 0.028125 0.0640625
1 0.39765625 0.78515625 0.0296875 0.0640625
1 0.4734375 0.88515625 0.028125 0.0828125
1 0.4828125 0.9125 0.0375 0.065625
1 0.52421875 0.82421875 0.0296875 0.0671875
1 0.5078125 0.78046875 0.0265625 0.0671875
1 0.4984375 0.7234375 0.0265625 0.0671875
1 0.43515625 0.69453125 0.01875 0.0546875
1 0.171875 0.71875 0.0171875 0.0390625
1 0.17578125 0.8203125 0.0265625 0.0640625
1 0.121875 0.7046875 0.015625 0.0421875
1 0.09296875 0.82265625 0.0203125 0.0546875
1 0.00546875 0.87734375 0.0109375 0.0640625
0 0.61171875 0.7 0.009375 0.015625
1 0.61015625 0.66953125 0.0265625 0.05
1 0.62109375 0.684375 0.015625 0.028125
1 0.6078125 0.74765625 0.0234375 0.0703125
1 0.6765625 0.73046875 0.0265625 0.0703125
1 0.6515625 0.865625 0.0296875 0.0828125
1 0.71171875 0.72265625 0.025 0.0703125
1 0.7375 0.67890625 0.0234375 0.0671875
1 0.74140625 0.6390625 0.0171875 0.0453125
1 0.75546875 0.65078125 0.0171875 0.0515625
1 0.7625 0.6984375 0.021875 0.0609375
1 0.7765625 0.646875 0.0203125 0.059375
1 0.79375 0.6359375 0.01875 0.05625
1 0.8234375 0.725 0.0203125 0.06875
1 0.871875 0.7453125 0.0296875 0.0796875