1 0.415625 0.18125 0.05625 0.0328125
1 0.36875 0.35078125 0.0515625 0.025
1 0.325 0.27265625 0.0453125 0.01875
1 0.31171875 0.3859375 0.0359375 0.01875
1 0.2921875 0.42578125 0.0453125 0.01875
1 0.43203125 0.42890625 0.0484375 0.028125
1 0.39921875 0.46796875 0.04375 0.0296875
1 0.2703125 0.0453125 0.0515625 0.034375
1 0.2921875 0.12421875 0.053125 0.0203125
1 0.21484375 0.003125 0.0359375 0.00625
1 0.4390625 0.484375 0.059375 0.021875
1 0.3359375 0.8078125 0.09375 0.046875
1 0.3296875 0.74140625 0.0921875 0.0453125
1 0.1703125 0.73515625 0.0890625 0.0390625
1 0.1796875 0.703125 0.078125 0.040625
1 0.1015625 0.8828125 0.065625 0.0265625
1 0.0875 0.70078125 0.0828125 0.0359375
1 0.0921875 0.64453125 0.09375 0.0296875
1 0.646875 0.746875 0.075 0.04375
1 0.6765625 0.77734375 0.0734375 0.03125
1 0.73125 0.91484375 0.078125 0.034375
1 0.80859375 0.934375 0.0890625 0.0375
1 0.78125 0.63671875 0.090625 0.0140625
0 0.76015625 0.6328125 0.0265625 0.00625
1 0.63203125 0.690625 0.0453125 0.04375
1 0.6234375 0.665625 0.028125 0.040625