1 0.41640625 0.12578125 0.05 0.015625
1 0.4453125 0.040625 0.04375 0.0109375
1 0.4796875 0.1484375 0.034375 0.0125
1 0.50625 0.184375 0.04375 0.0109375
1 0.36953125 0.2140625 0.0453125 0.0203125
1 0.409375 0.24609375 0.0390625 0.0234375
1 0.3734375 0.2703125 0.059375 0.0109375
1 0.97890625 0.1953125 0.0421875 0.015625
1 0.9359375 0.0609375 0.071875 0.025
0 0.23125 0.678125 0.0140625 0.0078125
1 0.21484375 0.98359375 0.05 0.009375
1 0.2265625 0.953125 0.040625 0.0109375
1 0.3015625 0.9890625 0.04375 0.0109375
1 0.346875 0.909375 0.040625 0.0109375
1 0.37265625 0.8765625 0.040625 0.0125
1 0.36484375 0.8140625 0.040625 0.0140625
1 0.30546875 0.8234375 0.04375 0.0140625
1 0.25703125 0.76171875 0.034375 0.0109375
1 0.35546875 0.71484375 0.040625 0.0140625
1 0.415625 0.66484375 0.034375 0.0125
1 0.315625 0.6390625 0.05 0.0140625
1 0.27734375 0.63046875 0.046875 0.009375
1 0.27265625 0.59765625 0.04375 0.015625
1 0.253125 0.50390625 0.040625 0.0109375
1 0.11875 0.64296875 0.0625 0.0171875
1 0.19921875 0.659375 0.046875 0.0125
1 0.24609375 0.6875 0.053125 0.0109375
0 0.86875 0.73359375 0.0328125 0.0140625
1 0.8171875 0.5640625 0.071875 0.0265625
1 0.97890625 0.54140625 0.0421875 0.0171875
1 0.99375 0.62265625 0.0125 0.0296875
1 0.99296875 0.66875 0.0140625 0.021875