1 0.16015625 0.38125 0.0234375 0.053125
1 0.00703125 0.29375 0.0140625 0.05
1 0.09296875 0.2703125 0.009375 0.04375
1 0.3265625 0.27265625 0.0265625 0.046875
1 0.2453125 0.27421875 0.0109375 0.053125
0 0.5203125 0.2515625 0.0046875 0.00625
1 0.471875 0.2859375 0.009375 0.04375
1 0.50078125 0.26328125 0.0078125 0.04375
1 0.5078125 0.2765625 0.0078125 0.03125
1 0.50390625 0.26015625 0.0109375 0.015625
1 0.4890625 0.24453125 0.009375 0.034375
1 0.434375 0.24453125 0.009375 0.0375
1 0.41953125 0.23359375 0.009375 0.0390625
1 0.40390625 0.221875 0.015625 0.028125
1 0.3859375 0.23046875 0.009375 0.034375
1 0.38046875 0.28515625 0.0109375 0.053125
1 0.92109375 0.2671875 0.0140625 0.0875
1 0.54375 0.9859375 0.015625 0.028125
1 0.5390625 0.9671875 0.0109375 0.046875
1 0.4703125 0.896875 0.00625 0.034375
1 0.36875 0.884375 0.003125 0.0296875
1 0.36328125 0.93203125 0.00625 0.040625
1 0.34296875 0.98125 0.0109375 0.0375
1 0.17421875 0.9046875 0.0046875 0.0375
1 0.15703125 0.91796875 0.00625 0.040625
1 0.0828125 0.95546875 0.00625 0.046875
1 0.865625 0.47890625 0.0125 0.0203125