1 0.07265625 0.05703125 0.0375 0.0171875
1 0.08671875 0.04609375 0.04375 0.0125
1 0.10625 0.19921875 0.0484375 0.01875
1 0.0421875 0.12578125 0.0375 0.0109375
1 0.015625 0.31875 0.03125 0.0125
1 0.0546875 0.3 0.05 0.015625
1 0.04296875 0.27265625 0.05 0.01875
1 0.50625 0.42578125 0.0640625 0.021875
1 0.703125 0.5140625 0.040625 0.009375
1 0.75625 0.50625 0.03125 0.0109375
1 0.7484375 0.44765625 0.03125 0.0109375
1 0.7296875 0.43203125 0.0296875 0.0078125
1 0.74609375 0.42265625 0.0296875 0.0109375
1 0.7734375 0.41796875 0.028125 0.0109375
1 0.765625 0.3890625 0.028125 0.0109375
1 0.66875 0.38203125 0.034375 0.0171875
1 0.67265625 0.3109375 0.04375 0.00625
1 0.63203125 0.23515625 0.05 0.0140625
1 0.63984375 0.18203125 0.046875 0.0125
1 0.690625 0.2265625 0.040625 0.0109375
1 0.7125 0.2546875 0.0375 0.0109375
1 0.71953125 0.26953125 0.034375 0.0140625
1 0.6984375 0.0890625 0.04375 0.0140625
1 0.075 0.521875 0.065625 0.00625
1 0.06171875 0.55 0.0640625 0.01875
1 0.07890625 0.628125 0.065625 0.01875
1 0.60859375 0.59921875 0.065625 0.01875
1 0.71015625 0.62890625 0.046875 0.0125
1 0.703125 0.75078125 0.04375 0.0140625
1 0.6421875 0.7453125 0.046875 0.01875
1 0.62578125 0.74453125 0.04375 0.0140625
1 0.5640625 0.6484375 0.071875 0.0140625
1 0.53984375 0.628125 0.0625 0.0125
1 0.53203125 0.72578125 0.059375 0.015625
1 0.49453125 0.8640625 0.0703125 0.025
1 0.54140625 0.89140625 0.078125 0.0203125
1 0.771875 0.91484375 0.04375 0.0140625