1 0.0125 0.13515625 0.025 0.0171875
1 0.00703125 0.17890625 0.0140625 0.0140625
1 0.8 0.20703125 0.0875 0.021875
1 0.7421875 0.26015625 0.078125 0.0171875
1 0.659375 0.16328125 0.0734375 0.0171875
1 0.6359375 0.17109375 0.075 0.0140625
1 0.56328125 0.18828125 0.065625 0.015625
1 0.5203125 0.2125 0.065625 0.0171875
1 0.52890625 0.253125 0.059375 0.0171875
1 0.54765625 0.34296875 0.05625 0.021875
1 0.44921875 0.3515625 0.053125 0.0125
1 0.2453125 0.46015625 0.046875 0.0171875
1 0.146875 0.45546875 0.05 0.0109375
1 0.1890625 0.52890625 0.05625 0.0171875
1 0.0890625 0.521875 0.05 0.0109375
1 0.0640625 0.47109375 0.04375 0.0125
1 0.04296875 0.5609375 0.04375 0.0140625
1 0.02734375 0.64453125 0.04375 0.009375
1 0.0328125 0.6265625 0.04375 0.0125
1 0.103125 0.571875 0.040625 0.009375
1 0.1734375 0.6953125 0.0515625 0.0171875
1 0.05859375 0.7921875 0.046875 0.0140625
1 0.125 0.93984375 0.0515625 0.015625
1 0.15703125 0.89140625 0.046875 0.0140625
1 0.23046875 0.86328125 0.046875 0.0171875
1 0.24296875 0.94765625 0.0515625 0.0171875
1 0.1671875 0.97421875 0.053125 0.0125
1 0.04140625 0.40703125 0.040625 0.009375
0 0.034375 0.4125 0.0125 0.009375
1 0.82578125 0.50078125 0.05 0.0171875
1 0.725 0.49609375 0.05 0.0109375
1 0.7671875 0.56953125 0.05625 0.0171875
1 0.6671875 0.5625 0.05 0.0109375
1 0.6421875 0.51171875 0.04375 0.0125
1 0.62109375 0.6015625 0.04375 0.0140625
1 0.53046875 0.63125 0.040625 0.0125
1 0.5609375 0.653125 0.040625 0.0109375
1 0.60546875 0.68515625 0.04375 0.009375
1 0.6109375 0.6671875 0.04375 0.0125
1 0.68125 0.6125 0.040625 0.009375
1 0.7515625 0.7359375 0.0515625 0.0171875
1 0.63671875 0.8328125 0.046875 0.0140625
1 0.53125 0.8125 0.0375 0.0125
1 0.703125 0.98046875 0.0515625 0.015625
1 0.73515625 0.93203125 0.046875 0.0140625
1 0.80859375 0.90390625 0.046875 0.0171875
1 0.821875 0.9890625 0.053125 0.0171875
1 0.61953125 0.44765625 0.040625 0.009375
0 0.6125 0.453125 0.0125 0.009375