1 0.4921875 0.1796875 0.0640625 0.0296875
1 0.4890625 0.2265625 0.0703125 0.028125
1 0.3828125 0.09375 0.0578125 0.028125
1 0.3421875 0.18671875 0.0640625 0.0359375
1 0.33828125 0.2125 0.053125 0.021875
1 0.29921875 0.29140625 0.040625 0.025
1 0.2828125 0.28515625 0.0453125 0.021875
1 0.30859375 0.4375 0.05 0.0265625
1 0.3484375 0.3484375 0.0390625 0.01875
1 0.4265625 0.33828125 0.0578125 0.025
1 0.45625 0.340625 0.059375 0.03125
1 0.5203125 0.47890625 0.0578125 0.025
1 0.51953125 0.50859375 0.0640625 0.0203125
1 0.440625 0.51484375 0.053125 0.0078125
1 0.38671875 0.51171875 0.0515625 0.0140625
1 0.39140625 0.4890625 0.0515625 0.0265625
1 0.228125 0.0953125 0.0390625 0.01875
1 0.22890625 0.2140625 0.0375 0.015625
0 0.246875 0.2140625 0.0109375 0.0078125
0 0.61796875 0.08984375 0.0203125 0.0140625
1 0.75 0.20859375 0.109375 0.0421875
1 0.640625 0.15234375 0.084375 0.0328125
1 0.58203125 0.128125 0.0265625 0.034375
1 0.5859375 0.48984375 0.034375 0.0359375
1 0.27734375 0.909375 0.071875 0.028125
1 0.128125 0.9 0.053125 0.028125
1 0.09140625 0.86953125 0.0484375 0.0203125
1 0.071875 0.81875 0.0421875 0.0203125
1 0.12265625 0.7453125 0.0609375 0.0265625
1 0.0953125 0.6609375 0.0546875 0.0234375
1 0.06171875 0.5515625 0.0609375 0.0265625
1 0.02890625 0.6484375 0.046875 0.0203125
1 0.07734375 0.69765625 0.040625 0.021875
1 0.07890625 0.8890625 0.040625 0.01875
1 0.065625 0.88828125 0.0359375 0.0171875
1 0.0484375 0.8078125 0.0453125 0.0234375
1 0.025 0.709375 0.0421875 0.021875
1 0.034375 0.6734375 0.046875 0.0203125
1 0.01953125 0.66015625 0.0390625 0.0203125
0 0.171875 0.81328125 0.015625 0.0125
0 0.24921875 0.95234375 0.0109375 0.0078125
0 0.17578125 0.6609375 0.015625 0.009375
0 0.12734375 0.5953125 0.0140625 0.009375
0 0.26484375 0.58203125 0.0171875 0.009375
0 0.23046875 0.73671875 0.0140625 0.009375
0 0.37109375 0.7015625 0.0140625 0.0125
0 0.31875 0.82890625 0.015625 0.0109375
0 0.41328125 0.89921875 0.0140625 0.0109375
0 0.53359375 0.87734375 0.0109375 0.0078125
0 0.40703125 0.590625 0.015625 0.009375
1 0.990625 0.8859375 0.01875 0.01875
1 0.990625 0.85078125 0.01875 0.0171875
1 0.96484375 0.85390625 0.034375 0.0140625
1 0.975 0.8328125 0.0328125 0.0171875
1 0.99140625 0.8203125 0.0171875 0.015625
0 0.93828125 0.8734375 0.015625 0.009375
0 0.78203125 0.68515625 0.015625 0.0078125