1 0.01171875 0.10859375 0.0234375 0.0140625
1 0.01328125 0.0796875 0.0265625 0.01875
1 0.0609375 0.05546875 0.0546875 0.01875
1 0.053125 0.00859375 0.053125 0.015625
1 0.0890625 0.146875 0.040625 0.0125
1 0.09375 0.2390625 0.0453125 0.01875
1 0.06015625 0.246875 0.040625 0.0140625
1 0.025 0.28125 0.05 0.015625
1 0.0734375 0.31796875 0.046875 0.015625
1 0.08515625 0.315625 0.0484375 0.01875
1 0.04453125 0.3578125 0.059375 0.0140625
0 0.6703125 0.23984375 0.0140625 0.009375
1 0.81796875 0.3609375 0.040625 0.015625
1 0.7046875 0.3203125 0.034375 0.0125
1 0.79765625 0.2625 0.040625 0.015625
1 0.85234375 0.20703125 0.034375 0.0140625
1 0.75 0.19140625 0.05 0.015625
1 0.71171875 0.1875 0.046875 0.0109375
1 0.703125 0.1546875 0.0453125 0.0171875
1 0.67421875 0.0640625 0.040625 0.0125
1 0.5546875 0.21640625 0.0640625 0.0203125
1 0.63671875 0.22421875 0.046875 0.0140625
1 0.6859375 0.246875 0.053125 0.0125
0 0.44921875 0.76796875 0.034375 0.0140625
1 0.38046875 0.6046875 0.0734375 0.028125
1 0.70703125 0.371875 0.0640625 0.00625
1 0.725 0.3734375 0.05625 0.009375
1 0.5421875 0.56640625 0.05 0.01875
1 0.58515625 0.6421875 0.0578125 0.03125
1 0.59140625 0.68828125 0.065625 0.025
1 0.71640625 0.578125 0.0484375 0.015625
1 0.7875 0.371875 0.05 0.00625
1 0.88984375 0.40859375 0.0484375 0.015625
1 0.840625 0.60859375 0.05625 0.015625
1 0.93125 0.65625 0.053125 0.0140625
1 0.74375 0.77578125 0.0515625 0.0203125
1 0.7578125 0.91015625 0.0546875 0.01875
1 0.8703125 0.86796875 0.0484375 0.01875
1 0.6359375 0.98828125 0.0734375 0.0203125