1 0.0828125 0.30859375 0.0734375 0.025
1 0.11015625 0.39609375 0.0671875 0.028125
1 0.2203125 0.32421875 0.0515625 0.0171875
1 0.21484375 0.2953125 0.0640625 0.021875
1 0.27890625 0.26640625 0.0546875 0.0234375
1 0.26796875 0.21953125 0.0546875 0.0203125
1 0.16328125 0.0421875 0.0625 0.0265625
1 0.31328125 0.35546875 0.0421875 0.015625
1 0.325 0.446875 0.0453125 0.021875
1 0.29140625 0.45703125 0.0421875 0.0171875
1 0.25546875 0.49375 0.0578125 0.0203125
1 0.31015625 0.52734375 0.0484375 0.01875
1 0.32109375 0.52421875 0.0484375 0.021875
1 0.6328125 0.51015625 0.0453125 0.0203125
1 0.59921875 0.4625 0.0484375 0.01875
1 0.61875 0.240625 0.0421875 0.0171875
1 0.69296875 0.26640625 0.0421875 0.015625
1 0.725 0.31640625 0.0421875 0.015625
1 0.75859375 0.27265625 0.03125 0.0140625
1 0.740625 0.25078125 0.0296875 0.015625
1 0.73671875 0.23359375 0.0328125 0.0171875
1 0.771875 0.221875 0.0421875 0.01875
1 0.72109375 0.21328125 0.0390625 0.0140625
1 0.74453125 0.1421875 0.03125 0.0109375
1 0.76640625 0.034375 0.0421875 0.01875
1 0.65625 0.01640625 0.0328125 0.015625
1 0.58203125 0.09296875 0.0265625 0.0171875
0 0.74375 0.24453125 0.009375 0.0046875
0 0.00859375 0.70546875 0.0171875 0.0109375
1 0.0328125 0.73125 0.0484375 0.01875
1 0.053125 0.7296875 0.0546875 0.0171875
1 0.07265625 0.7421875 0.0546875 0.0234375
1 0.0421875 0.7515625 0.0640625 0.025
1 0.175 0.71640625 0.0484375 0.01875
1 0.03359375 0.54765625 0.0609375 0.0171875
1 0.25078125 0.55390625 0.034375 0.0109375
1 0.24296875 0.63046875 0.046875 0.0140625
1 0.321875 0.859375 0.034375 0.0125
1 0.203125 0.86875 0.053125 0.01875
1 0.159375 0.9375 0.0609375 0.021875
1 0.22578125 0.93828125 0.0515625 0.01875
1 0.28515625 0.92421875 0.05 0.01875
1 0.31953125 0.87890625 0.0421875 0.015625
1 0.58046875 0.684375 0.0234375 0.021875
1 0.63203125 0.7828125 0.046875 0.01875
1 0.58828125 0.8578125 0.0390625 0.021875