1 0.24375 0.52265625 0.06875 0.03125
1 0.11640625 0.546875 0.0515625 0.00625
1 0.03828125 0.49453125 0.0421875 0.0171875
1 0.0578125 0.4046875 0.0453125 0.0234375
1 0.0921875 0.40546875 0.0421875 0.01875
1 0.13828125 0.3828125 0.0578125 0.0234375
1 0.09765625 0.33359375 0.0484375 0.021875
1 0.0859375 0.3328125 0.0484375 0.025
1 0.1359375 0.303125 0.059375 0.0203125
1 0.13046875 0.2015625 0.053125 0.0171875
1 0.1546875 0.18359375 0.0234375 0.0171875
1 0.1609375 0.1765625 0.053125 0.015625
1 0.1546875 0.1578125 0.0421875 0.0171875
1 0.1578125 0.165625 0.0359375 0.0140625
1 0.1859375 0.16953125 0.0390625 0.0140625
1 0.159375 0.06015625 0.0546875 0.021875
1 0.78046875 0.5234375 0.0515625 0.01875
1 0.746875 0.41875 0.0453125 0.0234375
1 0.740625 0.38828125 0.0484375 0.0203125
1 0.74375 0.353125 0.0453125 0.0171875
1 0.77265625 0.31015625 0.0546875 0.0234375
1 0.7265625 0.26015625 0.0328125 0.015625
1 0.67734375 0.3015625 0.03125 0.0125
1 0.67109375 0.2875 0.0328125 0.015625
1 0.73359375 0.125 0.0296875 0.015625
1 0.74765625 0.1984375 0.0421875 0.021875
1 0.82421875 0.140625 0.0421875 0.021875
1 0.9421875 0.06953125 0.0578125 0.0265625
1 0.8 0.109375 0.0375 0.0140625
1 0.76328125 0.1109375 0.0421875 0.0171875
1 0.7609375 0.09375 0.0421875 0.0171875
1 0.75703125 0.07578125 0.0515625 0.0203125
1 0.78125 0.0109375 0.046875 0.0171875
1 0.04609375 0.9734375 0.05625 0.028125
1 0.02421875 0.98203125 0.0484375 0.0171875
1 0.0078125 0.9234375 0.015625 0.021875
1 0.03359375 0.884375 0.0546875 0.025
1 0.06875 0.853125 0.0484375 0.021875
1 0.1 0.859375 0.053125 0.025
1 0.07578125 0.8125 0.0453125 0.0171875
1 0.03671875 0.8140625 0.0421875 0.01875
1 0.0484375 0.79453125 0.0515625 0.01875
1 0.028125 0.79921875 0.053125 0.01875
1 0.0546875 0.78125 0.0484375 0.01875
1 0.03984375 0.7671875 0.053125 0.015625
1 0.059375 0.765625 0.046875 0.015625
1 0.05859375 0.76015625 0.0375 0.0140625
1 0.05078125 0.75546875 0.04375 0.015625
1 0.05234375 0.70546875 0.05 0.0203125
1 0.0515625 0.696875 0.05 0.0171875
1 0.0828125 0.70078125 0.0484375 0.01875
1 0.7671875 0.6765625 0.0921875 0.0453125
1 0.76328125 0.74296875 0.0921875 0.04375
1 0.60390625 0.75546875 0.0875 0.0359375
1 0.6140625 0.78671875 0.078125 0.0390625
1 0.53046875 0.609375 0.065625 0.025
1 0.52265625 0.79296875 0.0828125 0.034375
1 0.53046875 0.86015625 0.09375 0.05
1 0.5671875 0.95703125 0.0703125 0.03125
1 0.63125 0.98046875 0.109375 0.0390625