1 0.14296875 0.375 0.0234375 0.0640625
1 0.1625 0.31640625 0.0234375 0.0671875
1 0.1828125 0.2484375 0.021875 0.0796875
1 0.1671875 0.25 0.0234375 0.0859375
1 0.12109375 0.2734375 0.0375 0.078125
1 0.07890625 0.2578125 0.03125 0.0828125
1 0.08828125 0.309375 0.0234375 0.0796875
1 0.071875 0.334375 0.028125 0.0796875
1 0.996875 0.37265625 0.00625 0.0671875
1 0.87421875 0.4921875 0.0203125 0.015625
1 0.86875 0.375 0.0234375 0.071875
1 0.88203125 0.12109375 0.0296875 0.0953125
1 0.65078125 0.259375 0.025 0.0828125
1 0.559375 0.25625 0.021875 0.0828125
1 0.45703125 0.2625 0.028125 0.0671875
1 0.45078125 0.33125 0.021875 0.0625
1 0.4453125 0.38359375 0.0234375 0.06875
1 0.4515625 0.39765625 0.0234375 0.065625
1 0.5078125 0.453125 0.021875 0.05625
1 0.58046875 0.44453125 0.021875 0.059375
1 0.646875 0.3625 0.021875 0.0578125
1 0.6640625 0.43125 0.01875 0.053125
1 0.77421875 0.43984375 0.021875 0.065625
1 0.7609375 0.38515625 0.0265625 0.0640625
1 0.6890625 0.48515625 0.01875 0.0296875
1 0.46328125 0.48203125 0.0171875 0.0359375
1 0.32265625 0.68515625 0.0203125 0.0609375
1 0.34296875 0.93984375 0.0140625 0.0328125
1 0.23125 0.903125 0.015625 0.0484375
1 0.21171875 0.8921875 0.0203125 0.0421875
1 0.16953125 0.828125 0.015625 0.0453125
1 0.1515625 0.809375 0.01875 0.0453125
1 0.09140625 0.94609375 0.0125 0.040625
1 0.0609375 0.85703125 0.0140625 0.0421875
1 0.08203125 0.78046875 0.01875 0.0453125
1 0.003125 0.81484375 0.00625 0.0453125
1 0.478125 0.80703125 0.025 0.0765625
1 0.36484375 0.78671875 0.0296875 0.0734375
1 0.35625 0.6078125 0.0125 0.071875
1 0.61171875 0.67265625 0.0265625 0.0859375
1 0.72265625 0.6234375 0.0265625 0.09375
1 0.8515625 0.82265625 0.0359375 0.071875
1 0.96171875 0.69296875 0.0328125 0.0765625
1 0.7328125 0.821875 0.021875 0.0578125
1 0.75859375 0.8796875 0.025 0.065625
1 0.8125 0.890625 0.0234375 0.0609375
1 0.81484375 0.84140625 0.0265625 0.0625
1 0.74375 0.9421875 0.0203125 0.0640625
1 0.62578125 0.8984375 0.0234375 0.0578125
1 0.4703125 0.9328125 0.021875 0.0578125
1 0.58046875 0.859375 0.025 0.0578125
0 0.50546875 0.63125 0.0171875 0.0421875