1 0.840625 0.4625 0.121875 0.046875
1 0.45234375 0.7390625 0.078125 0.028125
1 0.42265625 0.4421875 0.0453125 0.025
1 0.56796875 0.321875 0.084375 0.03125
1 0.5375 0.19609375 0.0765625 0.0296875
1 0.678125 0.0484375 0.0890625 0.0296875
1 0.590625 0.00625 0.075 0.0125
1 0.48046875 0.003125 0.0703125 0.00625
1 0.41328125 0.00390625 0.0265625 0.0078125
1 0.41953125 0.1359375 0.0390625 0.01875
1 0.43046875 0.1515625 0.0578125 0.021875
1 0.36171875 0.83515625 0.0453125 0.021875
1 0.38125 0.92578125 0.0375 0.0203125
1 0.92890625 0.9765625 0.0796875 0.028125
1 0.93046875 0.98828125 0.0828125 0.0234375
1 0.840625 0.8703125 0.0734375 0.0296875
1 0.8109375 0.878125 0.0796875 0.028125
1 0.703125 0.94140625 0.0703125 0.0265625
1 0.66328125 0.92890625 0.0578125 0.021875
1 0.63671875 0.9421875 0.0734375 0.0234375
1 0.578125 0.9765625 0.0625 0.01875