1 0.0734375 0.1359375 0.015625 0.08125
1 0.04296875 0.2046875 0.021875 0.078125
1 0.140625 0.2078125 0.01875 0.065625
1 0.3625 0.23828125 0.015625 0.0625
1 0.35 0.17734375 0.015625 0.065625
1 0.33828125 0.10703125 0.0125 0.078125
1 0.35390625 0.1109375 0.0125 0.084375
1 0.396875 0.13984375 0.028125 0.075
1 0.440625 0.1296875 0.021875 0.08125
1 0.425 0.1796875 0.0140625 0.078125
1 0.43828125 0.20625 0.01875 0.078125
0 0.825 0.20234375 0.0046875 0.0140625
0 0.67890625 0.18046875 0.009375 0.015625
0 0.5796875 0.196875 0.0078125 0.015625
0 0.52109375 0.196875 0.0046875 0.015625
0 0.66484375 0.35703125 0.009375 0.0140625
0 0.76015625 0.35625 0.009375 0.0125
0 0.84609375 0.415625 0.009375 0.0171875
0 0.92109375 0.33125 0.00625 0.0125
0 0.96171875 0.221875 0.009375 0.01875
0 0.99609375 0.3703125 0.0078125 0.009375
1 0.521875 0.3703125 0.00625 0.05625
1 0.590625 0.3765625 0.0125 0.05625
1 0.57890625 0.42734375 0.0125 0.05625
1 0.80703125 0.29609375 0.01875 0.09375
1 0.75703125 0.24296875 0.01875 0.071875
1 0.87578125 0.43984375 0.0140625 0.0390625
1 0.88359375 0.40078125 0.015625 0.053125
0 0.52265625 0.34375 0.00625 0.015625
1 0.91640625 0.43359375 0.0109375 0.0515625
1 0.26640625 0.83359375 0.015625 0.071875
1 0.27109375 0.81171875 0.015625 0.071875
1 0.2890625 0.84296875 0.0171875 0.06875
1 0.2921875 0.83359375 0.015625 0.075
1 0.30703125 0.8515625 0.0125 0.0671875
1 0.32109375 0.88515625 0.015625 0.075
1 0.340625 0.8640625 0.009375 0.06875
1 0.3546875 0.8765625 0.009375 0.06875
1 0.36328125 0.90546875 0.0125 0.065625
1 0.35 0.9265625 0.0125 0.06875
1 0.37890625 0.9546875 0.009375 0.0625
1 0.3859375 0.9765625 0.009375 0.046875
1 0.39765625 0.92890625 0.0140625 0.071875
1 0.37734375 0.83359375 0.0109375 0.0734375
1 0.46171875 0.96640625 0.0109375 0.0609375
1 0.6921875 0.8203125 0.009375 0.078125
1 0.81015625 0.81796875 0.0109375 0.065625
1 0.89765625 0.79921875 0.01875 0.075
1 0.99609375 0.8203125 0.0078125 0.06875
1 0.9859375 0.8265625 0.0109375 0.0671875
1 0.99140625 0.86171875 0.0140625 0.065625