1 0.20625 0.06484375 0.08125 0.0390625
1 0.18203125 0.03515625 0.0828125 0.034375
1 0.10234375 0.07421875 0.0796875 0.0296875
1 0.02734375 0.1546875 0.0546875 0.028125
1 0.0296875 0.18203125 0.059375 0.0265625
1 0.00625 0.23828125 0.0125 0.0234375
1 0.0984375 0.253125 0.0609375 0.0265625
1 0.590625 0.00703125 0.05 0.0140625
1 0.6015625 0.0234375 0.0421875 0.01875
1 0.67734375 0.06953125 0.05625 0.021875
0 0.321875 0.46875 0.015625 0.009375
0 0.3890625 0.3328125 0.0203125 0.0109375
0 0.48359375 0.4921875 0.0109375 0.00625
0 0.35703125 0.6078125 0.015625 0.009375
0 0.3046875 0.69296875 0.0125 0.0078125
0 0.3703125 0.77109375 0.0125 0.0078125
0 0.47890625 0.921875 0.0125 0.009375
1 0.415625 0.74609375 0.0453125 0.01875
1 0.39453125 0.83984375 0.046875 0.0171875
1 0.4640625 0.76015625 0.05 0.0203125
1 0.44921875 0.85078125 0.0453125 0.01875
1 0.371875 0.534375 0.0453125 0.01875
1 0.26015625 0.6046875 0.046875 0.0171875
1 0.46875 0.690625 0.040625 0.021875
1 0.43828125 0.63125 0.0453125 0.021875
1 0.45390625 0.4734375 0.0515625 0.0234375
1 0.8125 0.4984375 0.0734375 0.03125
1 0.81875 0.58984375 0.06875 0.0328125
1 0.690625 0.5625 0.0515625 0.021875
1 0.684375 0.5328125 0.0640625 0.028125
1 0.61484375 0.52890625 0.0546875 0.0265625
1 0.60859375 0.48203125 0.0546875 0.0234375
1 0.6140625 0.625 0.0421875 0.01875
1 0.63671875 0.7140625 0.046875 0.025
1 0.67109375 0.71171875 0.0421875 0.0203125
1 0.71796875 0.7328125 0.0578125 0.025
1 0.67890625 0.78359375 0.0484375 0.0234375
1 0.6671875 0.78515625 0.0484375 0.025
1 0.71875 0.81328125 0.059375 0.021875
1 0.71640625 0.91484375 0.053125 0.0203125
1 0.74140625 0.93125 0.0234375 0.0171875
1 0.74765625 0.93828125 0.053125 0.01875
1 0.7421875 0.9578125 0.0421875 0.01875
1 0.7453125 0.94921875 0.0359375 0.015625
1 0.7734375 0.94453125 0.0390625 0.015625