1 0.090625 0.15546875 0.025 0.1109375
1 0.375 0.47578125 0.025 0.0671875
1 0.40859375 0.48359375 0.0203125 0.0515625
1 0.62109375 0.41328125 0.0078125 0.03125
1 0.6578125 0.4953125 0.0078125 0.025
1 0.70546875 0.4796875 0.0078125 0.028125
1 0.69296875 0.45546875 0.003125 0.009375
1 0.690625 0.44375 0.0109375 0.028125
0 0.71328125 0.4375 0.00625 0.009375
1 0.28359375 0.9875 0.0234375 0.025
1 0.28671875 0.8625 0.0234375 0.065625
1 0.39921875 0.865625 0.01875 0.0609375
1 0.52578125 0.978125 0.0171875 0.04375
1 0.88984375 0.51640625 0.0140625 0.0140625
1 0.84609375 0.5140625 0.0140625 0.009375
1 0.82265625 0.52109375 0.0109375 0.0234375
1 0.82734375 0.528125 0.0078125 0.0375
1 0.84375 0.57421875 0.0140625 0.046875
1 0.796875 0.6140625 0.0140625 0.05
1 0.73828125 0.52421875 0.0140625 0.0296875
1 0.57265625 0.603125 0.0078125 0.04375
1 0.5984375 0.6015625 0.0125 0.040625
1 0.97421875 0.6 0.009375 0.053125