1 0.184375 0.05703125 0.065625 0.0171875
0 0.20859375 0.06953125 0.0203125 0.0109375
1 0.05703125 0.13046875 0.05 0.015625
1 0.13984375 0.19296875 0.05625 0.0140625
1 0.22109375 0.18515625 0.0734375 0.0234375
1 0.196875 0.21328125 0.0546875 0.01875
1 0.328125 0.21875 0.0953125 0.03125
1 0.36171875 0.2734375 0.0796875 0.0296875
1 0.21171875 0.5046875 0.0609375 0.009375
1 0.128125 0.4484375 0.0578125 0.0234375
1 0.034375 0.4265625 0.040625 0.0125
1 0.0859375 0.39609375 0.046875 0.0125
1 0.153125 0.384375 0.0546875 0.021875
1 0.23203125 0.43984375 0.0703125 0.0203125
1 0.890625 0.4125 0.0484375 0.01875
1 0.99296875 0.21484375 0.0140625 0.0203125
1 0.95078125 0.0984375 0.0609375 0.0203125
1 0.8296875 0.08046875 0.05625 0.0140625
1 0.89140625 0.23984375 0.0515625 0.0125
1 0.925 0.2890625 0.05 0.0125
1 0.8625 0.328125 0.040625 0.015625
1 0.8296875 0.259375 0.040625 0.015625
1 0.809375 0.415625 0.04375 0.015625
1 0.01328125 0.96328125 0.0265625 0.0265625
1 0.03203125 0.82421875 0.0640625 0.0203125
1 0.0359375 0.80859375 0.0484375 0.021875
1 0.059375 0.6171875 0.0734375 0.0328125
1 0.06328125 0.99453125 0.0671875 0.0109375
1 0.02421875 0.99140625 0.0484375 0.0171875
1 0.9796875 0.62890625 0.040625 0.0140625
1 0.87578125 0.72265625 0.053125 0.0125
1 0.9578125 0.76953125 0.059375 0.0171875
1 0.94453125 0.8765625 0.0640625 0.0203125
1 0.90546875 0.98984375 0.053125 0.015625
1 0.81796875 0.93203125 0.05 0.0125
1 0.82265625 0.90390625 0.053125 0.0125
1 0.69453125 0.74375 0.034375 0.0125
1 0.81875 0.56875 0.053125 0.015625