1 0.478125 0.1125 0.0703125 0.0234375
1 0.378125 0.0671875 0.0625 0.028125
1 0.353125 0.08984375 0.0546875 0.0203125
1 0.334375 0.0734375 0.0546875 0.0203125
1 0.29140625 0.08125 0.040625 0.01875
1 0.3171875 0.13828125 0.0546875 0.0203125
1 0.278125 0.190625 0.0421875 0.015625
1 0.2515625 0.2453125 0.0453125 0.015625
1 0.278125 0.2703125 0.0484375 0.01875
1 0.2984375 0.2546875 0.0609375 0.021875
1 0.3265625 0.228125 0.0453125 0.0171875
1 0.3078125 0.30390625 0.0515625 0.025
1 0.384375 0.31015625 0.0546875 0.021875
1 0.32890625 0.40859375 0.0546875 0.01875
1 0.26171875 0.415625 0.05 0.015625
1 0.25 0.4171875 0.0421875 0.0140625
1 0.93984375 0.39609375 0.0609375 0.0203125
1 0.94765625 0.3734375 0.0578125 0.0203125
1 0.934375 0.1296875 0.0546875 0.0171875
1 0.90390625 0.08984375 0.0484375 0.01875
1 0.903125 0.14375 0.0484375 0.015625
1 0.86171875 0.12890625 0.0390625 0.015625
1 0.88984375 0.00234375 0.0421875 0.0046875
1 0.8375 0.2796875 0.0421875 0.0140625
1 0.88515625 0.3421875 0.04375 0.0109375
1 0.8453125 0.334375 0.0453125 0.0140625
0 0.44609375 0.50390625 0.0046875 0.00625
0 0.325 0.48984375 0.009375 0.0046875
0 0.23125 0.4828125 0.0078125 0.0046875
0 0.20859375 0.6328125 0.009375 0.00625
0 0.26015625 0.66640625 0.00625 0.0046875
0 0.36953125 0.721875 0.0078125 0.0046875
0 0.403125 0.7546875 0.00625 0.0046875
0 0.26328125 0.81875 0.009375 0.00625
0 0.2078125 0.80390625 0.009375 0.0046875
0 0.18359375 0.76640625 0.00625 0.003125
0 0.2734375 0.88125 0.0046875 0.003125
0 0.32734375 0.87734375 0.009375 0.0078125
0 0.3390625 0.9140625 0.0078125 0.00625
1 0.2515625 0.971875 0.046875 0.0125
1 0.2734375 0.96875 0.0453125 0.021875
1 0.24296875 0.92890625 0.0484375 0.01875
1 0.39140625 0.8125 0.0546875 0.021875
1 0.3984375 0.6828125 0.0640625 0.0203125
1 0.3359375 0.66875 0.0546875 0.021875
1 0.31484375 0.71328125 0.0578125 0.01875
1 0.27421875 0.634375 0.0453125 0.015625
1 0.23046875 0.74765625 0.0390625 0.0171875
1 0.26953125 0.53984375 0.053125 0.01875
1 0.215625 0.4921875 0.034375 0.0125
1 0.20234375 0.48671875 0.0375 0.0109375
1 0.2734375 0.4453125 0.0484375 0.021875
1 0.359375 0.53515625 0.0546875 0.01875
1 0.90859375 0.56171875 0.0890625 0.0296875
1 0.69921875 0.9953125 0.0390625 0.009375
1 0.75078125 0.81953125 0.0734375 0.028125
1 0.7296875 0.69453125 0.065625 0.0234375
1 0.696875 0.75234375 0.034375 0.0234375
1 0.6875 0.5109375 0.015625 0.021875
1 0.7234375 0.52421875 0.065625 0.0234375
1 0.75 0.54140625 0.065625 0.0203125
1 0.73984375 0.4328125 0.0671875 0.00625
1 0.69140625 0.4734375 0.0234375 0.021875