1 0.40625 0.33125 0.0703125 0.0296875
1 0.528125 0.45 0.0625 0.03125
1 0.515625 0.34140625 0.0640625 0.0328125
1 0.53203125 0.31171875 0.0546875 0.025
1 0.55546875 0.321875 0.0546875 0.025
1 0.590625 0.3 0.0375 0.021875
1 0.55078125 0.2546875 0.0546875 0.025
1 0.5703125 0.1921875 0.0421875 0.01875
1 0.57734375 0.13203125 0.0453125 0.0203125
1 0.54453125 0.1171875 0.0484375 0.021875
1 0.53046875 0.13828125 0.0609375 0.0265625
1 0.5125 0.17265625 0.0453125 0.021875
1 0.50546875 0.0953125 0.053125 0.028125
1 0.43125 0.1140625 0.0546875 0.0265625
1 0.45078125 0.00703125 0.0546875 0.0140625
1 0.62421875 0.00546875 0.0296875 0.0109375
1 0.6515625 0.0109375 0.025 0.0109375
1 0.640625 0.01171875 0.021875 0.009375
1 0.63671875 0.0375 0.034375 0.0125
1 0.65078125 0.1453125 0.0328125 0.0140625
1 0.65859375 0.14140625 0.028125 0.0109375
1 0.67890625 0.1390625 0.0296875 0.015625
1 0.68203125 0.17265625 0.028125 0.0125
1 0.7 0.17578125 0.0265625 0.0109375
1 0.68984375 0.1890625 0.0296875 0.0140625
1 0.6765625 0.18203125 0.028125 0.0125
1 0.6703125 0.1875 0.034375 0.015625
1 0.70390625 0.271875 0.0265625 0.0140625
1 0.66015625 0.2984375 0.0421875 0.0171875
1 0.6125 0.1078125 0.00625 0.0125
1 0.02421875 0.7109375 0.0484375 0.025
1 0.1484375 0.7484375 0.0546875 0.0203125
1 0.29296875 0.74375 0.05 0.01875
1 0.28125 0.7140625 0.0546875 0.0234375
1 0.31015625 0.771875 0.0421875 0.0171875
1 0.378125 0.72265625 0.0453125 0.01875
1 0.43671875 0.79375 0.0421875 0.0171875
1 0.4671875 0.82109375 0.0421875 0.01875
1 0.47109375 0.884375 0.0421875 0.0203125
1 0.41015625 0.88515625 0.0453125 0.021875
1 0.3734375 0.9546875 0.0359375 0.015625
1 0.47890625 0.984375 0.0421875 0.0203125
1 0.96484375 0.828125 0.0703125 0.040625