1 0.365625 0.08359375 0.0703125 0.028125
1 0.46171875 0.03203125 0.0640625 0.03125
1 0.4890625 0.0515625 0.0546875 0.0234375
1 0.50625 0.034375 0.0546875 0.0234375
1 0.53359375 0.0390625 0.0109375 0.021875
1 0.51953125 0.09765625 0.0390625 0.0234375
1 0.53203125 0.2125 0.0140625 0.025
1 0.5203125 0.18828125 0.0375 0.0203125
1 0.53046875 0.2625 0.0171875 0.028125
1 0.4734375 0.2734375 0.0546875 0.025
1 0.5234375 0.36875 0.03125 0.021875
1 0.8140625 0.3984375 0.0546875 0.028125
1 0.8140625 0.384375 0.0578125 0.0265625
1 0.6421875 0.36796875 0.0734375 0.0328125
1 0.65234375 0.3328125 0.0796875 0.0328125
1 0.6625 0.2453125 0.0703125 0.03125
1 0.5859375 0.1625 0.08125 0.0375
1 0.64921875 0.15625 0.0703125 0.0296875
1 0.65546875 0.1359375 0.0734375 0.0265625
1 0.75 0.1484375 0.078125 0.034375
1 0.778125 0.1828125 0.0640625 0.0234375
1 0.8 0.2609375 0.0609375 0.0265625
0 0.86796875 0.39765625 0.0203125 0.0109375
1 0.07734375 0.9734375 0.0640625 0.0234375
1 0.340625 0.709375 0.0546875 0.01875
1 0.28828125 0.6203125 0.0515625 0.01875
1 0.29765625 0.54921875 0.05 0.01875
1 0.34453125 0.51875 0.0546875 0.01875
1 0.278125 0.425 0.05 0.0125
1 0.19921875 0.46640625 0.0546875 0.01875
1 0.2125 0.4703125 0.0484375 0.021875
1 0.221875 0.4921875 0.0515625 0.021875
1 0.175 0.52421875 0.05625 0.021875
0 0.90390625 0.6890625 0.00625 0.0046875
1 0.85703125 0.946875 0.0484375 0.01875
1 0.815625 0.84609375 0.0484375 0.01875
1 0.84375 0.8515625 0.053125 0.01875
1 0.83671875 0.82578125 0.0421875 0.0171875
1 0.81328125 0.74921875 0.0484375 0.0203125
1 0.84609375 0.77265625 0.0484375 0.01875
1 0.86484375 0.715625 0.0453125 0.0171875
1 0.89375 0.7515625 0.0390625 0.015625
1 0.91328125 0.72109375 0.0328125 0.0140625
1 0.92578125 0.70078125 0.0328125 0.015625
1 0.8359375 0.6453125 0.0421875 0.0171875
1 0.82421875 0.67578125 0.05 0.0203125
1 0.7484375 0.728125 0.05 0.0171875
1 0.71171875 0.63515625 0.0578125 0.0234375
1 0.81015625 0.5140625 0.0421875 0.0171875
1 0.83984375 0.56328125 0.034375 0.0125
1 0.8703125 0.6078125 0.040625 0.0171875
1 0.7765625 0.4609375 0.0515625 0.021875