1 0.21953125 0.50546875 0.0765625 0.021875
1 0.3328125 0.51484375 0.0515625 0.0171875
1 0.30703125 0.44453125 0.06875 0.01875
1 0.24296875 0.44296875 0.0640625 0.0125
1 0.4078125 0.3203125 0.040625 0.0171875
1 0.3765625 0.26796875 0.0375 0.0140625
1 0.33046875 0.265625 0.059375 0.0171875
1 0.30859375 0.15625 0.053125 0.0140625
1 0.265625 0.1609375 0.0578125 0.0171875
1 0.2203125 0.17109375 0.0609375 0.015625
1 0.21328125 0.14921875 0.0671875 0.01875
1 0.25234375 0.1375 0.05 0.015625
1 0.2640625 0.14296875 0.05 0.015625
1 0.28515625 0.1328125 0.05625 0.015625
1 0.31015625 0.1421875 0.0578125 0.0140625
1 0.32265625 0.12421875 0.059375 0.015625
1 0.24609375 0.10625 0.0609375 0.0203125
1 0.2078125 0.040625 0.08125 0.0234375
1 0.209375 0.028125 0.0765625 0.021875
0 0.19453125 0.521875 0.021875 0.0171875
1 0.67578125 0.3984375 0.053125 0.0125
1 0.63671875 0.303125 0.05 0.0125
1 0.65546875 0.23359375 0.0484375 0.0125
1 0.70625 0.21015625 0.053125 0.0125
1 0.65390625 0.10546875 0.0484375 0.0125
1 0.590625 0.071875 0.04375 0.009375
1 0.59453125 0.07578125 0.0515625 0.0109375
1 0.5828125 0.1375 0.028125 0.0125
1 0.58671875 0.14375 0.0359375 0.015625
1 0.59140625 0.1671875 0.0453125 0.015625
1 0.70390625 0.825 0.0546875 0.025
1 0.7953125 0.97578125 0.05 0.0171875
1 0.8171875 0.88828125 0.04375 0.0109375
1 0.8609375 0.99296875 0.034375 0.0125
1 0.80625 0.6546875 0.0484375 0.028125
1 0.80703125 0.7359375 0.053125 0.0125