1 0.32265625 0.02109375 0.0125 0.0375
1 0.3171875 0.06640625 0.015625 0.059375
1 0.20703125 0.08125 0.0125 0.053125
1 0.20859375 0.12421875 0.015625 0.0578125
1 0.215625 0.1703125 0.0140625 0.0609375
1 0.19375 0.17578125 0.0171875 0.0671875
1 0.184375 0.1359375 0.0140625 0.05
1 0.190625 0.12421875 0.0140625 0.05
1 0.18203125 0.10234375 0.0140625 0.05625
1 0.19296875 0.078125 0.0125 0.0578125
1 0.17578125 0.06484375 0.0140625 0.059375
1 0.15234375 0.140625 0.01875 0.059375
1 0.08515625 0.1734375 0.0203125 0.0796875
1 0.07265625 0.17109375 0.0203125 0.075
1 0.99765625 0.2234375 0.0046875 0.05625
1 0.728125 0.21328125 0.0203125 0.0484375
1 0.68984375 0.18125 0.015625 0.040625
1 0.5796875 0.1484375 0.01875 0.0390625
1 0.5140625 0.153125 0.0109375 0.0390625
1 0.4609375 0.13671875 0.009375 0.0359375
1 0.43515625 0.125 0.009375 0.034375
1 0.396875 0.15390625 0.0125 0.040625
1 0.390625 0.184375 0.009375 0.04375
1 0.38046875 0.2203125 0.009375 0.053125
1 0.46484375 0.19765625 0.015625 0.046875
1 0.42109375 0.27578125 0.01875 0.04375
1 0.45546875 0.28828125 0.0171875 0.0609375
0 0.52265625 0.1484375 0.00625 0.009375
1 0.01484375 0.76875 0.0125 0.065625
1 0.10234375 0.7890625 0.0203125 0.075
1 0.26328125 0.86015625 0.0234375 0.06875
1 0.2546875 0.7953125 0.0171875 0.06875
1 0.26953125 0.80703125 0.0140625 0.08125
1 0.296875 0.7671875 0.0171875 0.06875
1 0.3453125 0.78125 0.01875 0.071875
1 0.28515625 0.7359375 0.0140625 0.0671875
1 0.28671875 0.7484375 0.0171875 0.0625
1 0.228125 0.72734375 0.0171875 0.0625
1 0.2171875 0.76796875 0.0140625 0.065625
1 0.2203125 0.7640625 0.0140625 0.071875
1 0.203125 0.76953125 0.0140625 0.06875
1 0.19140625 0.76328125 0.0125 0.0671875
1 0.196875 0.728125 0.015625 0.065625
1 0.98984375 0.85859375 0.0171875 0.059375
1 0.9 0.759375 0.0140625 0.05
1 0.7765625 0.9515625 0.0203125 0.06875
1 0.809375 0.8765625 0.0171875 0.0625
1 0.7046875 0.8078125 0.015625 0.05
1 0.7265625 0.90390625 0.015625 0.05
1 0.6453125 0.8421875 0.0171875 0.059375
1 0.63515625 0.86328125 0.015625 0.04375
1 0.58828125 0.96328125 0.015625 0.065625
1 0.59765625 0.97265625 0.0171875 0.0546875
1 0.409375 0.91484375 0.01875 0.075
1 0.421875 0.90390625 0.0234375 0.06875
1 0.43984375 0.8578125 0.01875 0.0625
1 0.4890625 0.78125 0.0125 0.04375
1 0.54609375 0.74765625 0.015625 0.05625