1 0.34921875 0.34609375 0.0546875 0.01875
1 0.30625 0.3421875 0.059375 0.021875
1 0.259375 0.34375 0.0625 0.0203125
1 0.25703125 0.32109375 0.06875 0.025
1 0.296875 0.31640625 0.0515625 0.01875
1 0.3078125 0.32421875 0.0515625 0.01875
1 0.33046875 0.31875 0.0578125 0.0203125
1 0.353125 0.3328125 0.059375 0.01875
1 0.36875 0.3171875 0.0609375 0.0203125
1 0.296875 0.28515625 0.0609375 0.025
1 0.271875 0.2140625 0.08125 0.0296875
1 0.27578125 0.2015625 0.0765625 0.0296875
1 0.3828125 0.125 0.0546875 0.0265625
0 0.76171875 0.1953125 0.0125 0.00625
0 0.59921875 0.17265625 0.0125 0.00625
0 0.521875 0.06875 0.0109375 0.00625
0 0.62265625 0.00703125 0.009375 0.0078125
1 0.8265625 0.00390625 0.015625 0.0078125
1 0.7921875 0.06015625 0.0328125 0.0140625
1 0.75546875 0.06328125 0.0421875 0.0171875
1 0.81875 0.13125 0.0390625 0.0140625
1 0.68671875 0.16328125 0.0421875 0.0171875
1 0.696875 0.25703125 0.0390625 0.0140625
1 0.57265625 0.25234375 0.053125 0.0171875
1 0.65390625 0.0609375 0.0453125 0.021875
0 0.74765625 0.125 0.009375 0.00625
0 0.7390625 0.0515625 0.0046875 0.003125
0 0.3109375 0.4265625 0.00625 0.00625
0 0.43203125 0.44453125 0.009375 0.0046875
0 0.50625 0.6125 0.00625 0.00625
0 0.44921875 0.63125 0.00625 0.00625
0 0.32890625 0.65703125 0.0078125 0.0046875
0 0.2875 0.6796875 0.00625 0.00625
0 0.40625 0.77734375 0.009375 0.00625
0 0.4640625 0.77734375 0.009375 0.0046875
0 0.49765625 0.74765625 0.00625 0.0046875
0 0.3796875 0.83515625 0.0046875 0.003125
0 0.3296875 0.81796875 0.009375 0.0078125
0 0.30859375 0.85078125 0.0078125 0.00625
1 0.378125 0.92890625 0.046875 0.0125
1 0.3578125 0.91953125 0.0453125 0.0234375
1 0.39765625 0.88984375 0.0484375 0.01875
1 0.284375 0.73828125 0.0546875 0.0234375
1 0.3109375 0.61171875 0.0640625 0.0203125
1 0.375 0.6140625 0.0546875 0.0234375
1 0.38359375 0.6625 0.0578125 0.0203125
1 0.44375 0.596875 0.0453125 0.0171875
1 0.45625 0.7171875 0.0390625 0.0171875
1 0.47265625 0.50703125 0.053125 0.0203125
1 0.4890625 0.4140625 0.040625 0.021875
1 0.38671875 0.47890625 0.0546875 0.0203125
1 0.9875 0.79453125 0.025 0.0265625
1 0.97734375 0.90625 0.0453125 0.03125
1 0.8125 0.921875 0.071875 0.034375
1 0.83515625 0.95390625 0.0828125 0.0265625
1 0.88203125 0.6578125 0.0859375 0.028125
1 0.83515625 0.54609375 0.09375 0.028125
1 0.58125 0.765625 0.10625 0.0421875
0 0.8390625 0.76328125 0.0421875 0.01875