1 0.27265625 0.07265625 0.0703125 0.0265625
1 0.11171875 0.034375 0.0609375 0.025
1 0.1203125 0.1109375 0.0578125 0.021875
1 0.01328125 0.07578125 0.0265625 0.0140625
1 0.03046875 0.2421875 0.0453125 0.0171875
1 0.02109375 0.28359375 0.0421875 0.0171875
1 0.0921875 0.35078125 0.0421875 0.01875
1 0.14765625 0.35078125 0.0546875 0.025
1 0.04453125 0.38359375 0.0546875 0.025
1 0.021875 0.4796875 0.04375 0.021875
1 0.00859375 0.50078125 0.0171875 0.0171875
0 0.02421875 0.09921875 0.0203125 0.0125
1 0.590625 0.2015625 0.0609375 0.021875
1 0.49921875 0.0203125 0.0640625 0.0265625
1 0.43828125 0.015625 0.0484375 0.021875
1 0.42734375 0.0359375 0.0546875 0.01875
1 0.353125 0.10625 0.0328125 0.0171875
1 0.35546875 0.22578125 0.0484375 0.0171875
1 0.3609375 0.24765625 0.0421875 0.021875
1 0.409375 0.30625 0.0453125 0.01875
1 0.42265625 0.32890625 0.0453125 0.021875
1 0.35 0.4015625 0.040625 0.015625
1 0.42890625 0.40390625 0.0453125 0.021875
1 0.371875 0.4734375 0.0453125 0.0203125
1 0.3484375 0.49609375 0.0375 0.0171875
1 0.27734375 0.7078125 0.0765625 0.03125
1 0.1640625 0.703125 0.053125 0.0234375
1 0.19140625 0.9546875 0.0640625 0.028125
1 0.19765625 0.63671875 0.0703125 0.0265625
1 0.26171875 0.64296875 0.0640625 0.0203125
0 0.3 0.72734375 0.0234375 0.01875
0 0.5140625 0.64609375 0.0140625 0.0078125
0 0.37421875 0.55546875 0.0140625 0.0109375
0 0.3703125 0.71796875 0.0140625 0.0078125
0 0.47109375 0.77734375 0.0203125 0.0125
0 0.44609375 0.9125 0.0171875 0.0109375
1 0.425 0.61171875 0.0953125 0.034375
1 0.4859375 0.571875 0.0734375 0.03125
1 0.7546875 0.78203125 0.1140625 0.05
1 0.40078125 0.871875 0.0765625 0.028125
1 0.34296875 0.91171875 0.0265625 0.0265625