1 0.05234375 0.34453125 0.01875 0.0453125
1 0.09375 0.3375 0.0203125 0.0421875
1 0.128125 0.2453125 0.021875 0.0421875
1 0.10703125 0.19375 0.0265625 0.0546875
1 0.17734375 0.2765625 0.0265625 0.0546875
1 0.27578125 0.26328125 0.025 0.0515625
1 0.30703125 0.2796875 0.0203125 0.0515625
1 0.325 0.30625 0.015625 0.0390625
1 0.284375 0.38984375 0.015625 0.0328125
1 0.234375 0.36953125 0.01875 0.0328125
1 0.10703125 0.3796875 0.01875 0.0390625
1 0.075 0.396875 0.01875 0.0421875
1 0.45390625 0.3 0.0171875 0.0359375
1 0.4640625 0.2859375 0.015625 0.0390625
1 0.46796875 0.2390625 0.0203125 0.0484375
1 0.44921875 0.19921875 0.0203125 0.053125
1 0.440625 0.21171875 0.0203125 0.053125
1 0.97265625 0.325 0.0171875 0.040625
1 0.96171875 0.275 0.021875 0.05625
1 0.7171875 0.32578125 0.0234375 0.0515625
1 0.6359375 0.35078125 0.021875 0.0453125
1 0.79921875 0.3765625 0.015625 0.04375
1 0.8140625 0.3875 0.0203125 0.0390625
1 0.8265625 0.37421875 0.015625 0.028125
1 0.84453125 0.37109375 0.01875 0.0296875
1 0.87109375 0.375 0.0140625 0.034375
1 0.8796875 0.3765625 0.0140625 0.0375
1 0.88125 0.35703125 0.0125 0.028125
1 0.88671875 0.32734375 0.01875 0.0421875
1 0.82890625 0.3734375 0.0171875 0.040625
1 0.17890625 0.740625 0.0234375 0.05
1 0.15546875 0.7359375 0.01875 0.0453125
1 0.159375 0.77578125 0.0171875 0.0390625
1 0.14765625 0.7890625 0.0234375 0.040625
1 0.1375 0.81015625 0.0171875 0.0375
1 0.08828125 0.784375 0.0171875 0.04375
1 0.0875 0.821875 0.0171875 0.0359375
1 0.05390625 0.72734375 0.0203125 0.0515625
1 0.0125 0.75703125 0.025 0.0515625
1 0.021875 0.8484375 0.0171875 0.0359375
1 0.66640625 0.9359375 0.0140625 0.0328125
1 0.6828125 0.8515625 0.01875 0.0421875
1 0.646875 0.73671875 0.0203125 0.0484375
1 0.66640625 0.7265625 0.021875 0.0484375
1 0.71640625 0.73359375 0.0203125 0.0484375
1 0.77734375 0.72265625 0.01875 0.0453125
1 0.82734375 0.7828125 0.01875 0.0421875
1 0.8546875 0.80703125 0.01875 0.04375
1 0.934375 0.6875 0.021875 0.0453125
1 0.740625 0.55703125 0.0234375 0.0578125
1 0.8171875 0.5125 0.025 0.0484375
1 0.82734375 0.53125 0.0234375 0.0515625
1 0.87734375 0.55 0.0234375 0.0515625
1 0.90703125 0.57109375 0.021875 0.05
1 0.925 0.58046875 0.025 0.059375