1 0.14140625 0.07890625 0.0453125 0.015625
1 0.14609375 0.1203125 0.0421875 0.0171875
1 0.23515625 0.1609375 0.0421875 0.01875
1 0.2875 0.14296875 0.0546875 0.0234375
1 0.20078125 0.2078125 0.0546875 0.0234375
1 0.20703125 0.30703125 0.0515625 0.021875
1 0.1890625 0.33671875 0.0515625 0.0171875
1 0.16015625 0.353125 0.0375 0.0140625
1 0.08046875 0.30625 0.0328125 0.0140625
1 0.10390625 0.25859375 0.0328125 0.0171875
1 0.10234375 0.13046875 0.0390625 0.0171875
1 0.0875 0.09765625 0.0421875 0.015625
1 0.728125 0.27890625 0.05 0.021875
1 0.5484375 0.471875 0.0625 0.021875
1 0.5078125 0.57734375 0.05625 0.015625
1 0.51640625 0.5921875 0.053125 0.0171875
1 0.478125 0.6171875 0.05 0.0203125
1 0.40859375 0.621875 0.0546875 0.0203125
1 0.4140625 0.665625 0.0453125 0.01875
1 0.43671875 0.6828125 0.0453125 0.0171875
1 0.3984375 0.69140625 0.0359375 0.0140625
1 0.3875 0.6875 0.040625 0.0125
1 0.33828125 0.67734375 0.0484375 0.0203125
1 0.3046875 0.72890625 0.0515625 0.0203125
1 0.40859375 0.775 0.0484375 0.0203125
1 0.4875 0.74375 0.0515625 0.0203125
1 0.62421875 0.71640625 0.0609375 0.0234375
1 0.5609375 0.64296875 0.0546875 0.021875
1 0.63359375 0.80234375 0.065625 0.025
1 0.55703125 0.97890625 0.0578125 0.025
1 0.43046875 0.99765625 0.0515625 0.0046875
1 0.34296875 0.9515625 0.0453125 0.015625
1 0.34140625 0.92421875 0.0421875 0.0171875
1 0.296875 0.55078125 0.053125 0.015625
0 0.5734375 0.47578125 0.01875 0.009375
1 0.728125 0.50703125 0.05625 0.0296875
1 0.72265625 0.94453125 0.0453125 0.0296875
1 0.85625 0.91953125 0.0796875 0.03125
1 0.9546875 0.87890625 0.090625 0.0359375
1 0.82421875 0.77890625 0.090625 0.0390625