1 0.22109375 0.37578125 0.0234375 0.0265625
1 0.29140625 0.26953125 0.021875 0.0421875
1 0.23203125 0.2421875 0.0203125 0.0375
1 0.3328125 0.33515625 0.0203125 0.0421875
1 0.415625 0.2875 0.021875 0.0390625
1 0.478125 0.22890625 0.01875 0.0375
1 0.47734375 0.346875 0.0234375 0.053125
1 0.1484375 0.32265625 0.0265625 0.0578125
1 0.1625 0.290625 0.028125 0.0609375
1 0.128125 0.34296875 0.028125 0.0640625
1 0.91953125 0.2828125 0.04375 0.0921875
1 0.99375 0.253125 0.0125 0.084375
1 0.95078125 0.06875 0.0265625 0.0484375
1 0.95703125 0.1515625 0.0328125 0.0640625
1 0.94375 0.02421875 0.021875 0.0421875
1 0.9109375 0.01875 0.028125 0.0375
1 0.87265625 0.0125 0.0296875 0.025
1 0.7765625 0.02421875 0.028125 0.0484375
1 0.75078125 0.04296875 0.0203125 0.046875
1 0.7265625 0.0875 0.0265625 0.059375
1 0.63515625 0.00625 0.0234375 0.0125
1 0.49921875 0.12421875 0.0203125 0.0765625
1 0.928125 0.15 0.0265625 0.0578125
0 0.6078125 0.03671875 0.0171875 0.025
0 0.00625 0.75390625 0.0078125 0.015625
1 0.00234375 0.62421875 0.0046875 0.0453125
1 0.01015625 0.7296875 0.0203125 0.05
1 0.07890625 0.709375 0.028125 0.0609375
1 0.05625 0.8203125 0.028125 0.0546875
1 0.2 0.6640625 0.021875 0.0484375
1 0.2671875 0.56015625 0.0171875 0.0359375
1 0.22109375 0.7390625 0.021875 0.05
1 0.325 0.7140625 0.028125 0.0578125
1 0.32734375 0.775 0.0265625 0.0578125
1 0.45390625 0.76796875 0.0265625 0.05
1 0.440625 0.875 0.028125 0.0609375
1 0.57265625 0.79609375 0.0390625 0.075
1 0.51484375 0.75703125 0.034375 0.0703125
1 0.8703125 0.8671875 0.0296875 0.065625
1 0.9765625 0.84140625 0.028125 0.0625
1 0.9953125 0.74921875 0.009375 0.0546875