1 0.12421875 0.403125 0.0921875 0.0390625
1 0.2609375 0.2125 0.0640625 0.0265625
1 0.29765625 0.25546875 0.0640625 0.028125
1 0.34765625 0.24765625 0.0484375 0.0203125
1 0.36328125 0.3453125 0.065625 0.0265625
1 0.3609375 0.4125 0.065625 0.0234375
1 0.3890625 0.53828125 0.05625 0.021875
1 0.30703125 0.5828125 0.0734375 0.0125
1 0.5125 0.47265625 0.0421875 0.021875
1 0.5375 0.5328125 0.0375 0.01875
1 0.4484375 0.42890625 0.0421875 0.01875
1 0.49921875 0.34765625 0.0390625 0.0203125
1 0.56015625 0.2875 0.0375 0.0171875
1 0.4546875 0.1234375 0.0515625 0.0234375
1 0.3921875 0.1859375 0.0515625 0.0203125
1 0.44140625 0.2828125 0.053125 0.0203125
1 0.30859375 0.00859375 0.0640625 0.0171875
1 0.97265625 0.04609375 0.046875 0.028125
1 0.96875 0.08203125 0.0625 0.0296875
1 0.0953125 0.921875 0.0484375 0.0234375
1 0.12421875 0.9 0.0453125 0.01875
1 0.22890625 0.8828125 0.040625 0.0171875
1 0.31875 0.88203125 0.040625 0.0171875
1 0.33828125 0.88671875 0.0421875 0.01875
1 0.24296875 0.94609375 0.053125 0.021875
1 0.1953125 0.728125 0.040625 0.0171875
1 0.12578125 0.74375 0.046875 0.01875
1 0.140625 0.678125 0.046875 0.021875
1 0.04921875 0.6921875 0.0515625 0.0203125
1 0.02265625 0.66015625 0.0453125 0.0203125
1 0.08984375 0.62265625 0.0515625 0.0203125
1 0.18359375 0.59296875 0.0390625 0.0078125
1 0.25 0.67109375 0.0421875 0.021875
1 0.23828125 0.6953125 0.0421875 0.0203125
1 0.27578125 0.98984375 0.0453125 0.0203125
1 0.703125 0.8859375 0.028125 0.01875
1 0.7078125 0.89140625 0.0375 0.0203125
1 0.7109375 0.796875 0.04375 0.01875
1 0.7109375 0.76640625 0.0421875 0.01875