1 0.56328125 0.26015625 0.0921875 0.0421875
1 0.35234375 0.15625 0.0640625 0.028125
1 0.340625 0.21171875 0.0640625 0.0296875
1 0.29296875 0.228125 0.0484375 0.021875
1 0.325 0.321875 0.065625 0.028125
1 0.35859375 0.3796875 0.065625 0.0265625
1 0.2890625 0.4359375 0.0421875 0.0203125
1 0.20625 0.3875 0.0390625 0.021875
1 0.12421875 0.36328125 0.0375 0.01875
1 0.13984375 0.16875 0.0515625 0.025
1 0.225 0.1953125 0.05 0.021875
1 0.2265625 0.30390625 0.053125 0.0234375
1 0.21015625 0.00546875 0.0640625 0.0109375
1 0.8625 0.04765625 0.05 0.0265625
1 0.86015625 0.08203125 0.04375 0.028125
1 0.8375 0.13046875 0.03125 0.01875
1 0.88828125 0.175 0.04375 0.025
1 0.94765625 0.14296875 0.05 0.0265625
1 0.97421875 0.36015625 0.046875 0.028125
1 0.934375 0.3828125 0.0453125 0.025
1 0.96796875 0.4140625 0.0453125 0.0234375
1 0.86015625 0.3421875 0.0328125 0.01875
1 0.85703125 0.2203125 0.0328125 0.0171875
1 0.86640625 0.2046875 0.0484375 0.0328125
0 0.5734375 0.853125 0.0203125 0.0140625
1 0.61328125 0.684375 0.0734375 0.04375
1 0.56328125 0.7875 0.084375 0.034375
1 0.61484375 0.98828125 0.0703125 0.0234375
1 0.58984375 0.98984375 0.0703125 0.0203125
1 0.58359375 0.97421875 0.084375 0.034375
1 0.49140625 0.9015625 0.0734375 0.0328125
1 0.5 0.84921875 0.0796875 0.0359375
1 0.328125 0.99375 0.059375 0.0125
1 0.33671875 0.884375 0.0640625 0.028125
1 0.31328125 0.83828125 0.0640625 0.025
1 0.2953125 0.83125 0.065625 0.028125
1 0.3203125 0.79140625 0.0609375 0.028125
1 0.315625 0.75625 0.053125 0.0234375
1 0.2265625 0.73359375 0.0625 0.028125
1 0.18046875 0.67578125 0.0578125 0.025
1 0.2609375 0.63984375 0.0734375 0.03125
1 0.31640625 0.56640625 0.0671875 0.0296875
1 0.3328125 0.528125 0.078125 0.0359375
1 0.80390625 0.93984375 0.06875 0.034375
1 0.6734375 0.78203125 0.046875 0.0265625
1 0.6640625 0.91875 0.028125 0.021875
1 0.66640625 0.715625 0.0328125 0.028125
1 0.69453125 0.6546875 0.0625 0.034375