1 0.378125 0.1453125 0.05625 0.015625
1 0.3765625 0.30703125 0.053125 0.0125
1 0.29921875 0.3734375 0.04375 0.0125
1 0.2453125 0.29296875 0.04375 0.009375
1 0.234375 0.1828125 0.034375 0.009375
1 0.225 0.06640625 0.04375 0.009375
1 0.1671875 0.065625 0.040625 0.009375
1 0.1359375 0.15 0.0328125 0.009375
1 0.1265625 0.26171875 0.0265625 0.009375
1 0.13046875 0.2796875 0.03125 0.009375
1 0.15859375 0.2765625 0.0265625 0.0140625
1 0.17421875 0.190625 0.0296875 0.009375
1 0.2 0.29765625 0.040625 0.0109375
1 0.19765625 0.37734375 0.0359375 0.0046875
0 0.21171875 0.28046875 0.0109375 0.00625
1 0.44609375 0.29921875 0.0328125 0.0109375
1 0.4421875 0.2859375 0.025 0.0125
1 0.453125 0.28984375 0.046875 0.0109375
1 0.59609375 0.27265625 0.0625 0.0140625
1 0.6953125 0.31171875 0.065625 0.0171875
0 0.46640625 0.29453125 0.009375 0.0078125
0 0.14296875 0.4625 0.0140625 0.00625
1 0.1546875 0.8828125 0.046875 0.0109375
1 0.22734375 0.8640625 0.046875 0.0109375
1 0.24140625 0.834375 0.0453125 0.0109375
1 0.1765625 0.696875 0.0453125 0.0078125
1 0.10625 0.76640625 0.0328125 0.0125
1 0.0609375 0.69921875 0.0375 0.009375
1 0.184375 0.66875 0.053125 0.0109375
1 0.2703125 0.62265625 0.059375 0.0140625
1 0.38125 0.4328125 0.0640625 0.0140625
1 0.14765625 0.38359375 0.0453125 0.0078125
1 0.1625 0.5234375 0.04375 0.009375
1 0.1046875 0.50078125 0.04375 0.0125
1 0.44921875 0.38984375 0.0390625 0.0109375
1 0.4546875 0.66171875 0.05 0.0140625
1 0.459375 0.68359375 0.059375 0.0171875
1 0.4359375 0.69453125 0.0125 0.0140625
1 0.440625 0.725 0.021875 0.01875
1 0.46328125 0.79296875 0.0671875 0.0203125
1 0.4609375 0.80546875 0.0625 0.0203125