1 0.1515625 0.23515625 0.0578125 0.0171875
1 0.14375 0.396875 0.053125 0.0140625
1 0.034375 0.40546875 0.05 0.0171875
1 0.21796875 0.4671875 0.04375 0.015625
1 0.27578125 0.38984375 0.04375 0.0125
1 0.29296875 0.28046875 0.034375 0.0125
1 0.3078125 0.1640625 0.04375 0.0125
1 0.31484375 0.39609375 0.0296875 0.0140625
1 0.315625 0.48046875 0.028125 0.0140625
1 0.28671875 0.5078125 0.0421875 0.0171875
1 0.315625 0.56640625 0.028125 0.0140625
1 0.2484375 0.60859375 0.0375 0.0140625
1 0.1375 0.61171875 0.0546875 0.015625
0 0.31015625 0.3796875 0.0109375 0.00625
1 0.696875 0.7859375 0.04375 0.00625
1 0.70703125 0.76015625 0.04375 0.0125
1 0.721875 0.7546875 0.040625 0.0109375
1 0.73671875 0.74453125 0.040625 0.0125
1 0.69609375 0.65390625 0.0484375 0.01875
1 0.7296875 0.640625 0.04375 0.0078125
1 0.73828125 0.64609375 0.04375 0.0125
1 0.7546875 0.51875 0.0453125 0.0171875
1 0.7796875 0.478125 0.04375 0.015625
1 0.73515625 0.43203125 0.046875 0.015625
1 0.675 0.4375 0.0546875 0.0125
1 0.72421875 0.4 0.0453125 0.0125
1 0.58046875 0.3890625 0.05 0.009375
1 0.571875 0.38515625 0.053125 0.0125
1 0.6984375 0.03515625 0.0546875 0.015625
1 0.64140625 0.05234375 0.05625 0.0171875
1 0.640625 0.07578125 0.0625 0.0171875
1 0.23046875 0.99140625 0.0484375 0.0171875
1 0.1890625 0.93828125 0.0546875 0.021875