1 0.30859375 0.23046875 0.01875 0.0546875
1 0.3078125 0.12109375 0.0203125 0.05
1 0.09453125 0.209375 0.0203125 0.05625
1 0.02109375 0.4890625 0.0265625 0.0546875
1 0.025 0.525 0.0203125 0.0578125
1 0.0046875 0.61171875 0.009375 0.0484375
1 0.03046875 0.64453125 0.015625 0.046875
1 0.13671875 0.69375 0.015625 0.0390625
1 0.21953125 0.61328125 0.0171875 0.0484375
1 0.2890625 0.5328125 0.0125 0.05
1 0.25078125 0.61484375 0.01875 0.0453125
1 0.15546875 0.73671875 0.0109375 0.034375
1 0.33359375 0.6515625 0.0109375 0.053125
1 0.690625 0.77734375 0.0234375 0.059375
1 0.65390625 0.7875 0.028125 0.053125
1 0.60703125 0.834375 0.0171875 0.0453125
1 0.61015625 0.8703125 0.021875 0.0453125
1 0.61328125 0.903125 0.0109375 0.0375
1 0.64453125 0.9328125 0.0171875 0.03125
1 0.67265625 0.93125 0.0125 0.0375
1 0.728125 0.92421875 0.015625 0.040625
0 0.73671875 0.92578125 0.00625 0.0125
1 0.7921875 0.9375 0.0171875 0.040625
1 0.90625 0.925 0.0203125 0.0390625
1 0.6859375 0.87421875 0.025 0.04375
1 0.50625 0.90390625 0.0171875 0.0359375
1 0.41171875 0.8515625 0.021875 0.0421875
1 0.40625 0.81015625 0.0171875 0.0515625
1 0.37109375 0.765625 0.0234375 0.0484375
1 0.346875 0.778125 0.015625 0.05625
1 0.3703125 0.675 0.025 0.0578125
1 0.503125 0.803125 0.01875 0.0484375
1 0.50703125 0.8609375 0.0171875 0.0484375
1 0.94921875 0.8984375 0.021875 0.0453125
0 0.86796875 0.95 0.00625 0.009375
0 0.9796875 0.7015625 0.00625 0.009375
0 0.90234375 0.63203125 0.0078125 0.0109375
0 0.4859375 0.665625 0.0078125 0.009375
0 0.56484375 0.5625 0.0046875 0.009375
0 0.64375 0.69296875 0.0046875 0.009375
0 0.72421875 0.6 0.0078125 0.009375
0 0.5453125 0.88125 0.00625 0.009375
0 0.746875 0.82890625 0.0046875 0.009375
0 0.834375 0.8421875 0.00625 0.009375