1 0.1609375 0.0265625 0.0453125 0.021875
1 0.07734375 0.0734375 0.0421875 0.01875
1 0.11171875 0.08828125 0.0421875 0.0171875
1 0.16171875 0.11171875 0.0453125 0.0171875
1 0.16328125 0.09296875 0.0453125 0.0203125
1 0.221875 0.02578125 0.0421875 0.015625
1 0.31484375 0.13359375 0.053125 0.025
1 0.2203125 0.25 0.0484375 0.0203125
1 0.1125 0.25078125 0.0390625 0.01875
1 0.31328125 0.3828125 0.053125 0.0234375
1 0.3359375 0.32890625 0.0484375 0.0203125
1 0.40234375 0.28828125 0.0484375 0.0234375
1 0.4265625 0.36875 0.046875 0.025
1 0.36171875 0.40859375 0.0546875 0.0203125
1 0.31484375 0.465625 0.0546875 0.025
1 0.7890625 0.22421875 0.1046875 0.0484375
1 0.63671875 0.3875 0.103125 0.0453125
1 0.46875 0.4109375 0.0375 0.028125
1 0.5109375 0.38359375 0.0859375 0.0328125
1 0.5140625 0.17890625 0.0859375 0.0296875
1 0.28046875 0.96875 0.103125 0.0453125
1 0.7328125 0.8328125 0.0484375 0.0171875
1 0.7203125 0.68359375 0.0390625 0.015625
1 0.7171875 0.6953125 0.0375 0.0125
1 0.72734375 0.68828125 0.0203125 0.0109375
1 0.64453125 0.76640625 0.0390625 0.0125
1 0.7609375 0.9765625 0.053125 0.0171875
1 0.72890625 0.9953125 0.0453125 0.009375
1 0.69296875 0.99375 0.0421875 0.0125
1 0.7046875 0.94296875 0.0359375 0.01875
1 0.696875 0.92890625 0.046875 0.015625
1 0.69375 0.90078125 0.0375 0.0125
1 0.7171875 0.915625 0.034375 0.0125
1 0.7359375 0.91640625 0.0421875 0.0140625
1 0.70625 0.88203125 0.0328125 0.0203125
1 0.6921875 0.87734375 0.0421875 0.015625
1 0.67578125 0.88671875 0.0375 0.015625
1 0.6734375 0.86953125 0.040625 0.0140625