1 0.01328125 0.0390625 0.0171875 0.05625
1 0.009375 0.1390625 0.0109375 0.05
1 0.05 0.18359375 0.0140625 0.04375
1 0.0828125 0.27421875 0.0125 0.040625
1 0.103125 0.2421875 0.0109375 0.040625
1 0.13359375 0.19609375 0.009375 0.04375
1 0.115625 0.1921875 0.0125 0.04375
1 0.05859375 0.1234375 0.009375 0.040625
1 0.1796875 0.0484375 0.0171875 0.0515625
1 0.2796875 0.16015625 0.0140625 0.046875
1 0.2640625 0.26640625 0.0125 0.0375
1 0.42578125 0.0890625 0.015625 0.0515625
1 0.37578125 0.05859375 0.0140625 0.046875
1 0.34609375 0.0046875 0.0171875 0.009375
1 0.45859375 0.0453125 0.0125 0.053125
1 0.50703125 0.10078125 0.0171875 0.053125
1 0.9265625 0.3453125 0.0171875 0.0703125
1 0.890625 0.4140625 0.0171875 0.0625
1 0.76484375 0.425 0.0234375 0.0546875
1 0.90234375 0.46015625 0.0140625 0.0171875
1 0.75859375 0.18828125 0.0203125 0.084375
0 0.509375 0.8125 0.00625 0.0125
1 0.51328125 0.82890625 0.0125 0.0453125
1 0.5953125 0.70078125 0.0125 0.053125
1 0.45546875 0.759375 0.0203125 0.053125
1 0.38828125 0.79296875 0.0171875 0.046875
1 0.33203125 0.7984375 0.009375 0.0375
1 0.39140625 0.87421875 0.0109375 0.034375
1 0.48515625 0.8546875 0.0125 0.04375
1 0.57421875 0.9171875 0.0109375 0.0375
1 0.44921875 0.93203125 0.0109375 0.0375
1 0.378125 0.896875 0.009375 0.034375
1 0.24609375 0.9859375 0.0078125 0.028125
1 0.24453125 0.928125 0.009375 0.034375
1 0.209375 0.834375 0.0125 0.0375
1 0.21015625 0.8 0.0140625 0.0453125
1 0.2328125 0.6859375 0.0125 0.0625
1 0.15703125 0.72109375 0.0171875 0.0625
1 0.0609375 0.8125 0.0109375 0.053125
1 0.07734375 0.8796875 0.015625 0.046875
1 0.07734375 0.91640625 0.009375 0.04375
1 0.13671875 0.9265625 0.0125 0.0390625
1 0.05078125 0.871875 0.009375 0.040625
1 0.91328125 0.78828125 0.0234375 0.06875
1 0.95 0.84609375 0.0171875 0.06875
1 0.78203125 0.9171875 0.0140625 0.0640625
1 0.79375 0.62578125 0.0171875 0.0765625