1 0.015625 0.16875 0.03125 0.01875
1 0.10625 0.16015625 0.05 0.0125
1 0.0671875 0.23515625 0.0578125 0.01875
1 0.16640625 0.22265625 0.05 0.0125
1 0.1890625 0.1703125 0.04375 0.015625
1 0.21484375 0.259375 0.0453125 0.0171875
1 0.30703125 0.284375 0.040625 0.015625
1 0.27734375 0.3078125 0.040625 0.0140625
1 0.234375 0.3421875 0.04375 0.0125
1 0.22890625 0.32421875 0.04375 0.015625
1 0.15546875 0.27265625 0.040625 0.0125
1 0.09140625 0.40078125 0.053125 0.01875
1 0.2109375 0.490625 0.046875 0.015625
1 0.31640625 0.465625 0.0375 0.015625
1 0.11875 0.59375 0.046875 0.0125
1 0.04375 0.57109375 0.0484375 0.01875
1 0.20859375 0.10546875 0.040625 0.0125
0 0.21640625 0.1109375 0.0125 0.0109375
0 0.7359375 0.27109375 0.0140625 0.0078125
1 0.621875 0.56484375 0.0625 0.0203125
1 0.63984375 0.51640625 0.0609375 0.0171875
1 0.64453125 0.46484375 0.05 0.015625
1 0.7140625 0.4765625 0.04375 0.015625
1 0.72890625 0.37421875 0.04375 0.015625
1 0.709375 0.26875 0.0375 0.015625
1 0.7359375 0.2515625 0.040625 0.015625
1 0.7375 0.221875 0.034375 0.0171875
1 0.72109375 0.2046875 0.0484375 0.015625
1 0.671875 0.19921875 0.046875 0.0125
1 0.65078125 0.23515625 0.0421875 0.0171875
1 0.6015625 0.2625 0.025 0.021875
1 0.6421875 0.06796875 0.0546875 0.0171875
1 0.67109375 0.1078125 0.0453125 0.015625
1 0.64609375 0.05546875 0.053125 0.015625
1 0.60546875 0.01796875 0.0328125 0.0171875
1 0.6125 0.00703125 0.046875 0.0140625
1 0.39609375 0.9171875 0.034375 0.0109375
1 0.334375 0.9203125 0.034375 0.0125
1 0.2375 0.89453125 0.0375 0.015625
1 0.20390625 0.89765625 0.0453125 0.015625
1 0.0921875 0.93046875 0.0625 0.015625
1 0.1203125 0.8515625 0.0640625 0.0203125
1 0.203125 0.74765625 0.053125 0.0125
1 0.27109375 0.75859375 0.0484375 0.0171875
1 0.3078125 0.75546875 0.04375 0.0125
1 0.3234375 0.8140625 0.0390625 0.015625
1 0.26171875 0.7328125 0.040625 0.0125
1 0.85703125 0.95859375 0.053125 0.015625
1 0.8640625 0.940625 0.053125 0.015625
1 0.9046875 0.9296875 0.0453125 0.0125
1 0.7359375 0.89921875 0.0703125 0.0203125
1 0.6515625 0.90546875 0.08125 0.01875
1 0.7734375 0.8375 0.0671875 0.0203125
1 0.75078125 0.78203125 0.0671875 0.0203125
1 0.77265625 0.76328125 0.0734375 0.01875
1 0.79765625 0.71171875 0.0609375 0.0203125
1 0.7453125 0.659375 0.065625 0.0171875
1 0.68984375 0.69609375 0.0734375 0.0203125