1 0.23359375 0.3859375 0.03125 0.0921875
1 0.01484375 0.1921875 0.0296875 0.065625
1 0.1453125 0.02890625 0.0203125 0.0515625
1 0.19921875 0.034375 0.0171875 0.0484375
1 0.24921875 0.01875 0.0171875 0.0375
1 0.325 0.02734375 0.021875 0.0546875
1 0.19296875 0.14921875 0.021875 0.0609375
1 0.24765625 0.1234375 0.025 0.0640625
1 0.39140625 0.23125 0.0265625 0.0734375
1 0.35859375 0.07421875 0.021875 0.0546875
1 0.38828125 0.06171875 0.0203125 0.0515625
0 0.834375 0.23984375 0.00625 0.009375
1 0.7078125 0.36328125 0.0203125 0.0484375
1 0.71796875 0.2890625 0.0171875 0.0578125
1 0.7703125 0.28828125 0.015625 0.053125
1 0.87109375 0.2828125 0.0125 0.053125
1 0.834375 0.24375 0.0203125 0.0453125
1 0.8875 0.28515625 0.0125 0.05
1 0.9234375 0.3640625 0.01875 0.0578125
1 0.946875 0.3625 0.01875 0.0625
1 0.08359375 0.57578125 0.01875 0.0640625
1 0.3796875 0.7 0.0234375 0.0734375
1 0.38671875 0.721875 0.0234375 0.0734375
1 0.4015625 0.6890625 0.025 0.0703125
1 0.40546875 0.69765625 0.0234375 0.0765625
1 0.41796875 0.678125 0.01875 0.06875
1 0.42890625 0.64375 0.0234375 0.0765625
1 0.45078125 0.6625 0.0171875 0.06875
1 0.46328125 0.6484375 0.0171875 0.06875
1 0.46875 0.61875 0.01875 0.0671875
1 0.453125 0.59921875 0.0203125 0.0703125
1 0.47890625 0.56796875 0.015625 0.0625
1 0.4828125 0.540625 0.015625 0.0578125
1 0.50078125 0.5921875 0.021875 0.0734375
1 0.48984375 0.6890625 0.01875 0.0734375
1 0.55546875 0.546875 0.0078125 0.0625
1 0.98671875 0.90625 0.01875 0.0546875
1 0.825 0.8890625 0.0171875 0.053125
1 0.7765625 0.7359375 0.0171875 0.0453125
1 0.8953125 0.775 0.0140625 0.0515625
1 0.975 0.640625 0.0140625 0.040625
1 0.984375 0.71328125 0.0171875 0.0484375