1 0.0953125 0.040625 0.0578125 0.0203125
1 0.30078125 0.10234375 0.0734375 0.025
1 0.14375 0.071875 0.0546875 0.021875
1 0.13125 0.1015625 0.0515625 0.0203125
1 0.17265625 0.3609375 0.0578125 0.028125
1 0.165625 0.440625 0.0515625 0.0203125
1 0.1546875 0.45703125 0.0515625 0.0203125
1 0.1859375 0.525 0.0703125 0.025
1 0.12109375 0.45859375 0.0453125 0.0234375
1 0.334375 0.5359375 0.0796875 0.025
1 0.33671875 0.39140625 0.0890625 0.0328125
1 0.50859375 0.43828125 0.0734375 0.01875
1 0.521875 0.38671875 0.0640625 0.0171875
1 0.47734375 0.38515625 0.05625 0.015625
1 0.446875 0.35234375 0.059375 0.0203125
1 0.44609375 0.32734375 0.0484375 0.0171875
1 0.5125 0.2390625 0.046875 0.015625
1 0.5546875 0.25 0.0578125 0.0171875
1 0.5484375 0.22578125 0.0578125 0.0203125
1 0.4875 0.2078125 0.0546875 0.0171875
1 0.4859375 0.190625 0.0515625 0.021875
1 0.52265625 0.1546875 0.0578125 0.01875
1 0.5125 0.1078125 0.0546875 0.0171875
1 0.5546875 0.09609375 0.059375 0.0203125
1 0.51640625 0.065625 0.053125 0.0171875
1 0.4765625 0.0359375 0.0421875 0.0171875
1 0.4859375 0.03046875 0.0515625 0.01875
1 0.6015625 0.01171875 0.0625 0.0234375
1 0.409375 0.9765625 0.01875 0.01875
1 0.5484375 0.86875 0.0609375 0.0171875
1 0.578125 0.79765625 0.0703125 0.01875
1 0.4734375 0.70625 0.05 0.015625
1 0.43984375 0.6671875 0.0421875 0.0140625
1 0.43984375 0.71875 0.04375 0.0125
1 0.55078125 0.634375 0.05 0.015625
1 0.72421875 0.6375 0.0734375 0.0234375
1 0.7171875 0.709375 0.0796875 0.021875