1 0.303125 0.46875 0.09375 0.0421875
1 0.0109375 0.2640625 0.021875 0.028125
1 0.065625 0.4296875 0.0609375 0.028125
1 0.059375 0.3703125 0.065625 0.0328125
1 0.2078125 0.26875 0.075 0.034375
1 0.04921875 0.24921875 0.05625 0.028125
1 0.046875 0.2171875 0.0515625 0.0265625
1 0.33125 0.01328125 0.090625 0.0265625
0 0.79609375 0.34296875 0.0078125 0.0078125
1 0.8375 0.38515625 0.05 0.021875
1 0.78046875 0.33828125 0.0390625 0.01875
1 0.8453125 0.240625 0.0484375 0.0203125
1 0.771875 0.19296875 0.034375 0.0140625
1 0.946875 0.14375 0.0515625 0.025
1 0.88203125 0.06953125 0.0421875 0.021875
1 0.87890625 0.05546875 0.046875 0.01875
1 0.9671875 0.04609375 0.046875 0.0203125
1 0.86875 0.003125 0.04375 0.00625
1 0.83359375 0.0046875 0.0390625 0.009375
1 0.015625 0.93046875 0.03125 0.0296875
1 0.01171875 0.89921875 0.0234375 0.0265625
1 0.06875 0.83515625 0.0703125 0.028125
1 0.1328125 0.56796875 0.065625 0.0171875
1 0.7109375 0.97421875 0.021875 0.0296875
1 0.8328125 0.8796875 0.0828125 0.0328125
1 0.8171875 0.83671875 0.0796875 0.03125
1 0.75859375 0.8046875 0.0609375 0.028125
1 0.75 0.71640625 0.0578125 0.028125