1 0.1078125 0.5953125 0.078125 0.034375
1 0.24921875 0.33203125 0.053125 0.021875
1 0.11796875 0.29609375 0.0578125 0.028125
1 0.1609375 0.2921875 0.0546875 0.025
1 0.19375 0.27109375 0.0578125 0.028125
1 0.2171875 0.1296875 0.0515625 0.025
1 0.07734375 0.01015625 0.0578125 0.0203125
1 0.13828125 0.03203125 0.0546875 0.025
1 0.16875 0.02734375 0.0515625 0.0234375
1 0.24765625 0.07578125 0.0390625 0.01875
0 0.22578125 0.334375 0.0109375 0.0078125
1 0.76171875 0.61875 0.0734375 0.021875
1 0.79140625 0.61484375 0.0734375 0.0296875
1 0.84140625 0.59765625 0.071875 0.034375
1 0.8640625 0.51875 0.0640625 0.034375
1 0.89375 0.52109375 0.065625 0.03125
1 0.8734375 0.48203125 0.0640625 0.0328125
1 0.77734375 0.471875 0.0765625 0.0375
1 0.7875 0.43359375 0.0765625 0.0421875
1 0.84609375 0.4234375 0.0578125 0.028125
1 0.834375 0.38125 0.0671875 0.028125
1 0.89609375 0.32734375 0.0578125 0.0265625
1 0.8578125 0.25546875 0.059375 0.0328125
1 0.8703125 0.22265625 0.0578125 0.028125
1 0.7015625 0.22421875 0.078125 0.0390625
1 0.696875 0.09453125 0.0609375 0.0296875
1 0.54609375 0.196875 0.0953125 0.0421875
0 0.7609375 0.4921875 0.01875 0.0125
0 0.21875 0.6875 0.025 0.0140625
1 0.42421875 0.89765625 0.0515625 0.021875
1 0.20625 0.7484375 0.0765625 0.03125
1 0.16796875 0.69296875 0.0796875 0.03125
1 0.23125 0.66640625 0.059375 0.025
1 0.79140625 0.82109375 0.0671875 0.03125
1 0.8109375 0.734375 0.0578125 0.028125
1 0.8625 0.746875 0.059375 0.0234375
1 0.928125 0.734375 0.0453125 0.0203125
1 0.87890625 0.6703125 0.0453125 0.0203125
1 0.80078125 0.63671875 0.0453125 0.0140625
1 0.75625 0.6421875 0.0515625 0.021875
1 0.69296875 0.63515625 0.0640625 0.0109375
1 0.62578125 0.7203125 0.0703125 0.03125