1 0.4640625 0.4765625 0.05 0.065625
1 0.07265625 0.23515625 0.0296875 0.078125
1 0.25 0.0109375 0.01875 0.021875
1 0.3390625 0.09921875 0.0265625 0.0578125
1 0.32421875 0.05859375 0.021875 0.0546875
1 0.32890625 0.02421875 0.0265625 0.0484375
1 0.50390625 0.2 0.034375 0.084375
1 0.6125 0.12890625 0.0328125 0.0765625
1 0.62421875 0.009375 0.0203125 0.01875
1 0.61640625 0.02109375 0.0234375 0.0421875
0 0.25859375 0.01796875 0.0078125 0.0109375
1 0.990625 0.49453125 0.01875 0.0296875
1 0.9828125 0.4796875 0.025 0.059375
1 0.7984375 0.5 0.028125 0.01875
1 0.79296875 0.4484375 0.0234375 0.0578125
1 0.90078125 0.41796875 0.0203125 0.046875
1 0.9296875 0.3734375 0.0203125 0.0421875
1 0.978125 0.3171875 0.0234375 0.0421875
1 0.76015625 0.359375 0.0203125 0.0453125
1 0.30078125 0.97734375 0.0265625 0.0453125
1 0.3859375 0.9296875 0.0265625 0.0625
1 0.42265625 0.83984375 0.0203125 0.046875
1 0.42890625 0.76875 0.01875 0.0453125
1 0.44609375 0.76015625 0.015625 0.0390625
1 0.565625 0.79453125 0.0203125 0.0515625
1 0.57890625 0.78203125 0.0203125 0.05625
1 0.58203125 0.8296875 0.0203125 0.0453125
1 0.63828125 0.8953125 0.01875 0.05625
1 0.6328125 0.8875 0.01875 0.0515625
1 0.34609375 0.825 0.0171875 0.046875
1 0.29453125 0.8015625 0.0171875 0.0453125
1 0.2421875 0.84296875 0.0203125 0.0421875
1 0.20625 0.8234375 0.0171875 0.0453125
1 0.1984375 0.859375 0.0265625 0.05
1 0.15546875 0.9140625 0.028125 0.05625
1 0.25703125 0.86875 0.0203125 0.0359375
1 0.32265625 0.8546875 0.0171875 0.0453125
1 0.2953125 0.85546875 0.0171875 0.0421875
0 0.31796875 0.87265625 0.0078125 0.0140625
1 0.9703125 0.58359375 0.0265625 0.0625