1 0.14375 0.5109375 0.053125 0.0109375
1 0.26015625 0.440625 0.05625 0.0171875
1 0.2171875 0.4484375 0.053125 0.0140625
1 0.1796875 0.4375 0.05625 0.0171875
1 0.11875 0.3078125 0.05 0.0140625
1 0.38515625 0.29375 0.0828125 0.021875
1 0.33203125 0.17578125 0.075 0.021875
1 0.440625 0.00703125 0.0875 0.0140625
1 0.15859375 0.009375 0.053125 0.0109375
1 0.1109375 0.11875 0.046875 0.0140625
1 0.196875 0.1421875 0.05625 0.0109375
1 0.21875 0.153125 0.05625 0.0140625
1 0.16796875 0.1921875 0.053125 0.0140625
1 0.1375 0.196875 0.05 0.0125
1 0.075 0.2640625 0.0375 0.0109375
0 0.1671875 0.50703125 0.009375 0.00625
1 0.77890625 0.14921875 0.084375 0.025
1 0.7015625 0.275 0.078125 0.021875
1 0.2984375 0.99140625 0.046875 0.015625
1 0.26875 0.95625 0.046875 0.015625
1 0.29296875 0.95546875 0.040625 0.0140625
1 0.34140625 0.9453125 0.053125 0.0109375
1 0.46640625 0.9390625 0.053125 0.0203125
1 0.50078125 0.80546875 0.053125 0.0140625
1 0.61015625 0.7375 0.0390625 0.015625
1 0.57109375 0.8265625 0.059375 0.0203125
1 0.46171875 0.64765625 0.0515625 0.0140625
1 0.30234375 0.62109375 0.04375 0.0140625
1 0.3578125 0.7328125 0.0515625 0.0109375
1 0.23671875 0.83046875 0.040625 0.0109375
1 0.309375 0.83046875 0.046875 0.0140625
1 0.734375 0.71796875 0.078125 0.015625
1 0.65 0.79765625 0.040625 0.0203125
1 0.77734375 0.8890625 0.0796875 0.025