1 0.48984375 0.00859375 0.0671875 0.0171875
1 0.40546875 0.19375 0.05 0.01875
1 0.39140625 0.21953125 0.0515625 0.0203125
1 0.521875 0.3421875 0.0578125 0.01875
1 0.53046875 0.421875 0.05625 0.01875
1 0.428125 0.45625 0.0515625 0.015625
1 0.4265625 0.4421875 0.0515625 0.015625
1 0.3921875 0.446875 0.0453125 0.01875
1 0.40703125 0.3453125 0.0515625 0.0171875
1 0.39765625 0.296875 0.0546875 0.0171875
1 0.36171875 0.328125 0.0546875 0.0203125
1 0.359375 0.34765625 0.0453125 0.015625
1 0.32734375 0.3453125 0.0484375 0.0140625
1 0.33359375 0.3171875 0.0515625 0.015625
1 0.665625 0.02265625 0.03125 0.0171875
1 0.675 0.12265625 0.05 0.0140625
1 0.67890625 0.1375 0.05 0.0140625
1 0.7640625 0.15390625 0.0578125 0.0203125
1 0.76875 0.17734375 0.0625 0.0203125
1 0.6734375 0.2734375 0.04375 0.0140625
1 0.7140625 0.39296875 0.046875 0.015625
1 0.71875 0.396875 0.0515625 0.01875
1 0.703125 0.4296875 0.0453125 0.015625
1 0.7125 0.43671875 0.0453125 0.01875
1 0.7765625 0.4359375 0.0546875 0.0171875
1 0.334375 0.94140625 0.05 0.025
1 0.31640625 0.8984375 0.0546875 0.0234375
1 0.29140625 0.9203125 0.0484375 0.015625
1 0.27890625 0.91171875 0.0453125 0.015625
1 0.25546875 0.90234375 0.0484375 0.01875
1 0.2671875 0.92421875 0.04375 0.0125
1 0.27265625 0.9359375 0.0421875 0.015625
1 0.271875 0.93984375 0.0453125 0.0171875
1 0.2734375 0.95859375 0.0421875 0.015625
1 0.271875 0.978125 0.025 0.028125
1 0.26640625 0.990625 0.0421875 0.01875
0 0.65625 0.7125 0.0125 0.009375
0 0.70625 0.9296875 0.0140625 0.0078125