1 0.1515625 0.12421875 0.028125 0.0671875
1 0.34609375 0.059375 0.0234375 0.05
1 0.3640625 0.04765625 0.009375 0.0515625
1 0.73046875 0.34921875 0.0203125 0.0484375
1 0.871875 0.3984375 0.01875 0.0390625
1 0.8625 0.390625 0.015625 0.0375
1 0.8640625 0.403125 0.0125 0.0203125
1 0.8265625 0.29609375 0.015625 0.0390625
1 0.5875 0.31640625 0.0203125 0.053125
1 0.57890625 0.278125 0.0203125 0.0453125
1 0.56875 0.2546875 0.021875 0.0390625
1 0.58984375 0.23359375 0.0171875 0.04375
1 0.59765625 0.24765625 0.015625 0.0421875
1 0.640625 0.278125 0.0203125 0.0359375
1 0.65703125 0.27734375 0.01875 0.046875
1 0.684375 0.2859375 0.015625 0.0375
1 0.6609375 0.30078125 0.0140625 0.034375
1 0.65234375 0.31875 0.015625 0.0421875
1 0.69609375 0.30546875 0.0234375 0.034375
1 0.70625 0.29375 0.01875 0.0421875
1 0.7046875 0.27578125 0.0171875 0.0375
1 0.72109375 0.2796875 0.0171875 0.040625
1 0.50703125 0.275 0.0203125 0.05
1 0.49609375 0.278125 0.01875 0.0421875
1 0.31796875 0.953125 0.0390625 0.0859375
1 0.34296875 0.73828125 0.0265625 0.0640625
1 0.22578125 0.68984375 0.0296875 0.0640625
0 0.33984375 0.77109375 0.0140625 0.0140625
1 0.934375 0.63125 0.04375 0.08125
1 0.821875 0.75390625 0.0453125 0.0875
1 0.85234375 0.790625 0.0328125 0.0734375
1 0.98515625 0.846875 0.0296875 0.078125
1 0.99375 0.92578125 0.0125 0.0890625
1 0.696875 0.89296875 0.0421875 0.090625
0 0.703125 0.871875 0.015625 0.0265625
1 0.76640625 0.72421875 0.0453125 0.0875
1 0.74140625 0.71015625 0.0421875 0.078125
1 0.79765625 0.525 0.0296875 0.0609375
1 0.69765625 0.484375 0.028125 0.0546875
1 0.65078125 0.58359375 0.028125 0.065625
1 0.6125 0.63046875 0.034375 0.065625
1 0.58046875 0.5453125 0.0328125 0.065625
1 0.54921875 0.59609375 0.03125 0.065625
1 0.47890625 0.5953125 0.05 0.0828125
1 0.46796875 0.73515625 0.0390625 0.09375
1 0.3890625 0.690625 0.040625 0.08125
1 0.3890625 0.6515625 0.0390625 0.0859375