1 0.23046875 0.0875 0.0578125 0.0296875
1 0.27734375 0.1375 0.0484375 0.0234375
1 0.21953125 0.15078125 0.05625 0.03125
1 0.10234375 0.1484375 0.0671875 0.0375
1 0.028125 0.19609375 0.05625 0.0296875
1 0.0359375 0.20546875 0.071875 0.0359375
1 0.2125 0.4125 0.0671875 0.0296875
1 0.3515625 0.31171875 0.05 0.021875
1 0.9125 0.00859375 0.065625 0.0171875
1 0.79453125 0.09296875 0.078125 0.0375
1 0.78984375 0.43359375 0.0828125 0.0109375
1 0.95078125 0.27265625 0.065625 0.034375
1 0.9859375 0.26015625 0.028125 0.0265625
1 0.18984375 0.6234375 0.05625 0.03125
1 0.2421875 0.5515625 0.053125 0.028125
1 0.34921875 0.53828125 0.0421875 0.0203125
1 0.37109375 0.59765625 0.04375 0.0203125
1 0.35625 0.890625 0.0484375 0.0234375
1 0.39140625 0.8890625 0.0484375 0.021875
1 0.2859375 0.89375 0.053125 0.0234375
0 0.29453125 0.8875 0.0140625 0.0109375
0 0.71796875 0.60390625 0.0109375 0.0078125
1 0.51875 0.9140625 0.0671875 0.03125
1 0.69296875 0.82421875 0.0484375 0.021875
1 0.59375 0.6890625 0.0515625 0.025
1 0.7078125 0.6375 0.0390625 0.01875
1 0.73046875 0.62734375 0.0328125 0.015625
1 0.66015625 0.5921875 0.0453125 0.0203125
1 0.66875 0.5046875 0.0359375 0.015625
1 0.671875 0.4921875 0.034375 0.015625
1 0.61328125 0.496875 0.04375 0.01875
1 0.60390625 0.48125 0.0484375 0.0234375