1 0.11484375 0.15390625 0.0734375 0.0109375
1 0.1171875 0.1203125 0.0671875 0.0234375
1 0.434375 0.1203125 0.0890625 0.028125
1 0.72734375 0.046875 0.0390625 0.0125
0 0.18125 0.22109375 0.009375 0.0078125
0 0.0953125 0.26953125 0.00625 0.0046875
0 0.17421875 0.371875 0.009375 0.0078125
0 0.1578125 0.5109375 0.009375 0.0078125
0 0.25 0.56015625 0.009375 0.0078125
0 0.19765625 0.58515625 0.0140625 0.0078125
0 0.18046875 0.72265625 0.009375 0.0078125
0 0.25234375 0.8296875 0.009375 0.0078125
0 0.1765625 0.85859375 0.009375 0.0078125
0 0.34609375 0.7328125 0.0109375 0.0078125
0 0.3796875 0.97109375 0.009375 0.00625
0 0.36953125 0.890625 0.009375 0.00625
0 0.2015625 0.9546875 0.009375 0.0078125
1 0.29921875 0.98203125 0.08125 0.0203125
1 0.28515625 0.775 0.075 0.025
1 0.31015625 0.81484375 0.0765625 0.025
1 0.16015625 0.88984375 0.0640625 0.0203125
1 0.3359375 0.6640625 0.0828125 0.025
1 0.31640625 0.496875 0.0703125 0.0265625
1 0.559375 0.5234375 0.0984375 0.0328125
1 0.0859375 0.38203125 0.0609375 0.0171875
1 0.11640625 0.3484375 0.065625 0.0234375
1 0.13046875 0.31484375 0.0625 0.0203125
1 0.18203125 0.284375 0.075 0.028125
1 0.2734375 0.209375 0.0890625 0.0234375
1 0.303125 0.22734375 0.0875 0.03125
1 0.46953125 0.23671875 0.0921875 0.0328125
1 0.253125 0.3 0.0703125 0.0296875
1 0.24609375 0.3765625 0.0734375 0.025
1 0.128125 0.40078125 0.0578125 0.021875
1 0.15234375 0.459375 0.0609375 0.0203125
1 0.0734375 0.50390625 0.053125 0.025
1 0.6953125 0.9640625 0.0578125 0.01875
1 0.67890625 0.9546875 0.0578125 0.01875