1 0.5265625 0.52265625 0.03125 0.0328125
1 0.38828125 0.253125 0.0359375 0.1015625
1 0.29609375 0.26796875 0.03125 0.0890625
1 0.021875 0.409375 0.03125 0.0828125
1 0.0859375 0.44609375 0.0265625 0.0796875
1 0.09765625 0.4921875 0.03125 0.0859375
1 0.0203125 0.32578125 0.0375 0.075
1 0.02578125 0.275 0.0265625 0.0671875
1 0.98203125 0.31484375 0.028125 0.0703125
1 0.95390625 0.103125 0.0234375 0.0703125
1 0.90234375 0.109375 0.0328125 0.0671875
1 0.7640625 0.10859375 0.0296875 0.0703125
1 0.728125 0.23203125 0.025 0.0578125
1 0.75390625 0.22734375 0.0328125 0.0359375
0 0.73515625 0.215625 0.0109375 0.01875
1 0.6484375 0.3296875 0.01875 0.046875
1 0.740625 0.4046875 0.025 0.0578125
1 0.78359375 0.4671875 0.0265625 0.0515625
1 0.95625 0.49453125 0.0171875 0.0515625
1 0.70390625 0.45 0.025 0.0515625
1 0.65390625 0.49296875 0.0171875 0.046875
1 0.01328125 0.95390625 0.0265625 0.0796875
1 0.5015625 0.9578125 0.034375 0.084375
1 0.27265625 0.959375 0.0390625 0.08125
1 0.18984375 0.9359375 0.040625 0.0953125
1 0.0703125 0.6 0.0328125 0.096875
0 0.63671875 0.6484375 0.0078125 0.0109375
0 0.63203125 0.7078125 0.0046875 0.00625
0 0.66171875 0.7078125 0.00625 0.0109375
0 0.634375 0.796875 0.009375 0.0109375
0 0.75234375 0.88203125 0.0078125 0.0078125
0 0.7703125 0.7921875 0.0078125 0.0078125
0 0.79765625 0.7390625 0.0046875 0.009375
0 0.8359375 0.70859375 0.0078125 0.0109375
0 0.65703125 0.60546875 0.00625 0.00625
0 0.67578125 0.61171875 0.0046875 0.00625
0 0.84140625 0.9296875 0.0046875 0.00625
0 0.8984375 0.8859375 0.0046875 0.0140625
0 0.9765625 0.771875 0.0046875 0.0109375
1 0.7875 0.90703125 0.015625 0.040625
1 0.86796875 0.8125 0.0140625 0.040625
1 0.86171875 0.94609375 0.0109375 0.034375
1 0.9546875 0.91875 0.0140625 0.0359375
1 0.7140625 0.67734375 0.0203125 0.0546875
1 0.69609375 0.659375 0.0234375 0.0546875