1 0.4328125 0.4484375 0.0734375 0.0203125
1 0.42421875 0.4078125 0.0671875 0.0203125
1 0.1125 0.46875 0.0890625 0.0234375
1 0.0125 0.071875 0.025 0.028125
1 0.240625 0.03125 0.0734375 0.028125
1 0.42421875 0.10234375 0.071875 0.0171875
1 0.4125 0.11953125 0.0734375 0.0265625
1 0.54765625 0.14375 0.0609375 0.0203125
1 0.59296875 0.175 0.0328125 0.01875
1 0.55078125 0.35390625 0.0578125 0.01875
1 0.27734375 0.20859375 0.0828125 0.025
1 0.3078125 0.275 0.0796875 0.01875
1 0.353125 0.290625 0.0859375 0.025
1 0.19375 0.19921875 0.0734375 0.03125
1 0.14296875 0.20078125 0.0671875 0.021875
1 0.69140625 0.0125 0.0640625 0.025
1 0.67578125 0.2890625 0.0640625 0.0234375
1 0.72734375 0.28671875 0.05625 0.015625
1 0.80703125 0.296875 0.0609375 0.0265625
1 0.88671875 0.30390625 0.0515625 0.0171875
1 0.921875 0.39296875 0.0453125 0.01875
1 0.809375 0.196875 0.053125 0.021875
1 0.82578125 0.01640625 0.046875 0.015625
1 0.83828125 0.02734375 0.04375 0.015625
1 0.8984375 0.0984375 0.05 0.015625
1 0.884375 0.12578125 0.05 0.015625
0 0.19375 0.56328125 0.0125 0.00625
0 0.2859375 0.6546875 0.009375 0.00625
0 0.42421875 0.58828125 0.009375 0.003125
0 0.453125 0.51328125 0.009375 0.00625
0 0.60703125 0.64609375 0.0046875 0.0046875
0 0.53125 0.67421875 0.009375 0.0046875
0 0.20703125 0.73984375 0.009375 0.00625
0 0.51640625 0.94140625 0.009375 0.0046875
0 0.5609375 0.99375 0.0125 0.0046875
0 0.40390625 0.81953125 0.0140625 0.00625
1 0.284375 0.89921875 0.0953125 0.028125
1 0.43671875 0.94375 0.0859375 0.021875
1 0.55078125 0.8421875 0.059375 0.01875
1 0.56953125 0.8625 0.0625 0.0171875
1 0.58671875 0.79921875 0.0453125 0.0171875
1 0.56953125 0.69609375 0.05 0.015625
1 0.59453125 0.5953125 0.0296875 0.0125
1 0.60078125 0.58515625 0.0171875 0.0140625
1 0.50703125 0.52421875 0.0609375 0.0203125
1 0.81484375 0.6859375 0.078125 0.0203125
1 0.86328125 0.62421875 0.0578125 0.0234375
1 0.86953125 0.58828125 0.0671875 0.0203125
1 0.89140625 0.57734375 0.053125 0.0125
1 0.90234375 0.5171875 0.0484375 0.015625
1 0.99140625 0.6515625 0.0171875 0.01875
1 0.96796875 0.6328125 0.046875 0.01875
1 0.9328125 0.60234375 0.0421875 0.0171875
1 0.9171875 0.64921875 0.0515625 0.0171875
1 0.96953125 0.6671875 0.0578125 0.021875
1 0.99140625 0.8265625 0.0171875 0.01875
1 0.94375 0.8125 0.0640625 0.0203125
1 0.94453125 0.90546875 0.05625 0.0140625
1 0.87890625 0.90234375 0.053125 0.015625
1 0.77890625 0.90703125 0.0703125 0.0234375
0 0.83828125 0.63515625 0.015625 0.0109375