1 0.28671875 0.07578125 0.0671875 0.0265625
1 0.28046875 0.08828125 0.0640625 0.0234375
1 0.1640625 0.1609375 0.0640625 0.025
1 0.1078125 0.18515625 0.0578125 0.021875
1 0.22109375 0.1890625 0.0640625 0.0265625
1 0.39296875 0.19609375 0.0515625 0.0296875
1 0.2890625 0.35859375 0.0640625 0.021875
1 0.24296875 0.3703125 0.0609375 0.0265625
1 0.1125 0.37421875 0.0609375 0.025
1 0.26171875 0.47734375 0.0671875 0.0265625
1 0.54765625 0.1125 0.0453125 0.0171875
1 0.53828125 0.15390625 0.0421875 0.0171875
1 0.609375 0.22109375 0.0421875 0.01875
1 0.66484375 0.22109375 0.0546875 0.025
1 0.56171875 0.25390625 0.0546875 0.025
1 0.53515625 0.35 0.0515625 0.021875
1 0.50859375 0.371875 0.0515625 0.0171875
1 0.4765625 0.378125 0.0390625 0.0140625
1 0.425 0.30703125 0.0125 0.0140625
1 0.453125 0.2703125 0.0328125 0.0171875
1 0.49375 0.14921875 0.0390625 0.0171875
1 0.490625 0.1125 0.0421875 0.015625
1 0.434375 0.5 0.03125 0.015625
1 0.44140625 0.5140625 0.0390625 0.0140625
1 0.4828125 0.53671875 0.0484375 0.0171875
1 0.5265625 0.53515625 0.0546875 0.01875
1 0.51875 0.52109375 0.0546875 0.01875
1 0.09765625 0.8421875 0.0515625 0.01875
1 0.1625 0.90078125 0.065625 0.0234375
1 0.184375 0.87109375 0.0703125 0.0265625
0 0.97265625 0.68203125 0.01875 0.009375
0 0.90390625 0.73515625 0.0171875 0.0078125
0 0.9015625 0.85390625 0.0109375 0.0078125
0 0.85390625 0.82734375 0.015625 0.009375
0 0.80546875 0.88984375 0.0109375 0.0078125
0 0.9140625 0.96484375 0.01875 0.009375
0 0.840625 0.659375 0.015625 0.009375
1 0.959375 0.746875 0.0578125 0.0203125
1 0.953125 0.7734375 0.053125 0.015625
1 0.81328125 0.7515625 0.0515625 0.0171875
1 0.84375 0.72109375 0.0546875 0.01875
1 0.890625 0.69140625 0.0546875 0.0265625
1 0.75 0.79375 0.040625 0.0109375
1 0.75 0.8 0.0390625 0.0171875
1 0.778125 0.93046875 0.0515625 0.0171875
1 0.85390625 0.98828125 0.0515625 0.0171875
1 0.846875 0.959375 0.0546875 0.0203125
1 0.89609375 0.6390625 0.0625 0.0203125