1 0.09296875 0.51328125 0.0671875 0.0109375
1 0.09453125 0.50703125 0.0640625 0.0234375
1 0.1703125 0.3953125 0.0640625 0.028125
1 0.20078125 0.35 0.0359375 0.025
1 0.10703125 0.39296875 0.0640625 0.0296875
1 0.021875 0.2359375 0.04375 0.03125
1 0.13125 0.1796875 0.0609375 0.0296875
1 0.58515625 0.18984375 0.040625 0.0203125
1 0.6421875 0.22421875 0.0421875 0.0203125
1 0.69375 0.1984375 0.0359375 0.015625
1 0.640625 0.30078125 0.0359375 0.0171875
1 0.5953125 0.26640625 0.05 0.0265625
1 0.5765625 0.33203125 0.046875 0.025
1 0.4734375 0.38046875 0.0578125 0.028125
1 0.51640625 0.4796875 0.0484375 0.0234375
1 0.59453125 0.48203125 0.0421875 0.021875
1 0.69921875 0.45859375 0.0296875 0.01875
1 0.62890625 0.35390625 0.0421875 0.0203125
1 0.69375 0.35625 0.0421875 0.01875
1 0.7515625 0.46875 0.0296875 0.01875
1 0.76640625 0.51640625 0.0359375 0.0046875
1 0.5484375 0.9515625 0.0984375 0.053125
1 0.5375 0.80390625 0.090625 0.053125
1 0.5109375 0.6984375 0.0984375 0.04375
1 0.4734375 0.58203125 0.1 0.05
1 0.70546875 0.99140625 0.0765625 0.0171875
1 0.72890625 0.99609375 0.0828125 0.0078125