1 0.453125 0.425 0.0625 0.009375
1 0.4875 0.40625 0.04375 0.01875
1 0.1890625 0.4046875 0.0828125 0.021875
1 0.27421875 0.3671875 0.0703125 0.0203125
1 0.45546875 0.3046875 0.065625 0.0171875
1 0.08046875 0.39296875 0.08125 0.015625
1 0.2265625 0.203125 0.075 0.0234375
1 0.1171875 0.16015625 0.0875 0.025
1 0.4296875 0.07421875 0.06875 0.0171875
1 0.4515625 0.01015625 0.06875 0.0203125
0 0.11796875 0.39765625 0.0171875 0.0125
1 0.9890625 0.33671875 0.021875 0.0171875
1 0.7078125 0.27734375 0.09375 0.0203125
1 0.88671875 0.190625 0.071875 0.01875
1 0.98359375 0.11171875 0.0328125 0.0171875
1 0.9640625 0.0046875 0.06875 0.009375
1 0.2171875 0.9390625 0.040625 0.0140625
1 0.0609375 0.89375 0.0625 0.0125
1 0.1671875 0.78828125 0.05 0.0203125
1 0.28515625 0.746875 0.0453125 0.0109375
1 0.06953125 0.725 0.053125 0.0140625
1 0.05703125 0.71015625 0.0515625 0.0140625
1 0.0125 0.46796875 0.025 0.0203125
1 0.1 0.5296875 0.046875 0.0140625
1 0.21875 0.60390625 0.0453125 0.0140625
0 0.13515625 0.996875 0.0234375 0.00625
1 0.8515625 0.80078125 0.078125 0.0125
1 0.8453125 0.6828125 0.065625 0.0125
1 0.8234375 0.59609375 0.075 0.021875
1 0.7484375 0.4390625 0.06875 0.01875
1 0.8140625 0.44375 0.06875 0.01875
1 0.8015625 0.43359375 0.08125 0.0078125
1 0.88203125 0.46875 0.0625 0.0171875
1 0.84140625 0.48046875 0.065625 0.0140625
1 0.8453125 0.478125 0.071875 0.015625
1 0.840625 0.49453125 0.06875 0.015625
1 0.84765625 0.50703125 0.0671875 0.0125
1 0.88203125 0.5 0.065625 0.015625