0 0.2921875 0.5546875 0.0125 0.0171875
0 0.20390625 0.39765625 0.0078125 0.015625
0 0.08359375 0.50625 0.0078125 0.0140625
0 0.3328125 0.3984375 0.0125 0.0203125
0 0.428125 0.35078125 0.0140625 0.0203125
0 0.3859375 0.16796875 0.009375 0.0171875
0 0.334375 0.05703125 0.0125 0.015625
1 0.2578125 0.12890625 0.0359375 0.08125
1 0.253125 0.08671875 0.0375 0.0859375
1 0.1265625 0.178125 0.0375 0.078125
1 0.134375 0.21796875 0.0390625 0.096875
1 0.1109375 0.2171875 0.0375 0.0890625
1 0.09140625 0.21796875 0.040625 0.096875
1 0.0546875 0.25078125 0.0421875 0.1046875
1 0.02890625 0.18515625 0.0328125 0.0890625
1 0.18203125 0.2 0.0421875 0.1109375
1 0.2375 0.23671875 0.0453125 0.1078125
1 0.30078125 0.19765625 0.0453125 0.1109375
1 0.109375 0.178125 0.0296875 0.0890625
1 0.56015625 0.515625 0.0421875 0.084375
1 0.71875 0.409375 0.0359375 0.075
1 0.890625 0.2828125 0.034375 0.071875
1 0.9171875 0.2859375 0.0390625 0.075
1 0.97265625 0.16171875 0.034375 0.06875
1 0.9875 0.1953125 0.025 0.059375
1 0.7421875 0.1109375 0.028125 0.0609375
1 0.73359375 0.2484375 0.028125 0.0578125
1 0.7296875 0.20546875 0.0265625 0.0546875
1 0.6453125 0.16328125 0.0296875 0.059375
1 0.6671875 0.22265625 0.0265625 0.0609375
1 0.69453125 0.20859375 0.028125 0.0671875
1 0.6859375 0.22578125 0.025 0.0640625
1 0.56171875 0.23984375 0.025 0.0578125
1 0.5 0.1640625 0.0265625 0.0546875
1 0.56171875 0.31171875 0.028125 0.0671875
1 0.4796875 0.26875 0.021875 0.065625
0 0.84140625 0.2484375 0.0171875 0.0234375
1 0.003125 0.90078125 0.00625 0.0421875
1 0.015625 0.88984375 0.0171875 0.0328125
1 0.034375 0.778125 0.01875 0.0390625
1 0.11875 0.79921875 0.01875 0.0421875
1 0.19921875 0.82734375 0.015625 0.04375
1 0.0984375 0.94921875 0.0265625 0.0515625
1 0.04765625 0.978125 0.0203125 0.04375
1 0.20859375 0.990625 0.0265625 0.01875
1 0.32421875 0.8671875 0.0234375 0.0546875
1 0.3875 0.78984375 0.0171875 0.0390625
1 0.446875 0.775 0.0234375 0.0484375
1 0.46171875 0.8515625 0.0140625 0.059375
1 0.43515625 0.89453125 0.0234375 0.0546875
1 0.25546875 0.75859375 0.015625 0.0328125
1 0.22578125 0.71640625 0.0171875 0.0390625
0 0.51015625 0.7328125 0.009375 0.0171875
0 0.565625 0.82890625 0.0125 0.0171875
0 0.6578125 0.7546875 0.0078125 0.0109375
0 0.6484375 0.6984375 0.0078125 0.009375
0 0.73125 0.8 0.0078125 0.0125
0 0.809375 0.765625 0.009375 0.0171875
0 0.953125 0.71171875 0.009375 0.0171875
0 0.91640625 0.75390625 0.0125 0.015625
1 0.51484375 0.80859375 0.0234375 0.0546875
1 0.6171875 0.959375 0.034375 0.08125
1 0.64765625 0.809375 0.03125 0.0625
1 0.80859375 0.7015625 0.0265625 0.025
1 0.84921875 0.69609375 0.0234375 0.0140625
1 0.85546875 0.72109375 0.034375 0.059375
1 0.89609375 0.7359375 0.0296875 0.0703125