0 0.371875 0.146875 0.0109375 0.015625
0 0.334375 0.32265625 0.00625 0.015625
0 0.18671875 0.2546875 0.00625 0.0140625
1 0.3234375 0.55546875 0.0265625 0.0765625
1 0.3203125 0.5140625 0.025 0.096875
1 0.29765625 0.521875 0.025 0.0890625
1 0.27890625 0.52734375 0.0265625 0.096875
1 0.234375 0.50625 0.0265625 0.1046875
1 0.22890625 0.57734375 0.01875 0.0890625
1 0.128125 0.59375 0.03125 0.0921875
1 0.3703125 0.51796875 0.0265625 0.1109375
1 0.41328125 0.46640625 0.0296875 0.1078125
1 0.3078125 0.56015625 0.015625 0.0890625
0 0.53984375 0.37578125 0.00625 0.009375
0 0.54765625 0.43203125 0.00625 0.0078125
0 0.596875 0.3109375 0.00625 0.0125
0 0.68203125 0.32109375 0.0078125 0.015625
0 0.72890625 0.459375 0.0078125 0.015625
0 0.77578125 0.41796875 0.009375 0.01875
0 0.83515625 0.33046875 0.0078125 0.015625
0 0.7875 0.30078125 0.0109375 0.0140625
1 0.51484375 0.3265625 0.0234375 0.0609375
1 0.56328125 0.48515625 0.015625 0.053125
1 0.59140625 0.46640625 0.021875 0.065625
1 0.67265625 0.48359375 0.0140625 0.0515625
1 0.70546875 0.4015625 0.0171875 0.065625
1 0.7484375 0.3984375 0.0140625 0.0625
1 0.7390625 0.35 0.025 0.0578125
1 0.7734375 0.32421875 0.01875 0.0703125
1 0.8125 0.4078125 0.021875 0.0640625
1 0.84375 0.39921875 0.01875 0.0484375
1 0.85546875 0.4171875 0.01875 0.06875
1 0.878125 0.040625 0.03125 0.08125
1 0.91015625 0.33828125 0.01875 0.0703125
1 0.91640625 0.29453125 0.0203125 0.0625
1 0.91484375 0.259375 0.0203125 0.065625
1 0.428125 0.69453125 0.028125 0.0515625
1 0.43828125 0.78203125 0.0234375 0.0734375
1 0.353125 0.953125 0.0203125 0.0609375
1 0.1953125 0.97578125 0.021875 0.0484375
1 0.07109375 0.97265625 0.0203125 0.0546875
1 0.175 0.76171875 0.0265625 0.0640625
1 0.81171875 0.6984375 0.0234375 0.059375
1 0.9953125 0.70546875 0.009375 0.0671875
1 0.96953125 0.82109375 0.0203125 0.0609375
1 0.89609375 0.89140625 0.015625 0.05
1 0.85390625 0.91953125 0.021875 0.0578125
1 0.79296875 0.81015625 0.0171875 0.0578125
1 0.68359375 0.78203125 0.015625 0.0625
1 0.69765625 0.89140625 0.015625 0.05
1 0.621875 0.934375 0.0171875 0.05625
1 0.76875 0.98515625 0.015625 0.0296875