0 0.06328125 0.3828125 0.01875 0.0078125
0 0.0234375 0.26953125 0.0125 0.0125
0 0.0203125 0.0265625 0.015625 0.0109375
0 0.1578125 0.11171875 0.01875 0.009375
0 0.175 0.2171875 0.01875 0.0109375
0 0.3625 0.2296875 0.015625 0.0078125
0 0.48359375 0.2125 0.0140625 0.0109375
0 0.46015625 0.3765625 0.021875 0.0078125
0 0.409375 0.4578125 0.0203125 0.0140625
0 0.23046875 0.4171875 0.01875 0.0109375
0 0.5453125 0.4515625 0.015625 0.0078125
1 0.5765625 0.46328125 0.065625 0.0171875
1 0.4375 0.11875 0.08125 0.025
1 0.47890625 0.1265625 0.0859375 0.025
1 0.39140625 0.025 0.1109375 0.0265625
1 0.33984375 0.06796875 0.1078125 0.0296875
1 0.359375 0.13984375 0.1109375 0.0296875
1 0.37421875 0.36640625 0.096875 0.025
1 0.30546875 0.471875 0.1109375 0.015625
1 0.54296875 0.315625 0.08125 0.0203125
1 0.95390625 0.32578125 0.05625 0.015625
1 0.97421875 0.33984375 0.0515625 0.0171875
1 0.98984375 0.290625 0.0203125 0.015625
1 0.984375 0.1828125 0.03125 0.0125
1 0.8796875 0.2921875 0.0703125 0.0203125
1 0.8828125 0.05078125 0.0625 0.0171875
1 0.96484375 0.0375 0.0625 0.0171875
1 0.5625 0.85625 0.065625 0.0171875
1 0.5390625 0.821875 0.078125 0.021875
1 0.553125 0.5265625 0.0796875 0.0203125
1 0.6359375 0.56953125 0.028125 0.0125
1 0.621875 0.49765625 0.025 0.0171875
1 0.61875 0.5875 0.01875 0.0125
1 0.62109375 0.603125 0.0234375 0.0125
1 0.6265625 0.62109375 0.034375 0.0140625
1 0.61796875 0.68828125 0.0171875 0.0109375