1 0.05234375 0.6359375 0.0703125 0.0296875
1 0.09375 0.69609375 0.03125 0.0265625
1 0.1 0.61171875 0.01875 0.0265625
1 0.059375 0.50234375 0.0703125 0.028125
1 0.05234375 0.3875 0.0578125 0.025
1 0.09609375 0.30703125 0.0265625 0.0296875
1 0.07421875 0.1921875 0.0609375 0.0234375
1 0.0875 0.0703125 0.04375 0.025
1 0.79921875 0.32109375 0.096875 0.0328125
1 0.628125 0.45390625 0.0640625 0.025
1 0.60703125 0.49609375 0.0703125 0.0234375
1 0.56171875 0.33203125 0.0578125 0.025
1 0.4875 0.4015625 0.0640625 0.03125
1 0.47421875 0.42421875 0.0546875 0.0171875
1 0.40703125 0.48125 0.0390625 0.021875
1 0.39453125 0.46953125 0.0453125 0.0171875
1 0.359375 0.61953125 0.05 0.0234375
1 0.43046875 0.553125 0.0390625 0.015625
1 0.50625 0.575 0.0578125 0.0203125
1 0.5328125 0.58828125 0.0578125 0.0265625
1 0.41484375 0.6984375 0.0515625 0.021875
1 0.41875 0.27265625 0.0390625 0.015625
1 0.6015625 0.09296875 0.065625 0.028125
1 0.37265625 0.3828125 0.0375 0.0125
0 0.3890625 0.38984375 0.0109375 0.0078125
1 0.54453125 0.990625 0.0671875 0.01875
1 0.50546875 0.93984375 0.0609375 0.0203125
1 0.51328125 0.87578125 0.0671875 0.025
1 0.55546875 0.84140625 0.0609375 0.028125
1 0.46875 0.90703125 0.0546875 0.0203125
1 0.471875 0.88984375 0.0578125 0.025
1 0.44765625 0.990625 0.0546875 0.01875