1 0.028125 0.23125 0.021875 0.0703125
1 0.00859375 0.08984375 0.0171875 0.0921875
1 0.059375 0.1578125 0.01875 0.071875
1 0.08359375 0.0859375 0.0359375 0.084375
1 0.16171875 0.23828125 0.0203125 0.0703125
1 0.275 0.25703125 0.01875 0.05625
1 0.340625 0.340625 0.015625 0.046875
1 0.36171875 0.19921875 0.021875 0.0703125
1 0.47109375 0.25546875 0.0171875 0.059375
1 0.5921875 0.2453125 0.015625 0.0625
1 0.44296875 0.1640625 0.028125 0.0734375
1 0.4640625 0.13125 0.0203125 0.084375
1 0.56796875 0.04609375 0.0265625 0.0921875
1 0.3828125 0.03359375 0.025 0.0671875
1 0.37265625 0.0296875 0.0234375 0.059375
1 0.91875 0.2703125 0.0171875 0.053125
1 0.778125 0.16640625 0.015625 0.0625
1 0.75859375 0.25859375 0.021875 0.0578125
1 0.77890625 0.29609375 0.0109375 0.04375
1 0.80703125 0.34765625 0.015625 0.059375
1 0.77109375 0.3640625 0.0109375 0.040625
1 0.72421875 0.38828125 0.0109375 0.0390625
1 0.690625 0.36171875 0.0109375 0.040625
1 0.6703125 0.37421875 0.0109375 0.040625
0 0.72578125 0.40859375 0.0109375 0.01875
1 0.309375 0.9203125 0.0296875 0.0953125
1 0.12265625 0.9546875 0.0296875 0.090625
1 0.696875 0.928125 0.025 0.075
1 0.9390625 0.5765625 0.0265625 0.0828125
1 0.95390625 0.60078125 0.01875 0.075
1 0.98828125 0.62578125 0.021875 0.08125
1 0.98515625 0.646875 0.0203125 0.0765625
1 0.9265625 0.7546875 0.0234375 0.0765625
1 0.9234375 0.69140625 0.0203125 0.0796875
1 0.97109375 0.6734375 0.0234375 0.06875
1 0.884375 0.709375 0.028125 0.0859375
1 0.88515625 0.64453125 0.0265625 0.0828125
1 0.89609375 0.6640625 0.0171875 0.078125
1 0.7578125 0.69921875 0.0296875 0.0953125
1 0.875 0.82890625 0.015625 0.0671875
1 0.8671875 0.82109375 0.0125 0.084375
0 0.671875 0.88984375 0.0109375 0.025