1 0.03203125 0.13984375 0.0640625 0.0296875
1 0.02734375 0.2734375 0.0546875 0.028125
1 0.0265625 0.3875 0.053125 0.025
1 0.5375 0.42890625 0.0625 0.0203125
1 0.59921875 0.3265625 0.0625 0.0296875
1 0.6546875 0.39921875 0.0546875 0.021875
1 0.6921875 0.4078125 0.0546875 0.021875
1 0.7953125 0.4203125 0.0421875 0.015625
1 0.85625 0.4078125 0.0484375 0.021875
1 0.82421875 0.3125 0.046875 0.01875
1 0.7625 0.26171875 0.0390625 0.01875
1 0.7765625 0.328125 0.0484375 0.0203125
1 0.68359375 0.25390625 0.0515625 0.0234375
1 0.70546875 0.34296875 0.05 0.0203125
1 0.65390625 0.1828125 0.0484375 0.0234375
1 0.54453125 0.01328125 0.0484375 0.0265625
1 0.76796875 0.04140625 0.0578125 0.021875
1 0.85703125 0.09765625 0.0390625 0.01875
1 0.96953125 0.1609375 0.0421875 0.01875
0 0.74140625 0.0625 0.021875 0.009375
1 0.8 0.146875 0.0546875 0.01875
1 0.79375 0.19921875 0.0453125 0.0234375
1 0.8765625 0.26328125 0.0546875 0.0203125
1 0.31015625 0.91171875 0.0640625 0.0234375
1 0.40390625 0.903125 0.059375 0.028125
1 0.4390625 0.928125 0.0453125 0.0171875
1 0.46171875 0.9609375 0.0140625 0.021875
1 0.43984375 0.5828125 0.0578125 0.025
1 0.35234375 0.54609375 0.0671875 0.0296875
1 0.43984375 0.47265625 0.0578125 0.0265625
1 0.36640625 0.6828125 0.059375 0.03125
1 0.684375 0.51328125 0.065625 0.0234375
1 0.59609375 0.60859375 0.059375 0.0203125
1 0.53359375 0.64921875 0.065625 0.028125
1 0.71015625 0.65 0.053125 0.0171875
1 0.7296875 0.690625 0.059375 0.0203125
1 0.86328125 0.62734375 0.0546875 0.01875
1 0.79453125 0.5625 0.0609375 0.021875
1 0.83359375 0.4609375 0.0640625 0.0265625
1 0.96953125 0.44296875 0.0515625 0.0078125
1 0.95859375 0.4640625 0.0546875 0.01875
1 0.88125 0.78984375 0.0546875 0.021875