1 0.31953125 0.2875 0.0546875 0.0234375
1 0.38203125 0.34921875 0.053125 0.0203125
1 0.61640625 0.4703125 0.0390625 0.0140625
1 0.490625 0.34609375 0.040625 0.0140625
1 0.50234375 0.284375 0.0421875 0.0140625
1 0.596875 0.290625 0.0375 0.009375
1 0.584375 0.20390625 0.0359375 0.0125
1 0.625 0.215625 0.028125 0.009375
1 0.6140625 0.19921875 0.040625 0.0140625
1 0.44140625 0.00234375 0.0484375 0.0046875
1 0.371875 0.00625 0.053125 0.0125
0 0.38203125 0.009375 0.0125 0.009375
1 0.784375 0.07421875 0.0671875 0.0234375
1 0.753125 0.18671875 0.0625 0.0203125
1 0.859375 0.153125 0.0484375 0.0203125
1 0.8453125 0.2265625 0.046875 0.015625
1 0.8453125 0.25078125 0.0515625 0.0140625
1 0.75625 0.3296875 0.0640625 0.0171875
1 0.7296875 0.4515625 0.0703125 0.0265625
1 0.825 0.4765625 0.05 0.00625
1 0.85 0.4203125 0.0453125 0.0171875
1 0.8421875 0.39140625 0.0328125 0.0140625
1 0.84140625 0.36328125 0.03125 0.0109375
1 0.8640625 0.3625 0.0328125 0.0171875
1 0.853125 0.34296875 0.034375 0.015625
1 0.86953125 0.3859375 0.0375 0.009375
0 0.84609375 0.3671875 0.0125 0.00625
1 0.625 0.940625 0.028125 0.01875
1 0.6203125 0.81171875 0.0375 0.0203125
1 0.571875 0.81328125 0.0546875 0.028125
1 0.51953125 0.7734375 0.0546875 0.01875
1 0.4359375 0.6546875 0.0703125 0.0234375
1 0.42890625 0.7921875 0.0671875 0.0203125
1 0.40234375 0.84453125 0.06875 0.028125
1 0.46015625 0.928125 0.0671875 0.025
1 0.4796875 0.94609375 0.0609375 0.021875
1 0.56484375 0.946875 0.0640625 0.01875
1 0.1421875 0.66953125 0.0828125 0.0296875
0 0.62578125 0.60703125 0.0203125 0.0125
1 0.84296875 0.715625 0.1140625 0.0421875