1 0.26484375 0.428125 0.0421875 0.0171875
1 0.27109375 0.365625 0.04375 0.0171875
1 0.1796875 0.34375 0.0375 0.0140625
1 0.21640625 0.26484375 0.0359375 0.015625
1 0.17109375 0.2640625 0.034375 0.0125
1 0.1890625 0.2515625 0.0421875 0.0171875
0 0.68359375 0.13984375 0.0234375 0.0140625
1 0.64296875 0.13984375 0.096875 0.0421875
1 0.5203125 0.13984375 0.0734375 0.03125
1 0.4328125 0.065625 0.0734375 0.0265625
1 0.38515625 0.1203125 0.0578125 0.021875
1 0.3578125 0.12265625 0.05625 0.0203125
1 0.35 0.0765625 0.040625 0.021875
1 0.33515625 0.0671875 0.0109375 0.021875
1 0.3609375 0.0375 0.0625 0.0234375
1 0.37109375 0.3796875 0.0734375 0.0265625
0 0.13046875 0.64765625 0.0203125 0.0125
1 0.2 0.8109375 0.1109375 0.0359375
1 0.125 0.7140625 0.0859375 0.028125
1 0.24921875 0.56328125 0.090625 0.04375
1 0.16953125 0.50234375 0.0859375 0.0296875
1 0.13671875 0.5046875 0.0703125 0.0265625
1 0.1328125 0.5265625 0.0859375 0.028125
1 0.04609375 0.60546875 0.0734375 0.028125
1 0.0578125 0.65703125 0.0796875 0.0296875
1 0.76484375 0.97109375 0.034375 0.015625
1 0.75 0.95703125 0.05625 0.0203125
1 0.74453125 0.94921875 0.05625 0.021875
1 0.61015625 0.9265625 0.05 0.0171875
1 0.54921875 0.98359375 0.0390625 0.015625
1 0.640625 0.6546875 0.0453125 0.01875