1 0.42421875 0.3796875 0.0125 0.0359375
1 0.3859375 0.359375 0.0140625 0.0390625
1 0.4203125 0.3015625 0.0140625 0.0421875
1 0.44921875 0.2015625 0.015625 0.0484375
1 0.4375 0.18515625 0.0125 0.05
1 0.4171875 0.08125 0.015625 0.053125
1 0.10703125 0.0484375 0.025 0.0546875
1 0.15390625 0.1234375 0.021875 0.053125
1 0.25625 0.30859375 0.0140625 0.0421875
1 0.21875 0.378125 0.015625 0.0390625
1 0.1265625 0.228125 0.0140625 0.0421875
1 0.06328125 0.22578125 0.0140625 0.04375
1 0.0484375 0.31875 0.0109375 0.0375
1 0.871875 0.490625 0.021875 0.0375
1 0.01015625 0.55078125 0.015625 0.053125
1 0.1109375 0.53125 0.015625 0.04375
1 0.17578125 0.559375 0.015625 0.05
1 0.190625 0.61328125 0.015625 0.053125
1 0.5 0.5734375 0.01875 0.0578125
1 0.41015625 0.61875 0.015625 0.05
1 0.30234375 0.5796875 0.015625 0.05
1 0.346875 0.528125 0.0125 0.0375
1 0.34140625 0.53125 0.0140625 0.04375
1 0.2765625 0.51796875 0.01875 0.0171875
1 0.253125 0.5203125 0.01875 0.021875
0 0.7796875 0.89921875 0.0078125 0.015625
0 0.7375 0.8015625 0.00625 0.009375
0 0.6296875 0.6796875 0.0078125 0.009375
0 0.671875 0.559375 0.0078125 0.0140625
0 0.5875 0.825 0.00625 0.0125
1 0.6203125 0.87734375 0.0171875 0.065625
1 0.70859375 0.984375 0.0203125 0.03125
1 0.72890625 0.9328125 0.0203125 0.0703125
1 0.75703125 0.703125 0.025 0.0828125
1 0.7453125 0.6984375 0.025 0.0796875
1 0.73125 0.97265625 0.01875 0.0546875
1 0.5796875 0.95 0.0171875 0.065625
1 0.521875 0.97265625 0.00625 0.0546875
1 0.5875 0.54140625 0.03125 0.0640625
0 0.85859375 0.734375 0.00625 0.00625
1 0.8375 0.82890625 0.0234375 0.078125
1 0.8203125 0.8453125 0.021875 0.0734375
1 0.98984375 0.56796875 0.0203125 0.0921875