1 0.1078125 0.0046875 0.05 0.009375
1 0.13671875 0.06875 0.0484375 0.0140625
1 0.18984375 0.08515625 0.053125 0.0140625
1 0.1390625 0.39375 0.0578125 0.0171875
1 0.18671875 0.30546875 0.05 0.0140625
1 0.15234375 0.19609375 0.0484375 0.0140625
1 0.09140625 0.23828125 0.0515625 0.0109375
1 0.09765625 0.2328125 0.053125 0.0125
1 0.06484375 0.17578125 0.053125 0.0140625
1 0.07578125 0.16875 0.0484375 0.0171875
1 0.0796875 0.14453125 0.0515625 0.0171875
1 0.0265625 0.1265625 0.053125 0.015625
1 0.40859375 0.27890625 0.0578125 0.0234375
1 0.48359375 0.34375 0.0625 0.0171875
1 0.56171875 0.43671875 0.0625 0.01875
1 0.5890625 0.45234375 0.059375 0.01875
1 0.6578125 0.3921875 0.0546875 0.0203125
1 0.74140625 0.35859375 0.05 0.0203125
1 0.81328125 0.34453125 0.0484375 0.0171875
1 0.7484375 0.275 0.0453125 0.015625
1 0.659375 0.2046875 0.05 0.015625
1 0.64140625 0.25078125 0.0484375 0.0171875
1 0.63125 0.24453125 0.046875 0.0171875
1 0.6046875 0.24296875 0.046875 0.0171875
1 0.59140625 0.25 0.0578125 0.0171875
1 0.67890625 0.08828125 0.053125 0.0140625
1 0.76953125 0.0703125 0.0421875 0.0140625
1 0.64921875 0.00859375 0.04375 0.009375
1 0.47734375 0.02265625 0.0640625 0.0171875
1 0.61328125 0.0796875 0.0578125 0.0203125
0 0.6328125 0.0296875 0.0234375 0.0171875
1 0.0875 0.84765625 0.0609375 0.0203125
1 0.15859375 0.91953125 0.0515625 0.0171875
1 0.1875 0.9609375 0.0578125 0.0234375
1 0.36484375 0.996875 0.0296875 0.00625
1 0.3296875 0.7140625 0.0453125 0.015625
1 0.3125 0.67265625 0.05 0.0171875
1 0.0203125 0.6625 0.040625 0.01875
0 0.4984375 0.615625 0.0203125 0.0109375
1 0.525 0.58671875 0.0578125 0.0171875
1 0.62265625 0.675 0.065625 0.01875
1 0.58984375 0.78984375 0.0546875 0.0234375
1 0.58046875 0.80390625 0.0578125 0.0171875
1 0.50390625 0.8171875 0.0734375 0.021875
1 0.4171875 0.73828125 0.075 0.0234375
1 0.53984375 0.93125 0.0578125 0.0203125
1 0.64296875 0.91328125 0.0625 0.0140625
1 0.71171875 0.94296875 0.0578125 0.0234375
1 0.75078125 0.89765625 0.040625 0.015625
1 0.81171875 0.853125 0.0421875 0.015625