1 0.3046875 0.32109375 0.01875 0.0546875
1 0.2140625 0.2703125 0.0171875 0.0515625
1 0.14375 0.28046875 0.0171875 0.05
1 0.1140625 0.32734375 0.01875 0.0546875
1 0.01640625 0.2625 0.0171875 0.05
1 0.05859375 0.18359375 0.01875 0.0546875
1 0.06328125 0.196875 0.0203125 0.0484375
1 0.08515625 0.20625 0.0203125 0.0515625
1 0.11640625 0.15859375 0.0203125 0.05625
1 0.71484375 0.10625 0.025 0.0734375
1 0.6140625 0.13515625 0.0265625 0.0625
1 0.54765625 0.20546875 0.0203125 0.046875
1 0.521875 0.26796875 0.00625 0.0453125
1 0.61328125 0.246875 0.0171875 0.046875
1 0.653125 0.28671875 0.0171875 0.0453125
1 0.71640625 0.2671875 0.01875 0.0421875
1 0.74375 0.2984375 0.0171875 0.0453125
1 0.76328125 0.2671875 0.025 0.0484375
1 0.8234375 0.23203125 0.028125 0.05625
1 0.7125 0.2375 0.0203125 0.0359375
1 0.64609375 0.2265625 0.0171875 0.0453125
1 0.671875 0.2359375 0.015625 0.0421875
0 0.65625 0.2125 0.0078125 0.0140625
1 0.00234375 0.90625 0.0046875 0.0625
1 0.021875 0.85546875 0.01875 0.059375
1 0.190625 0.8921875 0.01875 0.0546875
1 0.16796875 0.90234375 0.021875 0.0578125
1 0.13828125 0.91875 0.015625 0.0390625
1 0.115625 0.95 0.0171875 0.0484375
1 0.13984375 0.9375 0.015625 0.0390625
1 0.15078125 0.92421875 0.025 0.0453125
1 0.1703125 0.9328125 0.0203125 0.0421875
1 0.184375 0.9359375 0.01875 0.0546875
1 0.1859375 0.92734375 0.021875 0.0453125
1 0.21796875 0.9015625 0.021875 0.0546875
1 0.22265625 0.9171875 0.0234375 0.0640625
1 0.2625 0.9109375 0.025 0.0578125
1 0.26015625 0.90703125 0.0296875 0.05
1 0.3671875 0.98046875 0.025 0.0390625
1 0.87734375 0.61328125 0.0265625 0.0796875
1 0.91640625 0.703125 0.0265625 0.0796875
1 0.890625 0.7328125 0.0265625 0.0671875
1 0.79296875 0.7828125 0.0234375 0.0484375
1 0.69921875 0.73828125 0.025 0.0578125
1 0.6734375 0.7 0.0234375 0.0609375
1 0.659375 0.75546875 0.0265625 0.0640625
1 0.66640625 0.8125 0.01875 0.0484375
1 0.58984375 0.8265625 0.021875 0.0546875
1 0.5734375 0.7921875 0.021875 0.0421875
1 0.5765625 0.7609375 0.025 0.0546875
1 0.61640625 0.5875 0.0328125 0.0828125
1 0.57421875 0.54296875 0.0328125 0.0484375