0 0.5546875 0.16171875 0.015625 0.034375
1 0.715625 0.2359375 0.03125 0.0734375
1 0.9890625 0.00859375 0.01875 0.0171875
1 0.76015625 0.07578125 0.0203125 0.05
1 0.6859375 0.03046875 0.034375 0.059375
1 0.63984375 0.02734375 0.0265625 0.0546875
1 0.40546875 0.575 0.021875 0.0671875
1 0.39765625 0.4328125 0.0203125 0.0546875
1 0.303125 0.41875 0.01875 0.0375
1 0.26484375 0.5328125 0.01875 0.0640625
1 0.18515625 0.63203125 0.0234375 0.059375
1 0.17265625 0.50078125 0.0234375 0.059375
1 0.01328125 0.6203125 0.0234375 0.0578125
1 0.02421875 0.8296875 0.0234375 0.0828125
1 0.3421875 0.78984375 0.0234375 0.0671875
1 0.33125 0.809375 0.025 0.0609375
0 0.31875 0.81953125 0.0109375 0.0234375
1 0.9046875 0.48515625 0.0171875 0.0578125
1 0.87890625 0.58984375 0.01875 0.0671875
1 0.81640625 0.41484375 0.0140625 0.0296875
1 0.77265625 0.4140625 0.0140625 0.028125
1 0.72734375 0.42421875 0.0140625 0.0453125
1 0.72265625 0.42890625 0.009375 0.0515625
1 0.6484375 0.409375 0.0125 0.01875
1 0.61015625 0.40625 0.0140625 0.0125
1 0.59375 0.4359375 0.0109375 0.046875
1 0.44140625 0.64765625 0.025 0.0828125