0 0.0265625 0.01875 0.0203125 0.0140625
1 0.01875 0.08984375 0.0375 0.0453125
1 0.0328125 0.30546875 0.065625 0.0515625
1 0.15859375 0.01796875 0.0828125 0.0359375
1 0.3296875 0.03828125 0.0515625 0.0234375
1 0.4125 0.02265625 0.0390625 0.01875
1 0.3453125 0.07578125 0.0484375 0.021875
1 0.36171875 0.14296875 0.0421875 0.0203125
1 0.284375 0.21484375 0.0515625 0.025
1 0.2484375 0.22890625 0.0625 0.03125
1 0.29765625 0.2890625 0.0484375 0.021875
1 0.253125 0.328125 0.0546875 0.0234375
1 0.23359375 0.325 0.0546875 0.025
1 0.20703125 0.35625 0.0640625 0.028125
1 0.20234375 0.25234375 0.0546875 0.0234375
1 0.18046875 0.1234375 0.0625 0.028125
1 0.90078125 0.44140625 0.0578125 0.0171875
1 0.03203125 0.69765625 0.0640625 0.0359375
1 0.16484375 0.48125 0.06875 0.034375
1 0.28671875 0.6 0.0734375 0.0328125
1 0.25546875 0.6359375 0.078125 0.0390625
1 0.3234375 0.63828125 0.065625 0.0328125
1 0.3390625 0.61953125 0.0734375 0.0296875
1 0.403125 0.6640625 0.0703125 0.0359375
1 0.2140625 0.83828125 0.0640625 0.025
1 0.140625 0.8015625 0.06875 0.0265625
1 0.07265625 0.9875 0.0703125 0.025
1 0.18515625 0.98125 0.046875 0.0234375
1 0.1734375 0.96796875 0.0609375 0.0296875
1 0.1921875 0.85390625 0.0734375 0.0296875
0 0.0421875 0.9703125 0.025 0.0171875
0 0.6234375 0.61640625 0.009375 0.0171875
1 0.6390625 0.9109375 0.040625 0.01875
1 0.68359375 0.64765625 0.0484375 0.021875
1 0.62890625 0.69453125 0.0203125 0.0203125
1 0.6265625 0.7328125 0.015625 0.025