1 0.4 0.05390625 0.0453125 0.0828125
1 0.47421875 0.096875 0.0375 0.075
1 0.58125 0.253125 0.028125 0.0625
1 0.37734375 0.225 0.0234375 0.0515625
1 0.3953125 0.3078125 0.0171875 0.0390625
1 0.34140625 0.24140625 0.021875 0.0484375
1 0.27421875 0.259375 0.0203125 0.0421875
1 0.20078125 0.1828125 0.025 0.0515625
1 0.1859375 0.14765625 0.0296875 0.0625
1 0.1265625 0.196875 0.021875 0.0484375
1 0.08671875 0.15390625 0.021875 0.0546875
1 0.08984375 0.134375 0.0234375 0.0546875
1 0.05859375 0.10859375 0.0265625 0.0640625
1 0.16171875 0.1015625 0.021875 0.0546875
1 0.28984375 0.078125 0.0265625 0.0625
1 0.996875 0.1265625 0.00625 0.065625
1 0.95703125 0.04296875 0.03125 0.06875
1 0.60078125 0.98828125 0.0234375 0.0234375
1 0.4015625 0.9109375 0.01875 0.053125
1 0.3984375 0.87421875 0.0125 0.0359375
1 0.48125 0.7453125 0.021875 0.0578125
1 0.25625 0.6515625 0.0265625 0.05
1 0.2703125 0.61328125 0.021875 0.0546875
1 0.3328125 0.94921875 0.015625 0.0390625
1 0.309375 0.99453125 0.021875 0.0109375
1 0.2921875 0.95703125 0.01875 0.0484375
1 0.22734375 0.946875 0.021875 0.0453125
1 0.19765625 0.91953125 0.0203125 0.0515625
1 0.13125 0.91796875 0.021875 0.053125
1 0.13125 0.971875 0.0234375 0.0421875
1 0.2359375 0.83046875 0.028125 0.05625
1 0.1578125 0.8296875 0.021875 0.0578125
1 0.15703125 0.80703125 0.0171875 0.040625
1 0.05390625 0.81875 0.021875 0.053125
1 0.084375 0.6609375 0.025 0.0546875
1 0.02734375 0.6203125 0.028125 0.0671875
0 0.184375 0.5796875 0.0109375 0.0140625
1 0.73671875 0.69765625 0.0171875 0.040625
1 0.74609375 0.64765625 0.0203125 0.05625
1 0.990625 0.68984375 0.01875 0.0515625
1 0.91171875 0.74375 0.0140625 0.04375
1 0.89765625 0.7546875 0.01875 0.0390625
1 0.884375 0.7421875 0.0140625 0.028125
1 0.86640625 0.73984375 0.0171875 0.0296875
1 0.83984375 0.74453125 0.0125 0.034375
1 0.83203125 0.746875 0.0140625 0.0375
1 0.82890625 0.7265625 0.0109375 0.028125
1 0.82265625 0.696875 0.0171875 0.0421875
1 0.88203125 0.74140625 0.0171875 0.040625