1 0.309375 0.42734375 0.0921875 0.0421875
1 0.27109375 0.2125 0.09375 0.0484375
1 0.3734375 0.1671875 0.0921875 0.03125
1 0.01796875 0.31796875 0.0359375 0.0234375
1 0.0453125 0.3015625 0.0609375 0.028125
1 0.00859375 0.24453125 0.0171875 0.0203125
1 0.0359375 0.203125 0.0546875 0.0203125
1 0.05546875 0.20546875 0.0546875 0.021875
1 0.08046875 0.17265625 0.0640625 0.025
1 0.090625 0.27578125 0.0546875 0.0203125
1 0.11875 0.40390625 0.0625 0.025
1 0.04453125 0.015625 0.0546875 0.0203125
1 0.584375 0.41015625 0.03125 0.0328125
1 0.5484375 0.52578125 0.0390625 0.01875
1 0.5375 0.5890625 0.0515625 0.0203125
1 0.503125 0.703125 0.0421875 0.015625
1 0.44140625 0.6234375 0.0484375 0.0171875
1 0.42421875 0.78515625 0.04375 0.0125
1 0.41484375 0.821875 0.0421875 0.01875
1 0.5421875 0.86328125 0.053125 0.0171875
1 0.39453125 0.9421875 0.0375 0.0125
1 0.93828125 0.93203125 0.075 0.0359375
1 0.79609375 0.8671875 0.0640625 0.025
1 0.68671875 0.915625 0.05 0.0234375
1 0.67421875 0.828125 0.0421875 0.01875
1 0.6390625 0.7625 0.0609375 0.025
1 0.65078125 0.55625 0.0484375 0.0203125
1 0.671875 0.53359375 0.0328125 0.028125
1 0.69453125 0.5171875 0.0484375 0.0171875
0 0.65078125 0.8828125 0.0234375 0.015625