1 0.10625 0.009375 0.08125 0.01875
0 0.22890625 0.253125 0.0203125 0.009375
0 0.10703125 0.04296875 0.0171875 0.009375
0 0.23671875 0.0015625 0.0203125 0.003125
0 0.9671875 0.11484375 0.0203125 0.009375
1 0.95546875 0.28359375 0.0546875 0.01875
1 0.9421875 0.13671875 0.0546875 0.01875
1 0.9515625 0.12109375 0.0421875 0.0203125
1 0.88046875 0.1578125 0.0609375 0.0265625
1 0.88125 0.121875 0.0578125 0.0234375
1 0.8125 0.125 0.0578125 0.0234375
1 0.865625 0.0171875 0.0609375 0.0234375
1 0.87109375 0.00234375 0.0578125 0.0046875
1 0.68515625 0.01328125 0.0671875 0.0265625
1 0.59609375 0.04453125 0.0703125 0.03125
1 0.675 0.11015625 0.06875 0.021875
1 0.0609375 0.584375 0.0578125 0.0234375
1 0.09453125 0.64140625 0.0546875 0.021875
1 0.04296875 0.7359375 0.0609375 0.0234375
1 0.09140625 0.69765625 0.0546875 0.021875
1 0.10078125 0.8734375 0.0515625 0.021875
1 0.73828125 0.35703125 0.0546875 0.0140625
1 0.66875 0.43359375 0.065625 0.028125
1 0.46796875 0.46875 0.05 0.025
1 0.69140625 0.51640625 0.0671875 0.025
1 0.90859375 0.5328125 0.0546875 0.0265625
1 0.86796875 0.6390625 0.0515625 0.021875
1 0.753125 0.7078125 0.0515625 0.0265625
1 0.6390625 0.77734375 0.0578125 0.0265625
1 0.66015625 0.8984375 0.0609375 0.0234375
1 0.82734375 0.91171875 0.05625 0.0203125
1 0.84140625 0.81640625 0.0515625 0.021875
1 0.82734375 0.7703125 0.0578125 0.0265625
1 0.9625 0.7359375 0.046875 0.0234375
1 0.95546875 0.76640625 0.0421875 0.0203125
1 0.93984375 0.90703125 0.0390625 0.015625
1 0.9421875 0.94453125 0.0515625 0.025
0 0.94296875 0.7375 0.0234375 0.0109375