1 0.15234375 0.21640625 0.0171875 0.071875
1 0.2359375 0.125 0.015625 0.046875
1 0.36796875 0.2765625 0.015625 0.06875
1 0.3359375 0.40546875 0.01875 0.0671875
1 0.340625 0.2515625 0.0171875 0.0625
1 0.2046875 0.07109375 0.015625 0.0625
0 0.075 0.32265625 0.0078125 0.01875
0 0.1640625 0.12578125 0.009375 0.015625
0 0.29921875 0.41796875 0.0078125 0.015625
0 0.328125 0.28359375 0.009375 0.01875
0 0.37265625 0.2328125 0.0140625 0.0203125
0 0.8765625 0.01796875 0.0078125 0.0125
1 0.8921875 0.0140625 0.015625 0.028125
1 0.47109375 0.01171875 0.0171875 0.0234375
1 0.49453125 0.01484375 0.0171875 0.0296875
1 0.63984375 0.0828125 0.01875 0.0640625
1 0.653125 0.2140625 0.025 0.0859375
1 0.0046875 0.71171875 0.009375 0.0359375
1 0.040625 0.76640625 0.0125 0.0375
1 0.05546875 0.77734375 0.0140625 0.05625
1 0.13046875 0.9359375 0.015625 0.05625
1 0.24296875 0.95234375 0.0203125 0.0640625
1 0.228125 0.88828125 0.021875 0.0640625
1 0.1953125 0.86796875 0.0203125 0.0703125
1 0.13671875 0.85703125 0.0125 0.046875
1 0.134375 0.81015625 0.0140625 0.053125
1 0.11640625 0.75 0.01875 0.0453125
1 0.0953125 0.82109375 0.0171875 0.0546875
1 0.57578125 0.965625 0.0203125 0.06875
1 0.65234375 0.915625 0.028125 0.0859375
1 0.57578125 0.81640625 0.0265625 0.078125
1 0.47890625 0.853125 0.0234375 0.0765625
1 0.5984375 0.74140625 0.0265625 0.0734375
1 0.63125 0.7234375 0.0265625 0.0546875
1 0.65 0.63046875 0.0171875 0.0609375
1 0.7 0.54140625 0.015625 0.053125
1 0.71953125 0.525 0.021875 0.0546875
1 0.5125 0.49765625 0.0171875 0.0546875
1 0.85625 0.78828125 0.025 0.0703125
1 0.9375 0.69921875 0.0234375 0.0671875
1 0.90390625 0.65 0.0171875 0.059375
1 0.99375 0.546875 0.0125 0.05625
1 0.41875 0.73671875 0.0203125 0.078125
0 0.42578125 0.88828125 0.0140625 0.01875