1 0.246875 0.06953125 0.0734375 0.021875
1 0.35234375 0.134375 0.0484375 0.01875
1 0.51640625 0.16015625 0.059375 0.0171875
1 0.2296875 0.2921875 0.0703125 0.01875
1 0.08984375 0.28671875 0.08125 0.021875
1 0.2484375 0.2609375 0.0640625 0.0203125
1 0.39921875 0.09296875 0.0640625 0.01875
0 0.54375 0.29921875 0.0125 0.0109375
0 0.37109375 0.31640625 0.0140625 0.009375
0 0.465625 0.29921875 0.0203125 0.0109375
0 0.128125 0.0140625 0.01875 0.0078125
0 0.33828125 0.06328125 0.0171875 0.009375
0 0.07734375 0.2515625 0.015625 0.0078125
0 0.21484375 0.25390625 0.0203125 0.009375
0 0.2734375 0.2890625 0.0203125 0.0140625
1 0.94375 0.16328125 0.0578125 0.01875
0 0.1421875 0.76953125 0.0203125 0.0109375
1 0.24140625 0.51484375 0.0859375 0.028125
1 0.09453125 0.68046875 0.0890625 0.028125
1 0.17578125 0.68671875 0.0671875 0.0390625
1 0.16953125 0.753125 0.0796875 0.03125
1 0.20625 0.82109375 0.084375 0.0375
1 0.21640625 0.8796875 0.0875 0.0375
1 0.19140625 0.921875 0.0703125 0.0265625
1 0.33046875 0.99453125 0.0828125 0.0109375
1 0.3421875 0.790625 0.0796875 0.028125
1 0.284375 0.8453125 0.0734375 0.025
1 0.26328125 0.83828125 0.078125 0.025
1 0.30625 0.728125 0.0796875 0.03125
1 0.353125 0.709375 0.0796875 0.025
1 0.35703125 0.734375 0.0734375 0.0265625
1 0.35 0.76328125 0.08125 0.03125
1 0.38984375 0.74140625 0.0578125 0.021875
1 0.41015625 0.73046875 0.0828125 0.025
1 0.37890625 0.62109375 0.078125 0.01875
1 0.45625 0.54296875 0.0703125 0.0234375
1 0.590625 0.35078125 0.08125 0.0234375
1 0.74453125 0.5984375 0.0890625 0.03125
1 0.96171875 0.5640625 0.0765625 0.028125
1 0.940625 0.4390625 0.08125 0.03125
1 0.83125 0.79140625 0.0734375 0.0296875
1 0.84453125 0.8265625 0.0734375 0.025
1 0.834375 0.80703125 0.0484375 0.028125
1 0.91796875 0.746875 0.0640625 0.0234375
1 0.971875 0.60859375 0.05625 0.0265625
1 0.99296875 0.740625 0.0140625 0.021875
1 0.97109375 0.79921875 0.0578125 0.0234375
0 0.82421875 0.80703125 0.015625 0.0078125