1 0.04609375 0.49609375 0.0125 0.040625
1 0.03125 0.4625 0.015625 0.0453125
1 0.05 0.41484375 0.015625 0.0546875
1 0.0984375 0.46484375 0.0140625 0.04375
1 0.11171875 0.50703125 0.015625 0.0390625
1 0.10625 0.484375 0.0140625 0.046875
1 0.1546875 0.44765625 0.01875 0.046875
1 0.18125 0.4890625 0.0125 0.0375
1 0.23046875 0.48359375 0.0203125 0.0421875
1 0.25 0.459375 0.0125 0.0421875
1 0.27890625 0.475 0.015625 0.0390625
1 0.284375 0.46171875 0.015625 0.0453125
1 0.30703125 0.465625 0.0140625 0.04375
1 0.33125 0.4921875 0.0140625 0.0328125
1 0.33984375 0.465625 0.0140625 0.040625
1 0.35859375 0.47578125 0.015625 0.0421875
1 0.40859375 0.4328125 0.01875 0.0484375
1 0.4 0.3671875 0.0171875 0.0546875
1 0.36484375 0.30546875 0.021875 0.0640625
1 0.59375 0.41484375 0.0125 0.0484375
0 0.721875 0.36484375 0.0109375 0.0203125
1 0.9453125 0.58046875 0.01875 0.05625
1 0.83203125 0.440625 0.028125 0.0796875
1 0.7265625 0.40703125 0.0421875 0.090625
1 0.81640625 0.62578125 0.0234375 0.0484375
1 0.60546875 0.62421875 0.0109375 0.0515625
1 0.1234375 0.6578125 0.025 0.015625
1 0.11640625 0.66640625 0.0171875 0.0328125
1 0.06015625 0.68125 0.0234375 0.0484375
1 0.01171875 0.77265625 0.021875 0.0578125
1 0.215625 0.75 0.021875 0.0453125
1 0.18828125 0.71796875 0.021875 0.046875
1 0.15078125 0.690625 0.0203125 0.0421875
1 0.1921875 0.6703125 0.021875 0.040625
1 0.221875 0.71171875 0.0265625 0.0578125
1 0.328125 0.78046875 0.01875 0.046875
1 0.38671875 0.7125 0.021875 0.046875
1 0.3578125 0.66796875 0.025 0.0359375
1 0.44765625 0.65625 0.0203125 0.0125
0 0.721875 0.8078125 0.0078125 0.015625
1 0.784375 0.92265625 0.015625 0.0453125
1 0.73125 0.83046875 0.0234375 0.0484375
1 0.67421875 0.878125 0.021875 0.0609375
1 0.64921875 0.76796875 0.0234375 0.0546875