1 0.2421875 0.20859375 0.009375 0.040625
1 0.23046875 0.24375 0.0125 0.04375
1 0.253125 0.2890625 0.0109375 0.0546875
1 0.296875 0.23515625 0.0109375 0.04375
1 0.30703125 0.1921875 0.0125 0.0375
1 0.303125 0.21484375 0.009375 0.046875
1 0.3546875 0.24765625 0.015625 0.0453125
1 0.37734375 0.203125 0.009375 0.0375
1 0.4265625 0.20546875 0.0171875 0.0421875
1 0.4484375 0.22734375 0.009375 0.0421875
1 0.56875 0.35078125 0.0140625 0.053125
1 0.6 0.36640625 0.0140625 0.06875
1 0.63203125 0.31875 0.0125 0.046875
1 0.64296875 0.2640625 0.0125 0.040625
1 0.69296875 0.334375 0.0125 0.05
1 0.7203125 0.30078125 0.0125 0.053125
1 0.75078125 0.2421875 0.0140625 0.040625
1 0.86796875 0.30390625 0.015625 0.05
1 0.9515625 0.28203125 0.0125 0.046875
1 0.85546875 0.34765625 0.0171875 0.0578125
1 0.74375 0.3984375 0.01875 0.021875
1 0.45546875 0.76015625 0.0078125 0.0703125
1 0.45234375 0.82421875 0.0140625 0.0640625
1 0.35 0.6453125 0.01875 0.0421875
1 0.29453125 0.6703125 0.015625 0.0375
1 0.28671875 0.715625 0.01875 0.0609375
1 0.17578125 0.72421875 0.0140625 0.053125
1 0.175 0.7671875 0.01875 0.059375
1 0.1796875 0.81328125 0.0171875 0.0609375
1 0.15703125 0.8171875 0.0203125 0.06875
1 0.15 0.77734375 0.015625 0.05
1 0.15703125 0.76640625 0.015625 0.05
1 0.15 0.74375 0.015625 0.05625
1 0.16171875 0.7203125 0.015625 0.0578125
1 0.1453125 0.70625 0.0171875 0.059375
1 0.11796875 0.78046875 0.021875 0.0609375
1 0.04921875 0.81015625 0.025 0.08125
1 0.03671875 0.80625 0.0234375 0.0765625
1 0.509375 0.7671875 0.0078125 0.028125
1 0.51796875 0.8 0.0109375 0.0296875
1 0.50625 0.865625 0.0109375 0.0390625
1 0.52890625 0.859375 0.009375 0.034375
1 0.690625 0.890625 0.009375 0.034375
1 0.7875 0.83828125 0.0078125 0.0328125
1 0.7765625 0.8140625 0.0140625 0.0203125
1 0.80390625 0.74140625 0.0078125 0.025
0 0.8171875 0.75625 0.00625 0.009375
1 0.8609375 0.7796875 0.00625 0.028125
1 0.978125 0.81484375 0.0078125 0.0265625
1 0.98984375 0.953125 0.0140625 0.040625
0 0.82890625 0.8984375 0.0078125 0.0125
1 0.55234375 0.86640625 0.0046875 0.0328125