1 0.1484375 0.01015625 0.040625 0.0078125
1 0.1828125 0.00390625 0.04375 0.0078125
1 0.22578125 0.03125 0.0546875 0.0109375
1 0.16796875 0.06796875 0.04375 0.009375
1 0.1234375 0.07265625 0.0375 0.0109375
1 0.14609375 0.07109375 0.046875 0.009375
1 0.17265625 0.1265625 0.0453125 0.015625
1 0.1265625 0.14375 0.0375 0.0078125
1 0.121875 0.19296875 0.040625 0.015625
1 0.14140625 0.2171875 0.0421875 0.0078125
1 0.1203125 0.2421875 0.0375 0.0109375
1 0.13125 0.25078125 0.04375 0.0109375
1 0.1234375 0.271875 0.04375 0.009375
1 0.0921875 0.28984375 0.03125 0.0109375
1 0.11640625 0.30390625 0.040625 0.009375
1 0.103125 0.3203125 0.040625 0.0109375
1 0.134375 0.378125 0.046875 0.0140625
1 0.20078125 0.3828125 0.053125 0.0125
1 0.26796875 0.36171875 0.0625 0.015625
1 0.11171875 0.56640625 0.046875 0.015625
1 0.93046875 0.00625 0.0609375 0.0125
1 0.9921875 0.1 0.015625 0.025
1 0.76328125 0.10234375 0.059375 0.01875
1 0.721875 0.14453125 0.053125 0.0171875
1 0.83515625 0.2515625 0.0640625 0.021875
1 0.69765625 0.234375 0.053125 0.0171875
1 0.68046875 0.2171875 0.040625 0.0171875
1 0.63359375 0.228125 0.0453125 0.015625
1 0.6453125 0.10078125 0.04375 0.0171875
1 0.68203125 0.053125 0.0515625 0.021875
1 0.68828125 0.02890625 0.0453125 0.015625
1 0.6765625 0.0125 0.040625 0.0125
1 0.70625 0.00625 0.046875 0.0125
1 0.71875 0.00546875 0.046875 0.0109375
1 0.6890625 0.56015625 0.0609375 0.01875
1 0.7703125 0.70390625 0.06875 0.015625
1 0.73203125 0.7515625 0.0828125 0.021875
1 0.66953125 0.80859375 0.053125 0.01875
1 0.64296875 0.83515625 0.0546875 0.021875
1 0.57265625 0.8234375 0.05625 0.015625
1 0.56953125 0.71171875 0.0453125 0.015625
0 0.7296875 0.70078125 0.021875 0.0140625
1 0.4796875 0.83359375 0.040625 0.0140625
1 0.55 0.91640625 0.05625 0.0171875
1 0.53203125 0.92734375 0.05625 0.015625
1 0.57265625 0.98203125 0.05625 0.0171875
1 0.6515625 0.99453125 0.06875 0.0109375