1 0.028125 0.15625 0.021875 0.0578125
1 0.021875 0.2640625 0.025 0.0671875
1 0.134375 0.1078125 0.0171875 0.0453125
1 0.1765625 0.11875 0.0171875 0.0453125
1 0.215625 0.15 0.0171875 0.046875
1 0.21875 0.15625 0.0140625 0.0515625
1 0.2984375 0.14765625 0.015625 0.04375
1 0.29375 0.12578125 0.0171875 0.0296875
1 0.3359375 0.153125 0.0171875 0.04375
1 0.33984375 0.2 0.015625 0.046875
1 0.49140625 0.2984375 0.0265625 0.0609375
1 0.5421875 0.26875 0.0234375 0.0546875
1 0.63515625 0.26640625 0.0234375 0.0546875
1 0.62265625 0.24609375 0.0234375 0.0421875
1 0.64453125 0.20234375 0.0203125 0.046875
1 0.51875 0.18359375 0.0234375 0.0453125
1 0.46328125 0.2078125 0.028125 0.053125
1 0.43828125 0.2078125 0.0203125 0.046875
1 0.42578125 0.1921875 0.01875 0.0421875
1 0.41171875 0.2203125 0.021875 0.0484375
1 0.40859375 0.23046875 0.0171875 0.0484375
1 0.40234375 0.228125 0.0046875 0.046875
1 0.95390625 0.3328125 0.0265625 0.053125
0 0.09609375 0.565625 0.009375 0.0234375
1 0.0578125 0.45078125 0.0140625 0.0453125
1 0.21484375 0.484375 0.0140625 0.040625
1 0.26953125 0.56171875 0.0140625 0.04375
1 0.27421875 0.5546875 0.0140625 0.04375
1 0.2515625 0.54765625 0.015625 0.0390625
1 0.25703125 0.5421875 0.015625 0.053125
1 0.2515625 0.53671875 0.0140625 0.04375
1 0.2171875 0.5421875 0.0171875 0.0453125
1 0.21171875 0.5515625 0.015625 0.046875
1 0.25078125 0.72109375 0.0296875 0.0734375
1 0.94609375 0.646875 0.021875 0.0578125
1 0.9328125 0.7265625 0.0328125 0.0734375
1 0.91171875 0.69609375 0.025 0.0546875
1 0.871875 0.821875 0.0421875 0.096875
1 0.8109375 0.83984375 0.0390625 0.08125
1 0.4375 0.74921875 0.0359375 0.08125
1 0.41171875 0.72578125 0.0234375 0.0828125
1 0.4421875 0.6453125 0.0265625 0.0796875
1 0.52109375 0.56015625 0.025 0.0703125
1 0.54765625 0.56015625 0.0234375 0.075
1 0.603125 0.521875 0.021875 0.0546875
1 0.62109375 0.634375 0.025 0.0609375
1 0.70234375 0.56875 0.03125 0.059375
1 0.74765625 0.48359375 0.0171875 0.0421875
1 0.7640625 0.5421875 0.01875 0.0484375
1 0.75703125 0.61015625 0.028125 0.05625
1 0.68359375 0.671875 0.028125 0.0703125