1 0.0171875 0.39296875 0.0203125 0.046875
1 0.02265625 0.3890625 0.0171875 0.0515625
1 0.090625 0.43046875 0.01875 0.04375
1 0.078125 0.44765625 0.01875 0.0296875
1 0.128125 0.440625 0.01875 0.04375
1 0.15078125 0.4 0.0171875 0.046875
1 0.23359375 0.47578125 0.01875 0.04375
1 0.328125 0.45 0.025 0.0546875
1 0.3265625 0.4625 0.0234375 0.0484375
1 0.36484375 0.49765625 0.0203125 0.0453125
1 0.378125 0.50703125 0.015625 0.040625
1 0.38203125 0.50390625 0.0171875 0.046875
1 0.42109375 0.5 0.021875 0.053125
1 0.33125 0.21171875 0.0359375 0.0828125
1 0.6515625 0.3375 0.0265625 0.0640625
1 0.72578125 0.34296875 0.0296875 0.0671875
1 0.7125 0.2359375 0.0375 0.075
1 0.9203125 0.25546875 0.0328125 0.071875
1 0.93984375 0.33046875 0.0296875 0.0640625
1 0.9671875 0.53671875 0.025 0.0453125
1 0.9140625 0.39140625 0.025 0.0578125
1 0.90703125 0.453125 0.0234375 0.0484375
1 0.82421875 0.41484375 0.03125 0.0578125
1 0.775 0.41640625 0.0265625 0.046875
0 0.78515625 0.40234375 0.0078125 0.0109375
1 0.28046875 0.68828125 0.01875 0.0390625
1 0.27265625 0.61015625 0.021875 0.0421875
1 0.27890625 0.58984375 0.021875 0.046875
1 0.334375 0.58203125 0.021875 0.0453125
1 0.36640625 0.575 0.0203125 0.03125
1 0.38515625 0.7015625 0.021875 0.046875
1 0.40625 0.69453125 0.0140625 0.0203125
1 0.465625 0.6796875 0.00625 0.040625
0 0.778125 0.73984375 0.0140625 0.0203125
1 0.98046875 0.9234375 0.0390625 0.0859375
1 0.87890625 0.7265625 0.0375 0.0890625
1 0.84375 0.8 0.0453125 0.0703125
1 0.784375 0.77109375 0.040625 0.08125
1 0.70703125 0.78046875 0.046875 0.0859375
1 0.6484375 0.76953125 0.0484375 0.0890625
1 0.61875 0.73125 0.034375 0.071875
1 0.4921875 0.83125 0.0390625 0.084375
1 0.68671875 0.91875 0.0375 0.0796875
1 0.65625 0.8453125 0.0328125 0.0734375
1 0.67109375 0.828125 0.034375 0.078125
1 0.7578125 0.9078125 0.040625 0.08125
1 0.759375 0.9578125 0.034375 0.0796875
1 0.734375 0.95234375 0.034375 0.0734375
1 0.709375 0.9359375 0.040625 0.0828125
1 0.715625 0.97578125 0.028125 0.0484375
1 0.71875 0.98046875 0.034375 0.0390625
1 0.83125 0.9875 0.028125 0.025