1 0.58125 0.29921875 0.021875 0.0203125
1 0.38984375 0.17734375 0.025 0.0828125
1 0.9203125 0.015625 0.015625 0.03125
1 0.92734375 0.09140625 0.0203125 0.0578125
1 0.7515625 0.04296875 0.01875 0.0484375
1 0.6890625 0.01640625 0.01875 0.0328125
0 0.02265625 0.6203125 0.0078125 0.0140625
0 0.15078125 0.33203125 0.0078125 0.0140625
0 0.20625 0.47578125 0.0078125 0.0125
0 0.29140625 0.31796875 0.009375 0.0125
0 0.37734375 0.47890625 0.0109375 0.0140625
0 0.4671875 0.35234375 0.009375 0.0125
0 0.56328125 0.45546875 0.0078125 0.009375
0 0.63515625 0.525 0.0078125 0.0125
0 0.40859375 0.61328125 0.0078125 0.015625
0 0.43359375 0.75625 0.0078125 0.009375
0 0.6296875 0.76171875 0.0078125 0.0125
1 0.1875 0.67109375 0.01875 0.0484375
1 0.184375 0.590625 0.0171875 0.06875
1 0.278125 0.68046875 0.0203125 0.0515625
1 0.31953125 0.71796875 0.0140625 0.04375
1 0.41015625 0.69140625 0.0171875 0.0515625
1 0.37734375 0.628125 0.01875 0.065625
1 0.490625 0.63828125 0.0234375 0.0546875
1 0.5109375 0.66171875 0.0203125 0.0546875
1 0.378125 0.7671875 0.0125 0.0375
1 0.4921875 0.73671875 0.0140625 0.046875
1 0.52734375 0.725 0.0171875 0.0421875
1 0.54375 0.71875 0.015625 0.05625
1 0.565625 0.69609375 0.0171875 0.0484375
1 0.58125 0.68203125 0.01875 0.0578125
1 0.596875 0.67421875 0.01875 0.059375
1 0.62421875 0.65703125 0.0171875 0.0609375
1 0.5625 0.6265625 0.0171875 0.0640625
1 0.53046875 0.62265625 0.0171875 0.065625
1 0.1015625 0.56328125 0.0203125 0.0734375
1 0.69453125 0.76328125 0.0203125 0.0546875
1 0.8078125 0.65546875 0.025 0.0640625
1 0.7828125 0.7921875 0.0203125 0.0546875
1 0.76484375 0.8078125 0.0203125 0.0421875
1 0.7734375 0.85625 0.0171875 0.046875