1 0.6125 0.171875 0.0421875 0.1078125
1 0.54609375 0.47578125 0.025 0.0703125
1 0.5328125 0.46015625 0.028125 0.078125
1 0.37421875 0.3375 0.034375 0.0890625
1 0.08046875 0.4078125 0.0328125 0.0734375
1 0.1921875 0.465625 0.028125 0.065625
1 0.12265625 0.4953125 0.028125 0.0671875
1 0.128125 0.54140625 0.021875 0.0171875
1 0.21015625 0.5328125 0.0234375 0.034375
1 0.24296875 0.5359375 0.0296875 0.028125
1 0.353125 0.52109375 0.028125 0.0578125
1 0.34453125 0.49375 0.025 0.065625
1 0.45 0.52734375 0.025 0.0453125
1 0.6859375 0.49453125 0.01875 0.0421875
1 0.7625 0.48984375 0.015625 0.0359375
1 0.72578125 0.44609375 0.025 0.0484375
1 0.790625 0.4234375 0.0234375 0.0453125
1 0.8328125 0.31796875 0.0265625 0.0578125
1 0.934375 0.35625 0.021875 0.0484375
1 0.94140625 0.43359375 0.0203125 0.0421875
1 0.92265625 0.5375 0.0171875 0.025
1 0.81484375 0.475 0.01875 0.0421875
1 0.81953125 0.534375 0.0171875 0.03125
0 0.15546875 0.76171875 0.009375 0.0171875
1 0.54375 0.61171875 0.0296875 0.0734375
1 0.5640625 0.62421875 0.0234375 0.0640625
1 0.403125 0.6484375 0.0171875 0.053125
1 0.3296875 0.57109375 0.025 0.0421875
1 0.17421875 0.615625 0.025 0.0609375
1 0.2109375 0.72421875 0.015625 0.03125
1 0.19296875 0.7125 0.015625 0.040625
1 0.1578125 0.71484375 0.0171875 0.0421875
1 0.15234375 0.66953125 0.021875 0.0484375
1 0.0734375 0.6578125 0.0203125 0.053125
1 0.115625 0.66875 0.015625 0.0359375
1 0.109375 0.6890625 0.0140625 0.0375
1 0.115625 0.69140625 0.0140625 0.040625
1 0.13203125 0.6765625 0.015625 0.0390625
1 0.1421875 0.67890625 0.015625 0.0390625
1 0.696875 0.81953125 0.01875 0.0515625
1 0.77890625 0.8875 0.025 0.0578125
1 0.8078125 0.834375 0.0234375 0.0578125
1 0.91875 0.8953125 0.025 0.0484375
1 0.953125 0.79375 0.0234375 0.0609375