1 0.0328125 0.23984375 0.034375 0.0890625
1 0.32734375 0.5609375 0.025 0.0609375
1 0.28203125 0.4109375 0.03125 0.0734375
1 0.15703125 0.42578125 0.0265625 0.065625
1 0.21171875 0.478125 0.0265625 0.0671875
1 0.1828125 0.5359375 0.021875 0.053125
1 0.1671875 0.5671875 0.021875 0.0421875
1 0.10859375 0.55078125 0.0265625 0.0515625
1 0.11015625 0.49609375 0.0234375 0.0640625
1 0.078125 0.490625 0.0296875 0.0640625
1 0.0078125 0.396875 0.015625 0.065625
0 0.1640625 0.55078125 0.00625 0.009375
1 0.446875 0.16171875 0.015625 0.05625
1 0.46328125 0.1578125 0.01875 0.053125
1 0.475 0.20234375 0.0203125 0.05
1 0.45625 0.26953125 0.021875 0.0546875
1 0.49921875 0.27890625 0.0203125 0.0453125
1 0.5234375 0.26328125 0.01875 0.0453125
1 0.51875 0.30234375 0.015625 0.0359375
1 0.51171875 0.3109375 0.0125 0.040625
1 0.4859375 0.35390625 0.0203125 0.0484375
1 0.5234375 0.403125 0.0203125 0.0515625
1 0.6015625 0.31953125 0.0203125 0.0484375
1 0.59765625 0.23515625 0.0203125 0.0515625
1 0.61640625 0.096875 0.0234375 0.0609375
1 0.52578125 0.1328125 0.0234375 0.0546875
1 0.7 0.115625 0.0265625 0.065625
1 0.8421875 0.2453125 0.025 0.0578125
1 0.82734375 0.375 0.0234375 0.0515625
1 0.746875 0.4390625 0.0171875 0.0453125
1 0.72109375 0.43203125 0.0171875 0.0421875
1 0.34609375 0.72421875 0.01875 0.05625
1 0.31171875 0.73671875 0.015625 0.0546875
1 0.30234375 0.73515625 0.015625 0.0515625
1 0.3 0.72734375 0.015625 0.053125
1 0.290625 0.72734375 0.015625 0.05
1 0.27421875 0.7265625 0.01875 0.05625
1 0.27421875 0.7265625 0.0140625 0.04375
1 0.24453125 0.7359375 0.0140625 0.05
1 0.24375 0.709375 0.015625 0.040625
1 0.23828125 0.71328125 0.0140625 0.0453125
1 0.20390625 0.7125 0.0171875 0.046875
1 0.19140625 0.709375 0.0171875 0.040625
1 0.175 0.70703125 0.01875 0.0359375
1 0.1625 0.7140625 0.0171875 0.05
1 0.1109375 0.70625 0.01875 0.034375
0 0.8796875 0.84140625 0.01875 0.034375
1 0.72421875 0.75625 0.0359375 0.075
1 0.4296875 0.7328125 0.021875 0.08125
1 0.42578125 0.9640625 0.0140625 0.071875
1 0.43359375 0.97734375 0.0234375 0.0453125
1 0.66875 0.91328125 0.0234375 0.05
1 0.73984375 0.9640625 0.0375 0.0609375
1 0.784375 0.9703125 0.03125 0.059375