1 0.43828125 0.371875 0.1078125 0.03125
1 0.12890625 0.3375 0.0703125 0.01875
1 0.14296875 0.32265625 0.078125 0.0203125
1 0.24921875 0.15234375 0.0890625 0.0265625
1 0.0265625 0.01171875 0.053125 0.0171875
1 0.025 0.04296875 0.05 0.0234375
1 0.015625 0.15078125 0.03125 0.0203125
1 0.06015625 0.15 0.065625 0.021875
1 0.08984375 0.1390625 0.065625 0.01875
1 0.05625 0.24921875 0.0671875 0.01875
1 0.015625 0.18828125 0.03125 0.0203125
0 0.63984375 0.2984375 0.009375 0.00625
0 0.696875 0.2765625 0.00625 0.0046875
0 0.81640625 0.24453125 0.0078125 0.003125
0 0.85625 0.21953125 0.00625 0.0046875
0 0.73203125 0.128125 0.009375 0.00625
0 0.675 0.13125 0.009375 0.0046875
0 0.64296875 0.1625 0.00625 0.003125
0 0.75546875 0.06953125 0.0046875 0.003125
0 0.80625 0.08359375 0.009375 0.0078125
0 0.82578125 0.05 0.0078125 0.0046875
1 0.73515625 0.015625 0.0484375 0.0171875
1 0.85625 0.1609375 0.0546875 0.0203125
1 0.8359375 0.2890625 0.0640625 0.0171875
1 0.771875 0.28984375 0.0546875 0.0203125
1 0.7609375 0.2421875 0.0578125 0.0171875
1 0.7046875 0.3109375 0.0453125 0.0140625
1 0.68515625 0.190625 0.0390625 0.015625
1 0.6796875 0.40234375 0.053125 0.0171875
1 0.76640625 0.4234375 0.0546875 0.0125
0 0.35703125 0.565625 0.01875 0.009375
1 0.38828125 0.65 0.078125 0.015625
1 0.3390625 0.55546875 0.0671875 0.021875
1 0.2859375 0.6671875 0.0578125 0.01875
1 0.22265625 0.6421875 0.0609375 0.0171875
1 0.23359375 0.75234375 0.0609375 0.0171875
1 0.2640625 0.76953125 0.0359375 0.0171875
1 0.17734375 0.746875 0.0421875 0.015625
1 0.2546875 0.85390625 0.053125 0.0140625
1 0.2671875 0.89140625 0.0734375 0.021875
1 0.21015625 0.90390625 0.0484375 0.0203125
1 0.16015625 0.92109375 0.053125 0.0140625
1 0.14921875 0.95078125 0.0421875 0.015625
1 0.20703125 0.9953125 0.0640625 0.009375
1 0.8703125 0.5015625 0.0734375 0.01875
1 0.875 0.5546875 0.0640625 0.0171875
1 0.83046875 0.5484375 0.05625 0.015625
1 0.7953125 0.57578125 0.059375 0.0203125
1 0.78984375 0.6 0.0484375 0.0171875
1 0.83984375 0.6984375 0.046875 0.015625
1 0.88359375 0.6953125 0.0578125 0.0171875
1 0.87265625 0.71796875 0.0578125 0.0203125
1 0.809375 0.725 0.0546875 0.0171875
1 0.80546875 0.74140625 0.0515625 0.021875
1 0.83515625 0.78359375 0.0578125 0.01875
1 0.8171875 0.828125 0.0546875 0.0171875
1 0.85703125 0.846875 0.059375 0.0203125
1 0.81328125 0.8703125 0.053125 0.0171875
1 0.76875 0.8921875 0.0421875 0.0171875
1 0.778125 0.89921875 0.0515625 0.01875
1 0.8015625 0.94140625 0.0515625 0.0203125
1 0.825 0.95078125 0.0578125 0.0203125
1 0.8890625 0.940625 0.0625 0.0296875
1 0.8140625 0.98203125 0.05 0.015625