1 0.28984375 0.1609375 0.065625 0.025
1 0.19921875 0.13671875 0.0640625 0.0234375
1 0.24765625 0.19375 0.0625 0.021875
1 0.2359375 0.2171875 0.0640625 0.0203125
1 0.2875 0.19453125 0.0703125 0.021875
1 0.4046875 0.30234375 0.078125 0.0328125
1 0.28125 0.29765625 0.0671875 0.021875
1 0.2 0.32734375 0.0640625 0.0203125
0 0.2296875 0.37421875 0.009375 0.0078125
1 0.20390625 0.37734375 0.0546875 0.0203125
1 0.2484375 0.36171875 0.0578125 0.0203125
1 0.225 0.38671875 0.05625 0.0234375
1 0.215625 0.44453125 0.0578125 0.01875
1 0.27421875 0.48359375 0.0640625 0.0265625
1 0.47890625 0.47734375 0.0875 0.0359375
1 0.3125 0.35625 0.075 0.0234375
1 0.3109375 0.39921875 0.0640625 0.025
1 0.31640625 0.425 0.071875 0.0296875
1 0.81953125 0.29609375 0.0546875 0.0265625
1 0.74453125 0.25 0.0515625 0.021875
1 0.18203125 0.9234375 0.0625 0.021875
1 0.08671875 0.98125 0.0484375 0.021875
1 0.0828125 0.90703125 0.046875 0.0171875
1 0.07734375 0.88359375 0.053125 0.0171875
1 0.14453125 0.7859375 0.0640625 0.01875
1 0.140625 0.6609375 0.0703125 0.028125
1 0.22421875 0.584375 0.0765625 0.0265625
1 0.09609375 0.5375 0.0625 0.0234375
1 0.0390625 0.634375 0.0421875 0.021875
1 0.03984375 0.65390625 0.05 0.0171875
1 0.03125 0.7203125 0.0453125 0.01875
1 0.04609375 0.746875 0.0328125 0.015625
1 0.05390625 0.7734375 0.0328125 0.0125
1 0.03125 0.7796875 0.0328125 0.01875
1 0.046875 0.79609375 0.034375 0.0171875
1 0.02109375 0.7578125 0.0375 0.0109375
0 0.04765625 0.77109375 0.0125 0.00625
0 0.99609375 0.52265625 0.0078125 0.0109375
0 0.95234375 0.61640625 0.01875 0.0109375
0 0.89921875 0.75078125 0.0140625 0.0078125
0 0.99140625 0.81875 0.0171875 0.009375
0 0.83359375 0.55859375 0.0109375 0.0078125
1 0.78515625 0.5109375 0.0359375 0.003125
1 0.828125 0.60859375 0.0484375 0.015625
1 0.85546875 0.58203125 0.0515625 0.015625
1 0.88671875 0.57578125 0.0484375 0.015625
1 0.9890625 0.8640625 0.021875 0.025
1 0.93203125 0.78828125 0.0546875 0.0203125
1 0.8703125 0.67890625 0.0421875 0.015625
1 0.9234375 0.6515625 0.0578125 0.021875
1 0.971875 0.6515625 0.0546875 0.0234375
1 0.93984375 0.68984375 0.0625 0.01875