1 0.134375 0.0875 0.0796875 0.034375
1 0.021875 0.08671875 0.04375 0.0234375
1 0.02109375 0.27421875 0.0421875 0.0296875
1 0.01328125 0.36640625 0.0265625 0.0265625
1 0.05078125 0.43984375 0.065625 0.03125
1 0.21484375 0.26015625 0.0875 0.0390625
1 0.04375 0.1453125 0.075 0.0265625
1 0.04453125 0.1875 0.0640625 0.028125
1 0.05078125 0.21328125 0.0734375 0.0328125
1 0.66875 0.059375 0.0671875 0.0296875
1 0.67734375 0.2828125 0.0640625 0.0265625
1 0.73515625 0.26015625 0.0671875 0.0265625
1 0.80234375 0.23671875 0.0796875 0.0265625
1 0.8015625 0.25234375 0.0859375 0.0265625
1 0.78046875 0.3 0.078125 0.040625
1 0.79765625 0.34140625 0.084375 0.0359375
1 0.74609375 0.334375 0.0796875 0.028125
1 0.721875 0.35234375 0.0796875 0.0328125
1 0.7 0.4453125 0.0640625 0.0265625
1 0.68203125 0.50390625 0.0625 0.01875
1 0.73671875 0.515625 0.0703125 0.025
1 0.78203125 0.59296875 0.0671875 0.0140625
1 0.840625 0.47109375 0.0828125 0.034375
1 0.7671875 0.4578125 0.0484375 0.0234375
1 0.75234375 0.4609375 0.059375 0.0328125
0 0.6609375 0.459375 0.0328125 0.0140625
1 0.3921875 0.70390625 0.065625 0.03125
1 0.415625 0.821875 0.0640625 0.0296875
1 0.23671875 0.72265625 0.0546875 0.021875
1 0.26015625 0.7703125 0.0578125 0.025
1 0.203125 0.82421875 0.0484375 0.015625
1 0.16484375 0.746875 0.046875 0.0203125
1 0.1765625 0.7546875 0.0421875 0.015625
1 0.28671875 0.9453125 0.0515625 0.0234375
1 0.31015625 0.9578125 0.0546875 0.021875
1 0.21953125 0.9703125 0.0515625 0.0171875
1 0.1609375 0.9640625 0.046875 0.01875
1 0.1171875 0.90390625 0.0390625 0.015625
1 0.52734375 0.953125 0.0578125 0.021875
1 0.57265625 0.896875 0.0578125 0.021875
1 0.6203125 0.7703125 0.0671875 0.021875
1 0.6453125 0.778125 0.0625 0.0234375
1 0.63984375 0.7921875 0.0609375 0.025
1 0.7515625 0.7890625 0.0765625 0.03125
1 0.765625 0.8671875 0.0734375 0.03125
1 0.65546875 0.71953125 0.0703125 0.025
1 0.7359375 0.70234375 0.0734375 0.025
1 0.6953125 0.67578125 0.0734375 0.025
1 0.6375 0.665625 0.0703125 0.025