1 0.31328125 0.69609375 0.0640625 0.0171875
1 0.4015625 0.72890625 0.0625 0.0171875
1 0.359375 0.66796875 0.0609375 0.015625
1 0.3734375 0.64609375 0.0625 0.0140625
1 0.31953125 0.6625 0.06875 0.015625
1 0.2140625 0.54375 0.0765625 0.025
1 0.33671875 0.5609375 0.065625 0.0140625
1 0.4203125 0.53984375 0.0625 0.0140625
0 0.39609375 0.490625 0.009375 0.00625
1 0.421875 0.48984375 0.053125 0.0140625
1 0.37578125 0.50078125 0.05625 0.0140625
1 0.4015625 0.478125 0.0546875 0.0171875
1 0.4171875 0.421875 0.05625 0.0125
1 0.36328125 0.3765625 0.0625 0.0203125
1 0.38828125 0.28671875 0.05625 0.01875
1 0.34609375 0.20703125 0.0625 0.021875
1 0.15859375 0.36171875 0.0859375 0.028125
1 0.31171875 0.49921875 0.0734375 0.0171875
1 0.3171875 0.45703125 0.0625 0.01875
1 0.31484375 0.43046875 0.0703125 0.0234375
1 0.61640625 0.496875 0.071875 0.0203125
1 0.6953125 0.74453125 0.059375 0.0109375
1 0.75078125 0.68515625 0.04375 0.0125
1 0.72890625 0.5609375 0.05 0.0140625
1 0.75625 0.56171875 0.053125 0.0140625
1 0.73203125 0.49921875 0.05 0.0140625
1 0.75390625 0.43046875 0.034375 0.0109375
1 0.7640625 0.4515625 0.0359375 0.0109375
1 0.76875 0.475 0.034375 0.009375
1 0.7390625 0.43671875 0.040625 0.0171875
1 0.7203125 0.3546875 0.0390625 0.0125
1 0.75 0.3734375 0.04375 0.009375
1 0.7671875 0.34375 0.0359375 0.0140625
1 0.7703125 0.29375 0.04375 0.0140625
1 0.76796875 0.2796875 0.040625 0.0140625
1 0.75 0.25625 0.04375 0.0140625
1 0.75234375 0.2421875 0.053125 0.015625
1 0.7296875 0.221875 0.04375 0.0140625
1 0.6765625 0.16328125 0.05625 0.0203125
1 0.59140625 0.1140625 0.06875 0.01875
0 0.790625 0.47421875 0.0140625 0.0109375
1 0.7 0.02109375 0.05625 0.015625
1 0.303125 0.8609375 0.0578125 0.015625
1 0.3640625 0.97109375 0.0484375 0.0125
1 0.38359375 0.95703125 0.05 0.0140625
1 0.40234375 0.97265625 0.04375 0.0140625
1 0.44765625 0.9984375 0.0453125 0.003125
1 0.96640625 0.853125 0.0671875 0.01875
1 0.88125 0.8859375 0.0875 0.0265625
1 0.9734375 0.996875 0.053125 0.00625