0 0.10625 0.03359375 0.009375 0.0046875
1 0.08828125 0.02421875 0.0453125 0.0203125
1 0.14609375 0.04921875 0.0515625 0.021875
1 0.0203125 0.12109375 0.0390625 0.01875
1 0.39609375 0.16953125 0.0453125 0.0265625
1 0.23828125 0.24609375 0.0515625 0.0078125
1 0.05 0.2390625 0.046875 0.0203125
1 0.49453125 0.08671875 0.03125 0.0140625
1 0.49921875 0.0703125 0.0328125 0.015625
1 0.5234375 0.05078125 0.025 0.0125
1 0.521875 0.03671875 0.03125 0.0140625
1 0.534375 0.00234375 0.028125 0.0046875
1 0.4078125 0.70859375 0.021875 0.0296875
1 0.4 0.61796875 0.0375 0.0296875
1 0.39921875 0.5703125 0.0390625 0.028125
1 0.37578125 0.5828125 0.0484375 0.0203125
1 0.36796875 0.56953125 0.0453125 0.0203125
1 0.34921875 0.5515625 0.0484375 0.0234375
1 0.3515625 0.5765625 0.04375 0.0171875
1 0.35234375 0.58984375 0.0421875 0.01875
1 0.35078125 0.59296875 0.0453125 0.021875
1 0.34453125 0.6109375 0.0421875 0.01875
1 0.33671875 0.628125 0.0265625 0.0296875
1 0.3265625 0.63984375 0.04375 0.025
1 0.2953125 0.6515625 0.0421875 0.01875
1 0.2890625 0.69453125 0.0453125 0.0234375
1 0.2625 0.71953125 0.040625 0.015625
1 0.32734375 0.7359375 0.0484375 0.0234375
1 0.31953125 0.76953125 0.0453125 0.0203125
1 0.28515625 0.81875 0.0421875 0.01875
0 0.30078125 0.7234375 0.0171875 0.0125
1 0.26328125 0.9140625 0.053125 0.0265625
1 0.6734375 0.78203125 0.0578125 0.025
1 0.878125 0.803125 0.06875 0.0375
1 0.88046875 0.76640625 0.0734375 0.040625
1 0.98203125 0.534375 0.0359375 0.034375
1 0.87890625 0.4203125 0.053125 0.021875
1 0.684375 0.36875 0.0546875 0.028125
1 0.709375 0.39453125 0.05 0.021875
1 0.746875 0.38984375 0.05625 0.021875
1 0.82890625 0.33828125 0.0609375 0.0296875
1 0.87578125 0.396875 0.0578125 0.028125
1 0.94140625 0.33515625 0.0625 0.0296875
1 0.98203125 0.29375 0.0359375 0.028125
1 0.7234375 0.6140625 0.0640625 0.0265625
1 0.6984375 0.47109375 0.0515625 0.025
1 0.6671875 0.4484375 0.0484375 0.0234375