1 0.5671875 0.4 0.025 0.015625
1 0.45859375 0.42421875 0.0484375 0.0109375
1 0.45 0.40625 0.0484375 0.0171875
1 0.46171875 0.35703125 0.0484375 0.015625
1 0.45625 0.2953125 0.0453125 0.015625
1 0.5203125 0.25078125 0.0421875 0.015625
1 0.54609375 0.22578125 0.04375 0.015625
1 0.434375 0.1359375 0.0453125 0.01875
1 0.28828125 0.3171875 0.0578125 0.01875
1 0.25 0.2375 0.0484375 0.0203125
1 0.26953125 0.22890625 0.0515625 0.01875
1 0.29296875 0.18046875 0.0515625 0.01875
1 0.31640625 0.15234375 0.05 0.0171875
1 0.32734375 0.1359375 0.059375 0.0203125
1 0.7578125 0.20546875 0.0421875 0.0203125
1 0.83984375 0.15390625 0.03125 0.0109375
1 0.83046875 0.2234375 0.034375 0.0109375
1 0.8984375 0.24765625 0.025 0.009375
1 0.89140625 0.34453125 0.0328125 0.0109375
1 0.81328125 0.371875 0.0359375 0.0140625
1 0.94765625 0.2765625 0.025 0.009375
1 0.92890625 0.2703125 0.028125 0.0125
1 0.996875 0.259375 0.00625 0.0125
1 0.98125 0.30703125 0.0234375 0.0109375
1 0.97890625 0.35703125 0.025 0.009375
1 0.96328125 0.1125 0.021875 0.009375
1 0.96953125 0.028125 0.01875 0.009375
0 0.86875 0.1359375 0.0171875 0.0109375
0 0.8921875 0.2546875 0.0078125 0.0078125
0 0.92890625 0.27578125 0.0125 0.0078125
1 0.01875 0.43984375 0.0375 0.0203125
1 0.18125 0.734375 0.0453125 0.0171875
1 0.26875 0.95234375 0.046875 0.0140625
1 0.35859375 0.94375 0.0328125 0.0125
1 0.32421875 0.85703125 0.028125 0.0109375
1 0.29765625 0.8453125 0.0390625 0.0140625
1 0.2796875 0.79765625 0.0421875 0.015625
1 0.27890625 0.63828125 0.0359375 0.0171875
1 0.30859375 0.578125 0.028125 0.009375
1 0.2390625 0.57734375 0.0390625 0.0171875
1 0.1984375 0.55625 0.0453125 0.0203125
1 0.20234375 0.44765625 0.0484375 0.015625
1 0.15390625 0.44609375 0.0578125 0.0203125
1 0.1796875 0.434375 0.05625 0.009375
1 0.25078125 0.43515625 0.0484375 0.0109375
1 0.28828125 0.45 0.034375 0.0125
1 0.91484375 0.9890625 0.0578125 0.01875
1 0.89140625 0.91796875 0.0578125 0.0203125
1 0.85859375 0.7703125 0.034375 0.0140625
1 0.875 0.75703125 0.0546875 0.0171875
1 0.8796875 0.74921875 0.05625 0.01875
1 0.9921875 0.896875 0.015625 0.015625
1 0.984375 0.8484375 0.03125 0.015625
1 0.98671875 0.8359375 0.0265625 0.01875
1 0.98828125 0.46015625 0.0234375 0.0171875