1 0.30078125 0.04296875 0.059375 0.0171875
1 0.153125 0.15390625 0.05 0.015625
1 0.01328125 0.2796875 0.0265625 0.0125
1 0.015625 0.30234375 0.03125 0.0140625
1 0.0046875 0.3484375 0.009375 0.0125
1 0.14765625 0.42265625 0.05625 0.0140625
1 0.16875 0.50859375 0.0484375 0.0171875
1 0.146875 0.51328125 0.05 0.015625
1 0.1140625 0.55390625 0.05 0.0109375
0 0.81484375 0.003125 0.0078125 0.00625
0 0.7625 0.07578125 0.0046875 0.00625
0 0.740625 0.18046875 0.00625 0.003125
0 0.86640625 0.26171875 0.009375 0.003125
0 0.64375 0.171875 0.009375 0.0046875
0 0.575 0.1046875 0.009375 0.00625
0 0.60390625 0.06875 0.00625 0.003125
0 0.48203125 0.06171875 0.0078125 0.0046875
0 0.53203125 0.32421875 0.00625 0.003125
1 0.584375 0.05859375 0.040625 0.0125
1 0.54375 0.084375 0.040625 0.0140625
1 0.57890625 0.14375 0.0453125 0.0125
1 0.5453125 0.16015625 0.0375 0.0125
1 0.5 0.1671875 0.0265625 0.009375
1 0.49453125 0.21875 0.03125 0.0109375
1 0.50234375 0.2890625 0.03125 0.0109375
1 0.5828125 0.21953125 0.0421875 0.01875
1 0.64140625 0.26640625 0.040625 0.015625
1 0.71953125 0.30625 0.0578125 0.01875
1 0.60625 0.30546875 0.04375 0.0140625
1 0.69375 0.36015625 0.0515625 0.0140625
1 0.565625 0.42578125 0.04375 0.0109375
1 0.63125 0.44765625 0.046875 0.015625
1 0.41875 0.953125 0.0578125 0.01875
1 0.31796875 0.9515625 0.05 0.0125
1 0.2890625 0.99609375 0.04375 0.0078125
1 0.27578125 0.90859375 0.0453125 0.0171875
1 0.1875 0.87109375 0.040625 0.015625
1 0.2203125 0.85234375 0.040625 0.0140625
1 0.26796875 0.82421875 0.04375 0.0125
1 0.27109375 0.84296875 0.04375 0.015625
1 0.33671875 0.90390625 0.040625 0.0125
1 0.4171875 0.7859375 0.053125 0.01875
1 0.31171875 0.68046875 0.046875 0.015625
1 0.20390625 0.690625 0.0375 0.015625
1 0.41796875 0.58984375 0.046875 0.015625
1 0.84765625 0.5625 0.0359375 0.00625
1 0.83515625 0.62734375 0.04375 0.0078125
1 0.86640625 0.7078125 0.05 0.0140625
1 0.85234375 0.759375 0.046875 0.0125
1 0.80703125 0.709375 0.040625 0.0125
1 0.7890625 0.678125 0.0375 0.0125
1 0.78359375 0.66328125 0.0359375 0.015625
1 0.7828125 0.84453125 0.04375 0.015625