1 0.38828125 0.00625 0.0296875 0.0125
1 0.44765625 0.00546875 0.0453125 0.0109375
1 0.43046875 0.04140625 0.0625 0.028125
1 0.44921875 0.059375 0.0625 0.028125
1 0.44609375 0.078125 0.053125 0.0265625
1 0.4484375 0.13984375 0.0515625 0.0203125
1 0.434375 0.17421875 0.0515625 0.0203125
1 0.32734375 0.13984375 0.0640625 0.0265625
1 0.321875 0.24453125 0.0625 0.0359375
1 0.45234375 0.26484375 0.0546875 0.025
1 0.51328125 0.2171875 0.0390625 0.01875
1 0.4578125 0.5421875 0.0578125 0.025
1 0.6640625 0.60234375 0.0421875 0.0171875
1 0.73203125 0.55 0.0515625 0.01875
1 0.6640625 0.4 0.0421875 0.01875
1 0.58828125 0.27734375 0.0484375 0.01875
1 0.56796875 0.2953125 0.0359375 0.015625
1 0.559375 0.08515625 0.01875 0.0234375
1 0.6 0.11328125 0.046875 0.0171875
1 0.5953125 0.1265625 0.0484375 0.0171875
0 0.19296875 0.7078125 0.0125 0.0046875
0 0.025 0.6609375 0.0046875 0.003125
0 0.0671875 0.746875 0.00625 0.0046875
0 0.06171875 0.8890625 0.0078125 0.00625
0 0.18359375 0.946875 0.0109375 0.0078125
0 0.2796875 0.8609375 0.0140625 0.0078125
1 0.34765625 0.996875 0.0359375 0.00625
1 0.3875 0.9765625 0.0390625 0.0140625
1 0.3703125 0.8796875 0.0421875 0.015625
1 0.33125 0.859375 0.046875 0.0171875
1 0.23828125 0.95234375 0.0609375 0.025
1 0.2765625 0.803125 0.0515625 0.0203125
1 0.3328125 0.7859375 0.0421875 0.0171875
1 0.08671875 0.73046875 0.0828125 0.0328125
0 0.84296875 0.81015625 0.0109375 0.00625
0 0.9171875 0.84765625 0.0109375 0.0078125
0 0.97578125 0.92109375 0.0125 0.0078125
0 0.90234375 0.953125 0.0109375 0.0078125
0 0.8140625 0.9140625 0.0125 0.0078125
0 0.7203125 0.903125 0.0109375 0.0078125
0 0.60390625 0.9796875 0.0140625 0.0109375
0 0.74765625 0.99765625 0.0078125 0.0046875
1 0.98125 0.89765625 0.0375 0.0203125
1 0.9953125 0.953125 0.009375 0.015625
1 0.9484375 0.98203125 0.0578125 0.0234375
1 0.95703125 0.9921875 0.0546875 0.015625