1 0.925 0.10078125 0.0234375 0.0796875
1 0.89296875 0.02265625 0.0265625 0.0453125
1 0.78203125 0.12109375 0.03125 0.0890625
0 0.415625 0.86796875 0.009375 0.01875
1 0.33984375 0.21640625 0.0328125 0.0546875
1 0.58125 0.578125 0.0203125 0.0921875
1 0.5140625 0.5984375 0.028125 0.0859375
1 0.409375 0.77734375 0.0171875 0.071875
1 0.428125 0.78125 0.01875 0.0796875
1 0.43203125 0.8140625 0.00625 0.053125
1 0.42578125 0.86171875 0.0203125 0.0703125
1 0.28046875 0.81875 0.0203125 0.0703125
1 0.2203125 0.79140625 0.0203125 0.0765625
1 0.20703125 0.73046875 0.0171875 0.0765625
1 0.0984375 0.79140625 0.0234375 0.0765625
1 0.04921875 0.6609375 0.0234375 0.0796875
1 0.09921875 0.52890625 0.021875 0.0921875
1 0.1796875 0.56875 0.0234375 0.0890625
1 0.19296875 0.37109375 0.025 0.0953125
1 0.31484375 0.5078125 0.021875 0.0890625
1 0.9921875 0.58984375 0.015625 0.04375
1 0.8234375 0.59609375 0.015625 0.04375
1 0.81796875 0.65546875 0.015625 0.0359375
1 0.75546875 0.57421875 0.0109375 0.0484375
1 0.79609375 0.5015625 0.0125 0.0484375
1 0.721875 0.49296875 0.0125 0.0453125
1 0.7796875 0.44765625 0.015625 0.0484375
1 0.84765625 0.37265625 0.015625 0.053125
1 0.86953125 0.38046875 0.015625 0.046875