1 0.0609375 0.51484375 0.05 0.015625
1 0.06953125 0.42265625 0.0546875 0.01875
1 0.134375 0.4640625 0.0375 0.015625
1 0.19140625 0.4765625 0.040625 0.015625
1 0.20859375 0.46015625 0.0375 0.015625
1 0.23125 0.4203125 0.04375 0.0125
1 0.16953125 0.23359375 0.046875 0.0140625
1 0.0453125 0.14609375 0.0578125 0.01875
1 0.2265625 0.19296875 0.046875 0.0125
1 0.1921875 0.10390625 0.0578125 0.021875
1 0.15 0.00703125 0.053125 0.0140625
1 0.59765625 0.25390625 0.09375 0.03125
1 0.565625 0.06328125 0.0828125 0.03125
1 0.62890625 0.0359375 0.0890625 0.025
1 0.7125 0.0484375 0.0796875 0.0296875
1 0.74921875 0.00859375 0.0921875 0.0171875
1 0.74140625 0.078125 0.0828125 0.028125
1 0.7890625 0.071875 0.0859375 0.028125
1 0.83515625 0.12109375 0.08125 0.03125
1 0.728125 0.146875 0.0765625 0.0328125
1 0.77890625 0.17890625 0.071875 0.0171875
1 0.78515625 0.1921875 0.0890625 0.0265625
1 0.82734375 0.26171875 0.08125 0.03125
1 0.81953125 0.284375 0.065625 0.0234375
1 0.79453125 0.30078125 0.0671875 0.0328125
1 0.7828125 0.4109375 0.0765625 0.0234375
1 0.48359375 0.453125 0.0296875 0.021875
1 0.2265625 0.98828125 0.05 0.0125
1 0.24921875 0.875 0.053125 0.0125
1 0.21015625 0.82265625 0.053125 0.0125
1 0.23828125 0.76875 0.046875 0.015625
1 0.27890625 0.74765625 0.04375 0.015625
1 0.290625 0.70625 0.053125 0.0140625
1 0.2765625 0.68125 0.0515625 0.01875
1 0.22890625 0.671875 0.046875 0.0125
1 0.215625 0.68046875 0.053125 0.0125
1 0.26640625 0.8078125 0.040625 0.0109375
1 0.259375 0.8328125 0.0453125 0.0171875
1 0.28046875 0.83828125 0.0453125 0.01875
1 0.31640625 0.7984375 0.046875 0.015625
1 0.3296875 0.88046875 0.04375 0.0125
1 0.3484375 0.8625 0.0375 0.009375
1 0.5453125 0.88984375 0.0828125 0.028125
1 0.68984375 0.83359375 0.06875 0.0171875
1 0.6796875 0.815625 0.06875 0.0171875
1 0.68125 0.721875 0.0703125 0.0203125
1 0.54765625 0.65 0.0890625 0.0265625
1 0.53359375 0.5640625 0.08125 0.025
1 0.665625 0.56484375 0.06875 0.0171875
1 0.7140625 0.5921875 0.065625 0.025
1 0.7453125 0.575 0.0609375 0.0203125