1 0.42109375 0.01015625 0.0140625 0.0203125
1 0.3703125 0.0421875 0.0140625 0.0421875
1 0.378125 0.09921875 0.0109375 0.034375
1 0.2984375 0.01640625 0.0125 0.0328125
1 0.13046875 0.0203125 0.015625 0.0296875
1 0.25234375 0.0046875 0.0140625 0.009375
1 0.22890625 0.0484375 0.0125 0.040625
1 0.103125 0.0671875 0.015625 0.0296875
1 0.04609375 0.06328125 0.0125 0.034375
0 0.828125 0.28359375 0.0078125 0.0125
1 0.6421875 0.36875 0.0140625 0.046875
1 0.7328125 0.2609375 0.0171875 0.0546875
1 0.7578125 0.3015625 0.0140625 0.046875
1 0.778125 0.3625 0.015625 0.046875
1 0.82265625 0.29296875 0.0125 0.0375
1 0.83125 0.3015625 0.0140625 0.0390625
1 0.8328125 0.28046875 0.015625 0.0453125
1 0.8578125 0.371875 0.0109375 0.0375
1 0.8453125 0.40390625 0.0125 0.0296875
1 0.88359375 0.40546875 0.0140625 0.0265625
1 0.9953125 0.278125 0.009375 0.046875
0 0.48515625 0.7828125 0.00625 0.009375
1 0.10703125 0.95859375 0.0234375 0.0546875
1 0.19375 0.88984375 0.021875 0.0703125
1 0.228125 0.7 0.025 0.0671875
1 0.325 0.59140625 0.0265625 0.0859375
1 0.36796875 0.75390625 0.0203125 0.078125
1 0.3796875 0.7546875 0.0265625 0.078125
1 0.45390625 0.8140625 0.03125 0.0703125
1 0.48203125 0.8046875 0.025 0.0734375
1 0.48359375 0.4953125 0.0359375 0.0765625
1 0.51171875 0.46484375 0.0140625 0.0921875
1 0.165625 0.55625 0.0328125 0.0890625
1 0.97265625 0.69609375 0.01875 0.06875
1 0.76875 0.81796875 0.01875 0.0734375
1 0.68359375 0.9078125 0.0171875 0.0484375
1 0.55390625 0.75390625 0.0171875 0.06875
1 0.5890625 0.61875 0.01875 0.08125
1 0.58125 0.7796875 0.0171875 0.0640625
1 0.7140625 0.96171875 0.015625 0.0625
1 0.97421875 0.9765625 0.0171875 0.046875
1 0.990625 0.8953125 0.0171875 0.0484375
0 0.94453125 0.9359375 0.0109375 0.01875
0 0.84765625 0.71328125 0.0078125 0.01875
0 0.75546875 0.90859375 0.009375 0.015625
0 0.62578125 0.6140625 0.0078125 0.015625
0 0.59453125 0.74765625 0.009375 0.01875
0 0.5484375 0.79765625 0.0140625 0.0203125