1 0.70546875 0.03046875 0.0609375 0.01875
1 0.7265625 0.059375 0.0625 0.01875
1 0.796875 0.04375 0.0625 0.015625
1 0.8046875 0.0796875 0.059375 0.01875
1 0.84765625 0.040625 0.05625 0.0140625
1 0.859375 0.02890625 0.059375 0.015625
1 0.9140625 0.090625 0.0484375 0.0140625
1 0.90546875 0.22578125 0.0375 0.0125
1 0.88828125 0.2328125 0.0375 0.009375
1 0.84296875 0.2484375 0.053125 0.0140625
1 0.73359375 0.30078125 0.0625 0.01875
1 0.609375 0.36875 0.0796875 0.0234375
1 0.8484375 0.4328125 0.05625 0.015625
1 0.92421875 0.48984375 0.053125 0.015625
1 0.946875 0.53984375 0.04375 0.0140625
1 0.93359375 0.575 0.053125 0.0125
1 0.896875 0.55625 0.05 0.01875
1 0.959375 0.30703125 0.0421875 0.0140625
1 0.934375 0.25234375 0.040625 0.0109375
1 0.0984375 0.728125 0.0921875 0.021875
1 0.06484375 0.91796875 0.096875 0.028125
1 0.23828125 0.928125 0.0828125 0.028125
1 0.30390625 0.84453125 0.0515625 0.0171875
1 0.2078125 0.73359375 0.0671875 0.021875
1 0.2203125 0.74140625 0.0765625 0.034375
1 0.22421875 0.6984375 0.078125 0.0203125
0 0.17734375 0.73359375 0.015625 0.0109375
1 0.58125 0.89375 0.0828125 0.0234375
1 0.7375 0.83984375 0.071875 0.01875
1 0.74765625 0.86171875 0.0625 0.015625
1 0.79375 0.70546875 0.053125 0.0109375