1 0.10390625 0.040625 0.046875 0.015625
1 0.02734375 0.05703125 0.040625 0.015625
1 0.08984375 0.3078125 0.059375 0.0171875
1 0.8203125 0.1078125 0.053125 0.0140625
1 0.92734375 0.13203125 0.05 0.0171875
1 0.73671875 0.1671875 0.04375 0.015625
1 0.690625 0.08203125 0.04375 0.0125
1 0.575 0.04140625 0.0265625 0.0109375
1 0.5765625 0.059375 0.03125 0.0109375
1 0.60546875 0.05859375 0.028125 0.015625
1 0.64453125 0.0828125 0.040625 0.0140625
1 0.63515625 0.16640625 0.0359375 0.0140625
1 0.575 0.1859375 0.034375 0.0125
1 0.66328125 0.19765625 0.0421875 0.0171875
1 0.62265625 0.25234375 0.0359375 0.0140625
1 0.6875 0.303125 0.0375 0.0140625
1 0.796875 0.32109375 0.0546875 0.015625
0 0.6578125 0.0671875 0.0109375 0.00625
1 0.1765625 0.8671875 0.0890625 0.025
1 0.06953125 0.8359375 0.0921875 0.0265625
1 0.11484375 0.8046875 0.0859375 0.021875
1 0.11171875 0.64609375 0.0734375 0.025
1 0.07734375 0.5484375 0.0765625 0.0234375
1 0.421875 0.98671875 0.0453125 0.0140625
1 0.396875 0.9203125 0.040625 0.0125
1 0.3390625 0.88671875 0.034375 0.0125
1 0.4640625 0.93828125 0.046875 0.015625
1 0.496875 0.9140625 0.04375 0.0140625
1 0.490625 0.90078125 0.04375 0.015625
1 0.50859375 0.90625 0.0515625 0.0125
1 0.65390625 0.9015625 0.0625 0.0171875
1 0.74921875 0.9484375 0.0671875 0.0203125
0 0.5234375 0.91171875 0.009375 0.0078125