1 0.153125 0.3140625 0.03125 0.0109375
1 0.15625 0.296875 0.0328125 0.0125
1 0.178125 0.275 0.025 0.009375
1 0.175 0.2609375 0.03125 0.0125
1 0.20859375 0.2 0.03125 0.0140625
1 0.18515625 0.18359375 0.025 0.009375
1 0.19609375 0.18671875 0.021875 0.0078125
1 0.20859375 0.1640625 0.034375 0.0109375
1 0.23203125 0.0578125 0.0328125 0.0125
1 0.2234375 0.05859375 0.028125 0.0078125
1 0.203125 0.0546875 0.0296875 0.0125
1 0.21171875 0.021875 0.028125 0.009375
1 0.196875 0.0125 0.0265625 0.009375
1 0.21015625 0.00390625 0.0296875 0.0078125
1 0.2203125 0.01484375 0.028125 0.009375
1 0.228125 0.01171875 0.034375 0.0140625
1 0.26640625 0.1109375 0.03125 0.0109375
1 0.26796875 0.1203125 0.0390625 0.015625
1 0.18359375 0.22265625 0.028125 0.009375
0 0.684375 0.4046875 0.025 0.0125
0 0.828125 0.03515625 0.0234375 0.015625
0 0.64140625 0.0046875 0.0203125 0.009375
0 0.621875 0.1109375 0.0109375 0.0078125
1 0.70390625 0.4640625 0.0765625 0.025
1 0.7359375 0.4046875 0.08125 0.0234375
1 0.6703125 0.38515625 0.059375 0.01875
1 0.6890625 0.14609375 0.0671875 0.025
1 0.646875 0.11171875 0.0640625 0.0234375
1 0.81484375 0.00859375 0.0890625 0.0171875
1 0.56328125 0.01953125 0.0625 0.01875
1 0.553125 0.09140625 0.053125 0.0203125
1 0.515625 0.0796875 0.053125 0.021875
1 0.42109375 0.534375 0.0578125 0.009375
1 0.2953125 0.5640625 0.0578125 0.0203125
1 0.3 0.59453125 0.0453125 0.021875
1 0.421875 0.6546875 0.0546875 0.025
1 0.32109375 0.6609375 0.0453125 0.01875
1 0.27265625 0.69140625 0.0484375 0.0234375
1 0.4265625 0.91796875 0.0625 0.01875
1 0.32421875 0.89609375 0.0515625 0.015625
1 0.334375 0.9328125 0.0453125 0.021875
1 0.39609375 0.95625 0.0453125 0.0171875
1 0.2640625 0.984375 0.0546875 0.025
1 0.25234375 0.965625 0.0515625 0.021875
0 0.3484375 0.94453125 0.028125 0.0125
1 0.64921875 0.840625 0.078125 0.025
1 0.67109375 0.921875 0.0734375 0.021875
1 0.5359375 0.88125 0.0609375 0.01875
1 0.52578125 0.88828125 0.0578125 0.01875
1 0.5109375 0.915625 0.0625 0.0203125
1 0.56171875 0.82578125 0.0546875 0.0171875
1 0.5234375 0.81640625 0.0453125 0.0171875
1 0.515625 0.790625 0.05 0.015625
1 0.5203125 0.775 0.0671875 0.025
1 0.53203125 0.7203125 0.059375 0.0171875
1 0.56484375 0.73203125 0.0484375 0.01875
1 0.57265625 0.703125 0.0671875 0.0234375
1 0.596875 0.746875 0.05625 0.0171875
1 0.52578125 0.61875 0.0453125 0.0171875
1 0.51875 0.61875 0.040625 0.0125
1 0.5171875 0.6109375 0.046875 0.0140625
1 0.490625 0.6484375 0.04375 0.015625
1 0.525 0.65390625 0.0390625 0.0203125