1 0.1640625 0.23984375 0.03125 0.0109375
1 0.16640625 0.25625 0.0328125 0.0125
1 0.1890625 0.278125 0.025 0.009375
1 0.1859375 0.2921875 0.03125 0.0125
1 0.22109375 0.35234375 0.03125 0.0140625
1 0.19765625 0.36953125 0.025 0.009375
1 0.20859375 0.36640625 0.021875 0.0078125
1 0.22109375 0.38828125 0.034375 0.0109375
1 0.28046875 0.440625 0.03125 0.0109375
1 0.28203125 0.43125 0.0390625 0.0171875
1 0.1953125 0.33046875 0.028125 0.0109375
1 0.71484375 0.01015625 0.0359375 0.0140625
1 0.71953125 0.04765625 0.028125 0.0109375
1 0.665625 0.0453125 0.03125 0.009375
1 0.6515625 0.06640625 0.028125 0.0140625
1 0.6328125 0.07890625 0.028125 0.0109375
1 0.59375 0.09296875 0.025 0.009375
1 0.61171875 0.11484375 0.0296875 0.0125
1 0.6921875 0.115625 0.0359375 0.0140625
1 0.6671875 0.22109375 0.03125 0.0109375
1 0.59375 0.2734375 0.025 0.009375
1 0.61796875 0.3171875 0.028125 0.0109375
1 0.6390625 0.3 0.009375 0.0046875
1 0.65 0.2953125 0.0296875 0.0140625
0 0.6609375 0.31640625 0.0109375 0.0078125
1 0.2328125 0.9921875 0.059375 0.015625
1 0.18984375 0.97265625 0.05625 0.028125
1 0.30625 0.94453125 0.025 0.0265625
1 0.2421875 0.74296875 0.0546875 0.0265625
1 0.20625 0.73984375 0.0578125 0.021875
1 0.1203125 0.765625 0.0484375 0.01875
1 0.0859375 0.7359375 0.046875 0.015625
1 0.10546875 0.93359375 0.0421875 0.015625
1 0.1 0.9265625 0.046875 0.0171875
1 0.03515625 0.63125 0.0390625 0.0171875
1 0.11484375 0.546875 0.0484375 0.01875
1 0.11171875 0.515625 0.0453125 0.01875
1 0.0046875 0.61171875 0.009375 0.0109375
1 0.7015625 0.93828125 0.0484375 0.0203125
1 0.675 0.9265625 0.046875 0.015625
1 0.76328125 0.91953125 0.046875 0.0171875
1 0.628125 0.79140625 0.0484375 0.0171875
1 0.6578125 0.75546875 0.0484375 0.0203125
1 0.61015625 0.69140625 0.0359375 0.0140625
1 0.5921875 0.69296875 0.0390625 0.015625
1 0.6921875 0.6390625 0.046875 0.01875
1 0.62734375 0.60234375 0.0484375 0.01875
1 0.7703125 0.496875 0.0625 0.015625