1 0.1375 0.1046875 0.03125 0.0125
1 0.140625 0.121875 0.0328125 0.0140625
1 0.1640625 0.1421875 0.025 0.0109375
1 0.16171875 0.15625 0.03125 0.0140625
1 0.1984375 0.215625 0.03125 0.015625
1 0.17578125 0.23359375 0.025 0.0109375
1 0.1859375 0.2296875 0.021875 0.009375
1 0.2 0.2515625 0.034375 0.0125
1 0.22890625 0.35625 0.0328125 0.0140625
1 0.2203125 0.35625 0.028125 0.009375
1 0.20078125 0.3609375 0.0296875 0.0140625
1 0.2109375 0.39375 0.028125 0.0109375
1 0.19609375 0.40390625 0.0265625 0.0109375
1 0.2109375 0.41171875 0.0296875 0.0125
1 0.21953125 0.4 0.028125 0.0109375
1 0.228125 0.40234375 0.034375 0.015625
1 0.2296875 0.49375 0.0265625 0.0140625
1 0.28046875 0.50078125 0.0421875 0.0171875
1 0.2609375 0.3015625 0.03125 0.0125
1 0.26171875 0.2921875 0.0390625 0.0171875
1 0.171875 0.19375 0.028125 0.0109375
1 0.4625 0.07421875 0.046875 0.01875
1 0.53828125 0.1 0.0390625 0.01875
1 0.5015625 0.0421875 0.0484375 0.021875
1 0.6140625 0.078125 0.0515625 0.025
1 0.5625 0.00703125 0.05 0.0140625
1 0.66796875 0.134375 0.0484375 0.025
1 0.83125 0.2546875 0.0484375 0.0296875
1 0.61171875 0.30703125 0.0578125 0.0234375
1 0.509375 0.28671875 0.0390625 0.01875
1 0.6265625 0.53671875 0.046875 0.0046875
0 0.62890625 0.278125 0.0234375 0.0109375
1 0.54453125 0.2203125 0.0546875 0.01875
1 0.53203125 0.16953125 0.0453125 0.0234375
1 0.43125 0.1390625 0.0546875 0.0203125
1 0.35 0.8140625 0.0734375 0.0296875
1 0.359375 0.8 0.075 0.0265625
1 0.2984375 0.79375 0.0609375 0.0234375
1 0.26953125 0.7546875 0.075 0.0296875
1 0.303125 0.68203125 0.0578125 0.028125
1 0.2421875 0.67578125 0.0609375 0.025
1 0.35234375 0.7046875 0.0375 0.0265625
1 0.2390625 0.790625 0.0515625 0.01875
1 0.240625 0.846875 0.0546875 0.0234375
1 0.296875 0.84140625 0.0546875 0.0234375
1 0.15625 0.871875 0.0578125 0.021875
1 0.128125 0.96796875 0.0421875 0.0203125
1 0.10078125 0.7484375 0.0484375 0.01875
0 0.7109375 0.740625 0.0234375 0.0171875
1 0.73046875 0.55703125 0.0609375 0.0265625
1 0.78046875 0.54140625 0.0578125 0.0046875
1 0.8015625 0.640625 0.059375 0.0265625
1 0.73984375 0.6625 0.0578125 0.0265625
1 0.85546875 0.6609375 0.0546875 0.025
1 0.84296875 0.6953125 0.0765625 0.0296875
1 0.83203125 0.72890625 0.059375 0.0265625
1 0.85859375 0.7359375 0.0671875 0.0234375
1 0.91015625 0.7234375 0.0765625 0.0328125
1 0.93984375 0.7296875 0.0796875 0.0328125
1 0.93984375 0.7546875 0.090625 0.0390625
1 0.96171875 0.8625 0.0765625 0.034375
1 0.8953125 0.93984375 0.0828125 0.0328125
1 0.7515625 0.96796875 0.059375 0.0234375
1 0.76171875 0.79296875 0.0609375 0.021875
1 0.63828125 0.7390625 0.0484375 0.021875
1 0.684375 0.6671875 0.0546875 0.01875
1 0.6765625 0.62890625 0.059375 0.0234375