1 0.0671875 0.62109375 0.04375 0.009375
1 0.146875 0.59921875 0.053125 0.01875
1 0.24609375 0.59609375 0.0640625 0.0203125
1 0.33359375 0.4953125 0.071875 0.0296875
1 0.22109375 0.47578125 0.05625 0.0140625
1 0.23359375 0.4296875 0.05 0.0140625
1 0.440625 0.25703125 0.0796875 0.028125
1 0.25625 0.16796875 0.0625 0.0203125
1 0.21015625 0.09453125 0.065625 0.0171875
1 0.0953125 0.153125 0.0484375 0.0171875
1 0.1015625 0.234375 0.046875 0.0171875
1 0.14453125 0.2734375 0.05625 0.01875
1 0.16875 0.2984375 0.059375 0.0171875
1 0.0734375 0.36640625 0.0375 0.0125
1 0.0171875 0.41171875 0.034375 0.0109375
1 0.0875 0.390625 0.053125 0.0109375
0 0.27578125 0.10546875 0.021875 0.0171875
1 0.1140625 0.50703125 0.053125 0.0140625
0 0.8015625 0.3421875 0.0234375 0.009375
0 0.703125 0.05859375 0.0109375 0.00625
1 0.6484375 0.59375 0.05 0.0109375
1 0.828125 0.39921875 0.075 0.015625
1 0.85234375 0.3359375 0.0796875 0.0140625
1 0.784375 0.325 0.0578125 0.0125
1 0.775 0.08515625 0.065625 0.0171875
1 0.728125 0.05625 0.0625 0.0171875
1 0.6328125 0.04765625 0.0515625 0.0140625
1 0.6 0.040625 0.040625 0.015625
1 0.390625 0.65078125 0.04375 0.0140625
1 0.36875 0.69296875 0.04375 0.0125
1 0.415625 0.73671875 0.046875 0.0140625
1 0.475 0.728125 0.0546875 0.0109375
1 0.42734375 0.76796875 0.0453125 0.0109375
1 0.56328125 0.77109375 0.0328125 0.0078125
1 0.56640625 0.77421875 0.0265625 0.0109375
1 0.9640625 0.73203125 0.071875 0.0109375
1 0.9671875 0.85078125 0.065625 0.0125
1 0.9734375 0.93828125 0.053125 0.0203125