1 0.2625 0.5015625 0.0734375 0.034375
1 0.37578125 0.49375 0.0578125 0.0171875
1 0.36796875 0.446875 0.0515625 0.0171875
1 0.18046875 0.253125 0.08125 0.0328125
1 0.3734375 0.18359375 0.0640625 0.0234375
1 0.42578125 0.115625 0.0671875 0.021875
1 0.38671875 0.00859375 0.0703125 0.0171875
1 0.4515625 0.3 0.015625 0.021875
1 0.4375 0.32265625 0.04375 0.0203125
0 0.36015625 0.1203125 0.0234375 0.01875
1 0.78671875 0.459375 0.0671875 0.021875
1 0.88984375 0.43359375 0.046875 0.0140625
1 0.88671875 0.3109375 0.0453125 0.015625
1 0.82578125 0.3140625 0.0484375 0.0203125
1 0.809375 0.3140625 0.0453125 0.015625
1 0.74453125 0.40859375 0.071875 0.0171875
1 0.71953125 0.428125 0.0625 0.0140625
1 0.71484375 0.33046875 0.0609375 0.0171875
1 0.6828125 0.190625 0.0703125 0.028125
1 0.73046875 0.16484375 0.0796875 0.021875
1 0.7609375 0.02265625 0.0734375 0.01875
1 0.8703125 0.0296875 0.0546875 0.01875
1 0.85 0.0390625 0.0421875 0.015625
1 0.93359375 0.05625 0.0484375 0.0203125
1 0.96171875 0.15 0.0453125 0.015625
1 0.22578125 0.8703125 0.0671875 0.025
1 0.33046875 0.6921875 0.053125 0.01875
1 0.37109375 0.8234375 0.0515625 0.0140625
1 0.33359375 0.6234375 0.0546875 0.0203125
1 0.284375 0.5703125 0.0609375 0.025
1 0.434375 0.60078125 0.040625 0.0125
1 0.80625 0.91875 0.05 0.0171875
1 0.88125 0.91015625 0.0375 0.0125
1 0.90078125 0.9546875 0.04375 0.0125
1 0.9234375 0.871875 0.0390625 0.015625
1 0.91484375 0.8953125 0.0375 0.0125
1 0.8296875 0.8359375 0.046875 0.0140625
1 0.9390625 0.80859375 0.0375 0.0125
1 0.93671875 0.79609375 0.03125 0.0125
1 0.8796875 0.75390625 0.053125 0.0109375
1 0.75234375 0.7296875 0.0484375 0.0171875
1 0.86171875 0.67265625 0.0453125 0.015625
1 0.64609375 0.52578125 0.0546875 0.0140625
1 0.6546875 0.546875 0.0484375 0.0171875