1 0.515625 0.17890625 0.00625 0.0578125
1 0.4828125 0.1578125 0.025 0.0515625
1 0.2328125 0.0765625 0.0328125 0.065625
1 0.15078125 0.1046875 0.03125 0.0671875
1 0.0546875 0.03359375 0.040625 0.0671875
1 0.18203125 0.2296875 0.0265625 0.05
1 0.26328125 0.2421875 0.0265625 0.05
1 0.3109375 0.20859375 0.0296875 0.059375
1 0.33984375 0.19140625 0.0296875 0.0609375
1 0.38515625 0.29921875 0.021875 0.0390625
1 0.415625 0.36484375 0.0203125 0.0390625
1 0.41171875 0.29140625 0.021875 0.053125
1 0.01953125 0.1734375 0.025 0.0578125
0 0.1765625 0.04296875 0.021875 0.025
1 0.68828125 0.0859375 0.040625 0.0890625
1 0.621875 0.128125 0.034375 0.0796875
1 0.69453125 0.2328125 0.0328125 0.075
1 0.68046875 0.25390625 0.0296875 0.0765625
1 0.6453125 0.31953125 0.0296875 0.0671875
1 0.6109375 0.3546875 0.03125 0.0671875
1 0.5734375 0.3359375 0.0296875 0.0609375
1 0.22734375 0.55 0.0265625 0.040625
1 0.26484375 0.65078125 0.021875 0.0515625
1 0.2296875 0.63671875 0.0203125 0.0484375
1 0.22421875 0.6734375 0.0171875 0.04375
1 0.31875 0.7015625 0.01875 0.0421875
1 0.3140625 0.7140625 0.0140625 0.03125
1 0.32421875 0.71875 0.01875 0.04375
1 0.403125 0.75 0.021875 0.0453125
1 0.44609375 0.74375 0.021875 0.040625
1 0.45234375 0.68984375 0.0234375 0.0515625
1 0.48203125 0.75703125 0.01875 0.0390625
1 0.5765625 0.8984375 0.0359375 0.075
1 0.9953125 0.93203125 0.009375 0.0796875
1 0.9953125 0.82109375 0.009375 0.1015625
1 0.8671875 0.9078125 0.0453125 0.090625