1 0.07421875 0.0359375 0.01875 0.046875
1 0.08828125 0.06953125 0.00625 0.04375
1 0.0828125 0.07890625 0.0109375 0.04375
1 0.2109375 0.0921875 0.015625 0.04375
1 0.2515625 0.11640625 0.0140625 0.04375
1 0.296875 0.07109375 0.015625 0.046875
1 0.290625 0.01953125 0.0125 0.0390625
1 0.32890625 0.06015625 0.0125 0.0453125
1 0.89609375 0.21640625 0.0140625 0.028125
1 0.7484375 0.19453125 0.015625 0.05625
1 0.71953125 0.24140625 0.0125 0.059375
1 0.7453125 0.26640625 0.0140625 0.03125
1 0.69609375 0.26171875 0.015625 0.05625
1 0.67890625 0.14921875 0.015625 0.053125
1 0.6296875 0.1171875 0.0125 0.05625
1 0.5328125 0.05546875 0.015625 0.053125
1 0.53125 0.24296875 0.0171875 0.028125
1 0.5734375 0.2921875 0.0109375 0.040625
1 0.03125 0.60625 0.015625 0.065625
1 0.03359375 0.7734375 0.0109375 0.034375
1 0.01640625 0.72890625 0.0109375 0.04375
1 0.059375 0.7390625 0.0140625 0.046875
1 0.0828125 0.7015625 0.0125 0.046875
1 0.15546875 0.7640625 0.0109375 0.04375
1 0.20234375 0.70390625 0.015625 0.05625
1 0.2109375 0.70625 0.0140625 0.053125
1 0.20859375 0.7828125 0.0078125 0.0375
1 0.246875 0.75703125 0.0125 0.0484375
1 0.26796875 0.7515625 0.0109375 0.040625
1 0.3328125 0.69140625 0.0125 0.05625
1 0.821875 0.96640625 0.01875 0.05625
1 0.603125 0.99140625 0.015625 0.0171875