1 0.084375 0.22265625 0.0203125 0.0484375
1 0.096875 0.18828125 0.009375 0.04375
1 0.090625 0.17890625 0.0140625 0.04375
1 0.2171875 0.15859375 0.01875 0.0453125
1 0.25703125 0.1328125 0.0171875 0.0453125
1 0.3046875 0.17578125 0.0171875 0.0484375
1 0.3015625 0.2359375 0.015625 0.0546875
1 0.3375 0.18515625 0.0140625 0.0453125
1 0.353125 0.328125 0.0109375 0.05
1 0.35703125 0.33671875 0.015625 0.053125
1 0.56875 0.24921875 0.01875 0.0828125
1 0.56328125 0.17265625 0.0078125 0.0796875
1 0.6375 0.12578125 0.021875 0.0640625
1 0.6890625 0.09296875 0.0140625 0.0625
1 0.71484375 0.1421875 0.0203125 0.0703125
1 0.80859375 0.16171875 0.0234375 0.0671875
1 0.8296875 0.15234375 0.0234375 0.0703125
1 0.85546875 0.27578125 0.0234375 0.0828125
1 0.70078125 0.2546875 0.028125 0.0828125
1 0.6671875 0.18671875 0.0203125 0.0484375
1 0.66640625 0.171875 0.0296875 0.0578125
0 0.640625 0.084375 0.0125 0.0328125
1 0.00390625 0.8984375 0.0078125 0.0625
1 0.090625 0.83203125 0.0125 0.05625
1 0.10703125 0.83671875 0.0140625 0.0515625
1 0.12109375 0.79375 0.0171875 0.05
1 0.1078125 0.725 0.01875 0.0546875
1 0.15078125 0.71875 0.0171875 0.0453125
1 0.17421875 0.7359375 0.015625 0.0453125
1 0.171875 0.696875 0.0125 0.0359375
1 0.165625 0.6875 0.0109375 0.040625
1 0.14296875 0.6484375 0.0171875 0.0375
1 0.25546875 0.68515625 0.0171875 0.0484375
1 0.24609375 0.76953125 0.0171875 0.0515625
1 0.2546875 0.90859375 0.0203125 0.0609375
1 0.1671875 0.86640625 0.0203125 0.0546875
1 0.33984375 0.8953125 0.021875 0.065625
1 0.490625 0.77578125 0.021875 0.0578125
1 0.48515625 0.65078125 0.0203125 0.0421875
1 0.01015625 0.64609375 0.0140625 0.0328125
0 0.00859375 0.92265625 0.0078125 0.01875
1 0.92421875 0.6578125 0.0234375 0.05625