1 0.36796875 0.44375 0.0234375 0.021875
1 0.29765625 0.38125 0.05 0.0171875
1 0.28984375 0.3765625 0.053125 0.0203125
1 0.72578125 0.20546875 0.0390625 0.0203125
1 0.703125 0.175 0.0390625 0.01875
1 0.7390625 0.1703125 0.0421875 0.0203125
1 0.73203125 0.15625 0.0265625 0.0125
1 0.75546875 0.11640625 0.0265625 0.0125
1 0.7984375 0.12109375 0.034375 0.0125
1 0.7109375 0.09375 0.0359375 0.01875
1 0.61796875 0.09375 0.040625 0.015625
1 0.91484375 0.1015625 0.028125 0.0109375
1 0.8234375 0.08359375 0.0296875 0.0140625
1 0.7765625 0.04765625 0.034375 0.0171875
1 0.8171875 0.04765625 0.0359375 0.0140625
1 0.859375 0.07109375 0.034375 0.0140625
1 0.86328125 0.06015625 0.0296875 0.015625
1 0.7265625 0.37578125 0.025 0.0109375
1 0.85625 0.421875 0.0265625 0.015625
1 0.84765625 0.50234375 0.034375 0.0171875
1 0.73984375 0.48984375 0.0296875 0.01875
1 0.68046875 0.4859375 0.0359375 0.0171875
0 0.6984375 0.478125 0.0109375 0.0078125
0 0.7078125 0.43203125 0.0171875 0.009375
0 0.2125 0.96640625 0.015625 0.009375
0 0.3046875 0.9734375 0.0109375 0.00625
0 0.209375 0.86015625 0.0171875 0.009375
0 0.09921875 0.86328125 0.0171875 0.0109375
0 0.153125 0.76796875 0.0125 0.0078125
0 0.190625 0.6671875 0.0109375 0.0078125
0 0.340625 0.82109375 0.015625 0.0078125
1 0.3671875 0.70078125 0.025 0.0203125
1 0.31796875 0.7703125 0.0546875 0.021875
1 0.35234375 0.62890625 0.0484375 0.0203125
1 0.37421875 0.63828125 0.0109375 0.0203125
1 0.27578125 0.67578125 0.0546875 0.025
1 0.2640625 0.82734375 0.04375 0.025
1 0.09765625 0.93984375 0.0484375 0.0234375
1 0.32265625 0.99609375 0.0515625 0.0078125
1 0.81875 0.6734375 0.0578125 0.028125
1 0.8703125 0.66015625 0.059375 0.021875
1 0.93671875 0.67109375 0.0453125 0.01875
1 0.9765625 0.81796875 0.0421875 0.01875
1 0.8796875 0.8265625 0.0421875 0.01875
1 0.88828125 0.7359375 0.0453125 0.01875
1 0.8109375 0.7765625 0.0453125 0.021875
1 0.76640625 0.76640625 0.0515625 0.0203125
1 0.70390625 0.78203125 0.0640625 0.0265625
1 0.634375 0.690625 0.0703125 0.03125
1 0.63671875 0.84375 0.0578125 0.028125
1 0.50234375 0.92109375 0.0734375 0.028125
1 0.6609375 0.97890625 0.0546875 0.025
1 0.66796875 0.9953125 0.0640625 0.009375
1 0.771875 0.8640625 0.0546875 0.025
1 0.6671875 0.8640625 0.0609375 0.0234375