1 0.26328125 0.33359375 0.0765625 0.0296875
1 0.91015625 0.003125 0.0546875 0.00625
1 0.91953125 0.03046875 0.06875 0.01875
1 0.86640625 0.05234375 0.0484375 0.015625
1 0.8109375 0.0515625 0.0421875 0.015625
1 0.86875 0.11484375 0.0515625 0.015625
1 0.83046875 0.134375 0.0546875 0.0171875
1 0.76640625 0.15234375 0.0421875 0.0171875
1 0.803125 0.2796875 0.0515625 0.01875
1 0.76328125 0.35390625 0.0484375 0.0109375
1 0.8484375 0.2765625 0.0578125 0.021875
1 0.93984375 0.1828125 0.0609375 0.021875
1 0.9765625 0.14765625 0.046875 0.0234375
1 0.38203125 0.40625 0.06875 0.034375
1 0.2671875 0.86640625 0.0609375 0.0234375
1 0.2375 0.7765625 0.05 0.025
1 0.2328125 0.73046875 0.0546875 0.0234375
1 0.203125 0.7453125 0.0484375 0.015625
1 0.19375 0.7328125 0.0453125 0.015625
1 0.17265625 0.7171875 0.0484375 0.01875
1 0.178125 0.74140625 0.04375 0.0125
1 0.18046875 0.7546875 0.0421875 0.015625
1 0.17890625 0.7578125 0.0453125 0.0171875
1 0.175 0.7765625 0.0421875 0.015625
1 0.16796875 0.79453125 0.025 0.028125
1 0.159375 0.80703125 0.0421875 0.021875
1 0.1296875 0.821875 0.0421875 0.015625
1 0.128125 0.865625 0.0453125 0.01875
1 0.10390625 0.89296875 0.040625 0.0125
1 0.1703125 0.90234375 0.0484375 0.01875
1 0.16640625 0.93671875 0.0453125 0.015625
1 0.13671875 0.9890625 0.0421875 0.015625
0 0.14296875 0.89296875 0.0171875 0.0109375
1 0.82578125 0.36796875 0.0703125 0.0171875
1 0.96171875 0.371875 0.0765625 0.025
1 0.8921875 0.4078125 0.0734375 0.025
1 0.9578125 0.44453125 0.084375 0.0421875
1 0.79375 0.4921875 0.0703125 0.0265625
1 0.753125 0.60078125 0.0578125 0.0234375
1 0.659375 0.6484375 0.0484375 0.01875
1 0.79375 0.696875 0.0703125 0.028125
1 0.71796875 0.79375 0.0609375 0.021875
1 0.7046875 0.91640625 0.0640625 0.0234375
1 0.81328125 0.7828125 0.075 0.034375
1 0.840625 0.81015625 0.0859375 0.0265625
1 0.834375 0.98671875 0.084375 0.0265625
1 0.8640625 0.975 0.084375 0.0265625
1 0.90703125 0.92890625 0.0984375 0.034375
1 0.959375 0.75 0.08125 0.03125
1 0.9640625 0.74296875 0.071875 0.0328125