1 0.12890625 0.4609375 0.0953125 0.0484375
1 0.34921875 0.52890625 0.0828125 0.0453125
1 0.34921875 0.5046875 0.0671875 0.034375
1 0.33125 0.48125 0.0703125 0.04375
1 0.35546875 0.37265625 0.0765625 0.0375
1 0.06328125 0.1515625 0.1015625 0.046875
1 0.053125 0.2234375 0.1 0.040625
1 0.1984375 0.01015625 0.0875 0.0203125
1 0.55703125 0.55546875 0.0421875 0.0078125
1 0.63984375 0.54453125 0.0515625 0.0234375
1 0.6421875 0.3796875 0.0421875 0.021875
1 0.625 0.23671875 0.0484375 0.0234375
1 0.59609375 0.24296875 0.0421875 0.0203125
1 0.5421875 0.15 0.0421875 0.0203125
1 0.55 0.0875 0.0453125 0.021875
1 0.546875 0.0453125 0.0484375 0.0234375
1 0.66484375 0.04453125 0.0515625 0.028125
1 0.70546875 0.09296875 0.046875 0.0203125
1 0.6953125 0.10234375 0.0484375 0.021875
1 0.43671875 0.88359375 0.0453125 0.0421875
1 0.4703125 0.93671875 0.021875 0.0328125
1 0.51640625 0.92109375 0.0640625 0.0296875
1 0.525 0.95078125 0.059375 0.0359375
1 0.63046875 0.8296875 0.0609375 0.028125
1 0.61875 0.871875 0.0515625 0.025
1 0.571875 0.79375 0.0625 0.0265625
1 0.68671875 0.6609375 0.0375 0.01875
1 0.69609375 0.63984375 0.05625 0.0234375
1 0.72578125 0.6578125 0.0390625 0.01875
1 0.76484375 0.6609375 0.0421875 0.0203125
1 0.5234375 0.565625 0.059375 0.0125