1 0.62890625 0.64140625 0.040625 0.1171875
1 0.425 0.37265625 0.034375 0.09375
1 0.6078125 0.4375 0.0328125 0.0828125
1 0.6453125 0.3796875 0.028125 0.0890625
1 0.64765625 0.2953125 0.0328125 0.0796875
1 0.6234375 0.26171875 0.0296875 0.0828125
1 0.63828125 0.21640625 0.03125 0.0859375
1 0.59765625 0.16171875 0.0328125 0.08125
1 0.553125 0.26328125 0.0359375 0.078125
1 0.53046875 0.20703125 0.0203125 0.0734375
1 0.51875 0.1984375 0.0296875 0.0890625
1 0.4578125 0.1453125 0.0328125 0.08125
1 0.43359375 0.14921875 0.025 0.065625
1 0.41328125 0.1703125 0.034375 0.06875
1 0.303125 0.1625 0.0265625 0.0765625
1 0.1296875 0.4859375 0.0328125 0.1015625
1 0.203125 0.48515625 0.0265625 0.1015625
1 0.684375 0.39453125 0.021875 0.0640625
1 0.7578125 0.2140625 0.0203125 0.0546875
1 0.73359375 0.109375 0.0171875 0.0578125
1 0.76328125 0.10625 0.01875 0.0421875
1 0.921875 0.1640625 0.0203125 0.0484375
1 0.83203125 0.39375 0.028125 0.0859375
1 0.9328125 0.08359375 0.0171875 0.0453125
1 0.12578125 0.97421875 0.009375 0.03125
1 0.1390625 0.965625 0.0125 0.0328125
1 0.97109375 0.99296875 0.0171875 0.0140625
1 0.875 0.740625 0.0125 0.0375
1 0.840625 0.8109375 0.0171875 0.0421875
1 0.8390625 0.83203125 0.015625 0.046875
1 0.803125 0.89609375 0.0140625 0.0484375
1 0.76484375 0.9765625 0.0203125 0.046875
1 0.85703125 0.96640625 0.01875 0.0515625
1 0.8890625 0.8625 0.0140625 0.05
1 0.9140625 0.88359375 0.0140625 0.0453125
1 0.978125 0.7640625 0.015625 0.046875
1 0.99453125 0.77734375 0.0109375 0.0203125