1 0.10859375 0.475 0.05625 0.021875
1 0.1015625 0.5125 0.0578125 0.0265625
1 0.0265625 0.4015625 0.053125 0.028125
1 0.09140625 0.30625 0.065625 0.0265625
1 0.07109375 0.15703125 0.0578125 0.0359375
1 0.025 0.17109375 0.05 0.0296875
1 0.115625 0.04140625 0.0625 0.0296875
1 0.17109375 0.2328125 0.0578125 0.028125
1 0.1984375 0.27109375 0.053125 0.0203125
1 0.17109375 0.2921875 0.05625 0.021875
1 0.1640625 0.30234375 0.05 0.0234375
1 0.15078125 0.33359375 0.059375 0.03125
1 0.13125 0.32734375 0.0546875 0.0265625
1 0.16328125 0.3703125 0.05625 0.021875
1 0.17734375 0.3703125 0.0625 0.0265625
1 0.196875 0.40078125 0.05 0.0234375
1 0.2 0.39609375 0.0484375 0.0234375
1 0.99140625 0.0296875 0.0171875 0.025
1 0.95546875 0.0140625 0.0578125 0.028125
1 0.89375 0.03203125 0.0546875 0.0234375
1 0.775 0.1171875 0.0703125 0.03125
1 0.7171875 0.31875 0.071875 0.03125
1 0.5015625 0.01328125 0.084375 0.0265625
1 0.70390625 0.51328125 0.0703125 0.03125
1 0.925 0.4859375 0.0484375 0.0265625
1 0.925 0.41875 0.0578125 0.028125
1 0.9734375 0.3984375 0.053125 0.028125
1 0.99375 0.2640625 0.0125 0.025
1 0.97890625 0.23203125 0.0421875 0.0234375
1 0.94140625 0.30859375 0.046875 0.0203125
1 0.95 0.3125 0.053125 0.0203125
0 0.93984375 0.22421875 0.0203125 0.015625
1 0.04453125 0.85390625 0.0515625 0.021875
1 0.0234375 0.8390625 0.046875 0.025
1 0.025 0.68671875 0.0484375 0.0234375
1 0.0609375 0.6796875 0.0453125 0.01875
1 0.1625 0.71015625 0.040625 0.0171875
1 0.24375 0.74921875 0.040625 0.0171875
1 0.259375 0.76171875 0.0421875 0.01875
1 0.146875 0.7734375 0.053125 0.021875
1 0.15703125 0.828125 0.0453125 0.021875
1 0.925 0.69921875 0.090625 0.053125
1 0.89921875 0.8046875 0.0984375 0.0421875
1 0.8640625 0.921875 0.0984375 0.0484375
1 0.82265625 0.9953125 0.0609375 0.009375