1 0.41171875 0.2234375 0.0609375 0.025
1 0.44921875 0.1234375 0.0203125 0.021875
1 0.39140625 0.003125 0.0609375 0.00625
1 0.7546875 0.24609375 0.0515625 0.01875
1 0.73203125 0.23359375 0.0484375 0.0234375
1 0.6453125 0.19296875 0.0546875 0.021875
1 0.72421875 0.08046875 0.0484375 0.0203125
1 0.75859375 0.07109375 0.0453125 0.015625
1 0.8625 0.09453125 0.040625 0.015625
1 0.94609375 0.12734375 0.040625 0.015625
1 0.9625 0.13828125 0.0421875 0.015625
1 0.8515625 0.15859375 0.053125 0.01875
1 0.865625 0.2125 0.0453125 0.01875
0 0.725 0.49375 0.0140625 0.0078125
1 0.615625 0.5453125 0.0578125 0.025
1 0.64453125 0.56015625 0.0625 0.0203125
1 0.5875 0.5703125 0.059375 0.0171875
1 0.5671875 0.74140625 0.0546875 0.0171875
1 0.584375 0.72265625 0.0578125 0.021875
1 0.60859375 0.70078125 0.0390625 0.015625
1 0.64609375 0.6890625 0.0484375 0.0171875
1 0.72421875 0.5828125 0.0375 0.0140625
1 0.73984375 0.4953125 0.0296875 0.015625
1 0.7453125 0.46484375 0.0390625 0.01875
1 0.6265625 0.70859375 0.0390625 0.015625
1 0.6109375 0.71484375 0.0453125 0.0234375
1 0.6125 0.73515625 0.0421875 0.0203125
1 0.6109375 0.75 0.0546875 0.0171875
1 0.60234375 0.7484375 0.0453125 0.0203125
1 0.5671875 0.7703125 0.0546875 0.0203125
1 0.58046875 0.78046875 0.0640625 0.021875
1 0.56171875 0.815625 0.0578125 0.025
1 0.55859375 0.8125 0.05 0.0296875
1 0.6015625 0.93984375 0.0578125 0.025