1 0.20234375 0.096875 0.05625 0.01875
1 0.21015625 0.059375 0.0578125 0.0234375
1 0.0953125 0.13046875 0.0609375 0.025
1 0.1203125 0.2453125 0.065625 0.0234375
1 0.04375 0.375 0.05625 0.034375
1 0.01640625 0.34140625 0.0328125 0.0265625
1 0.165625 0.34453125 0.0578125 0.025
1 0.20625 0.31953125 0.0546875 0.01875
1 0.1890625 0.28984375 0.05625 0.01875
1 0.18671875 0.27734375 0.05 0.0203125
1 0.1859375 0.24296875 0.059375 0.028125
1 0.165625 0.24140625 0.0546875 0.025
1 0.21171875 0.21484375 0.05625 0.01875
1 0.225 0.2203125 0.0625 0.0234375
1 0.2546875 0.2 0.05 0.0203125
1 0.25625 0.20546875 0.0484375 0.0203125
1 0.58125 0.45234375 0.06875 0.0328125
1 0.85 0.47421875 0.0640625 0.0234375
1 0.95078125 0.41015625 0.0515625 0.0203125
1 0.8859375 0.26796875 0.0640625 0.021875
1 0.99296875 0.18671875 0.0140625 0.0265625
1 0.9296875 0.10546875 0.0546875 0.021875
1 0.9203125 0.0875 0.053125 0.021875
1 0.77421875 0.0578125 0.0609375 0.025
0 0.93828125 0.38515625 0.0234375 0.0109375
1 0.2734375 0.4984375 0.084375 0.01875
1 0.37734375 0.5046875 0.0734375 0.03125
1 0.3453125 0.98984375 0.078125 0.0203125
1 0.29375 0.75546875 0.065625 0.0328125
1 0.5578125 0.50078125 0.0546875 0.021875
1 0.6609375 0.5359375 0.0421875 0.015625
1 0.7546875 0.56171875 0.0453125 0.0140625
1 0.8015625 0.5046875 0.0421875 0.015625
1 0.81484375 0.6109375 0.0328125 0.0171875
1 0.771875 0.696875 0.0328125 0.0140625
1 0.77109375 0.784375 0.0390625 0.021875
1 0.70625 0.81484375 0.0421875 0.015625
1 0.68515625 0.8328125 0.040625 0.0140625
1 0.59375 0.9796875 0.0484375 0.0234375
1 0.55 0.9828125 0.046875 0.0203125
1 0.503125 0.96953125 0.0546875 0.025
1 0.475 0.81953125 0.05 0.0234375
1 0.46875 0.80234375 0.0546875 0.021875
1 0.58046875 0.75078125 0.0546875 0.025
1 0.6984375 0.61875 0.0390625 0.01875
1 0.70390625 0.5921875 0.046875 0.01875