1 0.546875 0.4609375 0.025 0.0375
1 0.40703125 0.46796875 0.0609375 0.0296875
1 0.290625 0.40234375 0.0515625 0.025
1 0.5265625 0.20625 0.065625 0.034375
1 0.44921875 0.2390625 0.071875 0.034375
1 0.384375 0.2875 0.0640625 0.0296875
1 0.29375 0.2015625 0.0515625 0.025
1 0.3921875 0.20078125 0.0515625 0.025
1 0.31328125 0.1359375 0.0609375 0.0296875
1 0.33203125 0.12109375 0.046875 0.025
1 0.41875 0.05234375 0.0671875 0.0296875
1 0.43515625 0.059375 0.0671875 0.03125
1 0.21796875 0.00390625 0.0453125 0.0078125
1 0.19921875 0.0609375 0.0578125 0.0265625
0 0.59609375 0.1859375 0.0125 0.0078125
0 0.91015625 0.25625 0.0109375 0.0078125
0 0.828125 0.1859375 0.0109375 0.0078125
0 0.83203125 0.35390625 0.0140625 0.009375
0 0.9765625 0.35859375 0.0109375 0.0078125
0 0.96484375 0.48515625 0.0078125 0.0078125
0 0.74453125 0.503125 0.0109375 0.0078125
1 0.565625 0.3625 0.0125 0.01875
1 0.57578125 0.3578125 0.0328125 0.01875
1 0.628125 0.3140625 0.0484375 0.0203125
1 0.703125 0.2671875 0.040625 0.025
1 0.70703125 0.35625 0.0453125 0.025
1 0.6078125 0.403125 0.0453125 0.0203125
1 0.63203125 0.42578125 0.0453125 0.0203125
1 0.76484375 0.4671875 0.0484375 0.021875
0 0.653125 0.09921875 0.009375 0.00625
1 0.4515625 0.58515625 0.0671875 0.03125
1 0.3203125 0.64140625 0.0546875 0.028125
1 0.2203125 0.72890625 0.065625 0.034375
1 0.3296875 0.73828125 0.059375 0.0265625
1 0.459375 0.73125 0.0640625 0.0265625
1 0.46171875 0.82890625 0.0609375 0.03125
1 0.2796875 0.95625 0.046875 0.028125
1 0.8640625 0.96796875 0.1234375 0.05
1 0.76171875 0.89609375 0.109375 0.05
1 0.5953125 0.8078125 0.071875 0.034375
1 0.578125 0.80546875 0.0375 0.0359375