1 0.140625 0.36328125 0.0671875 0.0296875
1 0.15703125 0.3671875 0.0671875 0.025
1 0.3171875 0.25 0.09375 0.046875
1 0.1984375 0.15859375 0.084375 0.040625
1 0.053125 0.2 0.0765625 0.034375
1 0.0453125 0.21484375 0.071875 0.0375
1 0.01796875 0.2421875 0.0359375 0.03125
1 0.55 0.0671875 0.0625 0.03125
1 0.06875 0.76953125 0.0734375 0.034375
1 0.00859375 0.93046875 0.0171875 0.0203125
1 0.78671875 0.396875 0.0625 0.028125
1 0.79765625 0.43984375 0.0609375 0.0328125
1 0.82265625 0.44296875 0.0625 0.025
1 0.7015625 0.46796875 0.0578125 0.0234375
1 0.6859375 0.453125 0.0453125 0.0203125
1 0.68203125 0.459375 0.0484375 0.021875
1 0.6375 0.50546875 0.0453125 0.0203125
1 0.7890625 0.50546875 0.0578125 0.025
1 0.8203125 0.5734375 0.0578125 0.025
1 0.86796875 0.71640625 0.034375 0.0171875
1 0.853125 0.73203125 0.0546875 0.021875
1 0.84921875 0.73984375 0.05625 0.0234375
1 0.715625 0.76953125 0.05 0.0203125
1 0.65234375 0.715625 0.0390625 0.01875
1 0.64609375 0.68046875 0.0390625 0.01875
1 0.66328125 0.6234375 0.0421875 0.01875
1 0.70859375 0.60625 0.0421875 0.01875
1 0.72734375 0.653125 0.0453125 0.0203125
1 0.7234375 0.66484375 0.0453125 0.0234375