1 0.07734375 0.115625 0.0234375 0.0703125
1 0.06015625 0.03203125 0.0234375 0.0640625
1 0.2484375 0.0328125 0.01875 0.065625
1 0.2390625 0.046875 0.0203125 0.0671875
1 0.3296875 0.22578125 0.03125 0.0921875
1 0.440625 0.12421875 0.028125 0.0828125
0 0.565625 0.23828125 0.0140625 0.0234375
1 0.57578125 0.27109375 0.025 0.0828125
1 0.54609375 0.24296875 0.0171875 0.071875
1 0.5984375 0.23515625 0.025 0.0671875
1 0.609375 0.2375 0.025 0.0546875
1 0.49921875 0.14765625 0.0234375 0.0828125
1 0.6234375 0.06015625 0.0234375 0.0703125
1 0.84453125 0.0453125 0.01875 0.0671875
1 0.86171875 0.0234375 0.0171875 0.046875
1 0.9734375 0.04140625 0.025 0.0828125
1 0.86484375 0.33046875 0.0265625 0.0765625
1 0.12578125 0.45859375 0.015625 0.05
1 0.1421875 0.4984375 0.0109375 0.0453125
1 0.1765625 0.46484375 0.0125 0.0453125
1 0.2578125 0.45390625 0.0140625 0.040625
1 0.31484375 0.43828125 0.015625 0.040625
1 0.35546875 0.50703125 0.015625 0.046875
1 0.29375 0.38828125 0.0109375 0.0390625
1 0.34921875 0.384375 0.0140625 0.03125
1 0.41640625 0.38203125 0.0078125 0.0265625
1 0.41640625 0.38984375 0.009375 0.028125
1 0.44765625 0.37265625 0.0109375 0.0078125
1 0.465625 0.415625 0.00625 0.040625
1 0.4578125 0.41484375 0.0125 0.040625
1 0.76875 0.79609375 0.015625 0.05625
1 0.559375 0.8671875 0.0125 0.0515625
1 0.55234375 0.903125 0.009375 0.0359375
1 0.4953125 0.8203125 0.0109375 0.0390625
1 0.48046875 0.75390625 0.015625 0.046875