1 0.05078125 0.36171875 0.071875 0.034375
1 0.10078125 0.34140625 0.0796875 0.0296875
1 0.14609375 0.203125 0.0734375 0.0265625
1 0.09765625 0.13203125 0.0734375 0.028125
1 0.159375 0.05234375 0.0609375 0.025
1 0.23828125 0.07734375 0.0625 0.0328125
1 0.25390625 0.22109375 0.0546875 0.0234375
1 0.2328125 0.228125 0.0421875 0.0203125
1 0.31484375 0.2546875 0.0484375 0.025
1 0.3328125 0.35078125 0.0453125 0.0203125
0 0.9484375 0.10390625 0.0140625 0.0078125
1 0.86875 0.3765625 0.0453125 0.0203125
1 0.87890625 0.34453125 0.05 0.021875
1 0.8578125 0.3140625 0.0484375 0.01875
1 0.92109375 0.3265625 0.04375 0.0140625
1 0.92421875 0.3 0.0453125 0.021875
1 0.9171875 0.3625 0.05 0.021875
1 0.93671875 0.1734375 0.053125 0.028125
1 0.8234375 0.178125 0.0546875 0.025
1 0.92890625 0.02890625 0.046875 0.015625
1 0.953125 0.025 0.0515625 0.01875
1 0.98046875 0.10078125 0.0390625 0.0171875
1 0.9796875 0.14296875 0.040625 0.0171875
1 0.2609375 0.996875 0.05 0.00625
1 0.1953125 0.975 0.0484375 0.021875
1 0.13046875 0.96328125 0.0453125 0.0203125
1 0.090625 0.9359375 0.05625 0.028125
1 0.07890625 0.978125 0.0609375 0.0265625
1 0.01171875 0.984375 0.0234375 0.025
1 0.2609375 0.91171875 0.0484375 0.0234375
1 0.29609375 0.88125 0.0484375 0.0234375
1 0.271875 0.8765625 0.0421875 0.0203125
1 0.22578125 0.859375 0.0546875 0.01875
1 0.10390625 0.83359375 0.05625 0.028125
1 0.090625 0.69609375 0.0546875 0.021875
1 0.02421875 0.70546875 0.0484375 0.0296875
1 0.15390625 0.54609375 0.053125 0.021875
1 0.31484375 0.5453125 0.0453125 0.0203125
1 0.2421875 0.646875 0.053125 0.01875
1 0.34765625 0.7625 0.0421875 0.0171875
1 0.27578125 0.75078125 0.0484375 0.021875
0 0.203125 0.94375 0.0234375 0.0171875
1 0.6015625 0.984375 0.05625 0.0203125
1 0.5828125 0.971875 0.0453125 0.0203125
1 0.6265625 0.946875 0.0546875 0.021875
1 0.521875 0.78828125 0.0515625 0.021875
1 0.5578125 0.6640625 0.0625 0.0296875
1 0.621875 0.66953125 0.0578125 0.0234375
1 0.6296875 0.71875 0.0578125 0.0265625
1 0.6859375 0.65546875 0.04375 0.025
1 0.6984375 0.775 0.0421875 0.0203125
1 0.72734375 0.56875 0.0484375 0.025
1 0.6421875 0.53515625 0.0640625 0.0265625
1 0.74296875 0.47734375 0.0421875 0.0203125
1 0.8015625 0.53828125 0.0421875 0.0171875
1 0.78828125 0.540625 0.0390625 0.015625
0 0.7765625 0.5265625 0.0171875 0.009375