1 0.17734375 0.08828125 0.06875 0.0234375
1 0.221875 0.11875 0.078125 0.0171875
1 0.2375 0.2640625 0.071875 0.0140625
1 0.175 0.32265625 0.071875 0.015625
1 0.21953125 0.41328125 0.059375 0.015625
1 0.21484375 0.52265625 0.06875 0.0171875
1 0.2234375 0.5328125 0.06875 0.0265625
1 0.3015625 0.40546875 0.059375 0.0234375
1 0.346875 0.26796875 0.053125 0.015625
1 0.32734375 0.25703125 0.040625 0.0125
1 0.4125 0.2484375 0.046875 0.0171875
1 0.45078125 0.1578125 0.04375 0.0125
1 0.3828125 0.55234375 0.05 0.01875
0 0.215625 0.525 0.0203125 0.00625
1 0.5359375 0.6046875 0.053125 0.009375
1 0.53125 0.55703125 0.0625 0.0171875
1 0.5765625 0.5203125 0.05 0.0109375
1 0.5921875 0.48515625 0.05625 0.0109375
1 0.65546875 0.43203125 0.0484375 0.0109375
1 0.65234375 0.4234375 0.0328125 0.00625
1 0.60625 0.303125 0.046875 0.0109375
1 0.53359375 0.284375 0.046875 0.0109375
1 0.51953125 0.2546875 0.0453125 0.0109375
1 0.584375 0.1171875 0.0453125 0.0078125
1 0.6546875 0.18671875 0.0328125 0.0125
1 0.7 0.11953125 0.0375 0.009375
1 0.5765625 0.0890625 0.053125 0.0109375
1 0.5 0.04296875 0.040625 0.0140625
1 0.43828125 0.97734375 0.0625 0.015625
0 0.953125 0.99765625 0.021875 0.0046875
1 0.91328125 0.75234375 0.05625 0.0171875
1 0.9015625 0.825 0.059375 0.0171875
1 0.84765625 0.809375 0.05625 0.0140625
1 0.84609375 0.91953125 0.0578125 0.0171875
1 0.9109375 0.93046875 0.05625 0.0171875
1 0.796875 0.94921875 0.053125 0.0171875
1 0.815625 0.98046875 0.075 0.0171875
1 0.96640625 0.925 0.053125 0.0109375
1 0.96796875 0.8859375 0.0578125 0.0140625