1 0.21640625 0.00234375 0.0453125 0.0046875
1 0.15546875 0.00546875 0.0484375 0.0109375
1 0.13828125 0.0046875 0.0453125 0.009375
1 0.04296875 0.00234375 0.0609375 0.0046875
1 0.03046875 0.1359375 0.0609375 0.034375
1 0.07578125 0.15703125 0.0796875 0.0296875
1 0.12109375 0.2953125 0.0734375 0.0265625
1 0.07265625 0.36640625 0.0734375 0.028125
1 0.134375 0.44609375 0.0609375 0.025
1 0.153125 0.55390625 0.0703125 0.028125
1 0.16328125 0.56171875 0.071875 0.0375
1 0.21328125 0.42109375 0.0625 0.0328125
1 0.22890625 0.27734375 0.0546875 0.0234375
1 0.2078125 0.2703125 0.0421875 0.0203125
1 0.28984375 0.24375 0.0484375 0.025
1 0.3078125 0.14765625 0.0453125 0.0203125
1 0.3234375 0.54765625 0.053125 0.0265625
0 0.1546875 0.55546875 0.021875 0.009375
1 0.84453125 0.01328125 0.0640625 0.0234375
1 0.7453125 0.11015625 0.0734375 0.0296875
1 0.746875 0.1515625 0.0671875 0.028125
1 0.68203125 0.5625 0.0453125 0.0375
1 0.8265625 0.44609375 0.0734375 0.0265625
1 0.8109375 0.43359375 0.075 0.0359375
1 0.93515625 0.375 0.0609375 0.0265625
1 0.9765625 0.328125 0.046875 0.025
1 0.88359375 0.17109375 0.0578125 0.0265625
1 0.67890625 0.38125 0.0390625 0.034375
1 0.684375 0.309375 0.05 0.028125
1 0.70859375 0.2828125 0.0859375 0.034375
1 0.06875 0.96640625 0.121875 0.05
1 0.578125 0.75234375 0.0546875 0.01875
1 0.47421875 0.840625 0.0578125 0.0265625
1 0.51484375 0.82578125 0.0546875 0.021875
1 0.553125 0.83125 0.0578125 0.0265625
1 0.63359375 0.9484375 0.0515625 0.021875
1 0.3734375 0.99375 0.084375 0.0125
0 0.55546875 0.76015625 0.0109375 0.0078125
1 0.671875 0.91875 0.025 0.025
1 0.78828125 0.8671875 0.065625 0.0296875
1 0.7859375 0.828125 0.0640625 0.0265625
1 0.834375 0.74375 0.059375 0.03125