1 0.0046875 0.22109375 0.009375 0.0109375
1 0.03515625 0.01484375 0.0546875 0.0109375
1 0.521875 0.40859375 0.0734375 0.021875
1 0.446875 0.65390625 0.034375 0.0140625
1 0.4359375 0.26328125 0.0125 0.0140625
1 0.43515625 0.1296875 0.0109375 0.015625
1 0.4734375 0.0734375 0.0578125 0.021875
1 0.56015625 0.02734375 0.0703125 0.0203125
1 0.27421875 0.76953125 0.0640625 0.021875
1 0.21640625 0.88203125 0.0640625 0.0234375
1 0.3234375 0.94609375 0.0828125 0.0203125
1 0.3515625 0.953125 0.0640625 0.03125
1 0.26796875 0.99609375 0.0671875 0.0078125
1 0.22265625 0.990625 0.0671875 0.01875
1 0.16484375 0.98828125 0.0671875 0.0203125
1 0.1296875 0.928125 0.053125 0.0125
1 0.7796875 0.86015625 0.0546875 0.01875
0 0.7765625 0.86015625 0.0140625 0.009375
1 0.73984375 0.94296875 0.0546875 0.0125
1 0.71953125 0.97265625 0.0546875 0.009375
1 0.71875 0.9828125 0.0515625 0.009375
1 0.72578125 0.9859375 0.053125 0.009375
1 0.7234375 0.99453125 0.05 0.0109375