1 0.225 0.01640625 0.021875 0.0328125
1 0.26953125 0.01640625 0.0265625 0.0328125
1 0.42734375 0.0609375 0.0171875 0.04375
1 0.38828125 0.01171875 0.0171875 0.0234375
1 0.40234375 0.0046875 0.0171875 0.009375
1 0.396875 0.0078125 0.01875 0.015625
1 0.0328125 0.38125 0.021875 0.0515625
1 0.05078125 0.5140625 0.0265625 0.0515625
1 0.0703125 0.646875 0.0265625 0.0578125
1 0.18984375 0.67421875 0.025 0.0609375
1 0.390625 0.778125 0.0234375 0.0578125
1 0.32890625 0.984375 0.0328125 0.03125
1 0.48125 0.6828125 0.021875 0.059375
1 0.4828125 0.65625 0.0234375 0.0546875
1 0.490625 0.59296875 0.01875 0.0609375
1 0.2671875 0.52578125 0.0203125 0.05625
1 0.18515625 0.475 0.021875 0.0515625
1 0.1375 0.4703125 0.0265625 0.0578125
1 0.15859375 0.33203125 0.025 0.046875
1 0.18359375 0.35 0.0203125 0.0421875
1 0.30703125 0.41953125 0.0171875 0.0390625
1 0.34296875 0.4328125 0.025 0.0515625
0 0.15234375 0.35078125 0.0109375 0.0234375
1 0.54921875 0.4453125 0.0234375 0.0578125
1 0.66640625 0.41171875 0.0265625 0.0578125
1 0.69140625 0.31171875 0.0171875 0.0296875
1 0.83984375 0.403125 0.0171875 0.0421875
1 0.86171875 0.4 0.0171875 0.0328125
1 0.925 0.30703125 0.01875 0.0390625
1 0.9921875 0.36015625 0.015625 0.0421875
1 0.91171875 0.4890625 0.025 0.0515625
1 0.85234375 0.49765625 0.0203125 0.0515625
1 0.753125 0.51015625 0.021875 0.0484375
1 0.728125 0.6015625 0.0359375 0.065625
1 0.984375 0.5921875 0.0265625 0.0609375
0 0.55078125 0.46875 0.009375 0.0125