1 0.11640625 0.23984375 0.0203125 0.0421875
1 0.15859375 0.28203125 0.0234375 0.0484375
1 0.20234375 0.28046875 0.0265625 0.053125
1 0.2171875 0.22734375 0.0140625 0.0359375
1 0.2140625 0.20859375 0.0125 0.03125
1 0.20859375 0.21328125 0.0125 0.028125
1 0.36015625 0.32734375 0.0171875 0.0234375
1 0.32109375 0.2796875 0.0171875 0.0390625
1 0.30546875 0.25703125 0.01875 0.0453125
1 0.31328125 0.259375 0.015625 0.0390625
1 0.31796875 0.2546875 0.0140625 0.034375
1 0.346875 0.24921875 0.0171875 0.0390625
1 0.35703125 0.25 0.0171875 0.0390625
1 0.3359375 0.26796875 0.0171875 0.0375
1 0.33359375 0.2625 0.015625 0.0390625
1 0.33046875 0.26875 0.01875 0.046875
1 0.7328125 0.309375 0.0203125 0.0515625
1 0.61875 0.28125 0.0234375 0.0546875
1 0.5234375 0.2203125 0.009375 0.0375
1 0.3015625 0.671875 0.03125 0.078125
1 0.36875 0.721875 0.028125 0.0734375
1 0.3796875 0.58046875 0.0234375 0.0609375
1 0.390625 0.5734375 0.0234375 0.0578125
1 0.42109375 0.5703125 0.0265625 0.0625
1 0.45390625 0.5203125 0.0265625 0.046875
1 0.31875 0.58515625 0.0203125 0.053125
1 0.32421875 0.54609375 0.0203125 0.0453125
1 0.30234375 0.52890625 0.0203125 0.05
1 0.28671875 0.528125 0.0296875 0.0671875
1 0.23046875 0.51875 0.021875 0.059375
1 0.2296875 0.55390625 0.0234375 0.0484375
1 0.2 0.55078125 0.028125 0.0671875
1 0.2328125 0.5890625 0.021875 0.05625
1 0.13828125 0.4765625 0.0203125 0.0453125
1 0.140625 0.4703125 0.015625 0.040625
1 0.13359375 0.46640625 0.01875 0.046875
1 0.1796875 0.45234375 0.0203125 0.0484375
1 0.17109375 0.4890625 0.0234375 0.040625
1 0.3828125 0.35390625 0.021875 0.0296875
0 0.384375 0.36171875 0.0078125 0.0109375
1 0.60546875 0.64296875 0.0234375 0.0515625
1 0.60625 0.5953125 0.0203125 0.0453125
1 0.884375 0.60546875 0.0171875 0.0359375
1 0.90625 0.67109375 0.021875 0.0359375
1 0.8109375 0.8046875 0.0265625 0.0578125
1 0.83046875 0.84296875 0.0296875 0.0625
1 0.9546875 0.75546875 0.0234375 0.0484375
1 0.9890625 0.78828125 0.021875 0.0546875