1 0.00859375 0.10390625 0.0171875 0.0109375
1 0.0171875 0.14765625 0.034375 0.0109375
1 0.03359375 0.2640625 0.046875 0.0140625
0 0.68828125 0.13125 0.015625 0.0046875
1 0.35859375 0.815625 0.040625 0.015625
1 0.27109375 0.85859375 0.03125 0.0078125
1 0.2875 0.78984375 0.034375 0.0078125
1 0.22265625 0.759375 0.025 0.0078125
1 0.240625 0.66328125 0.0328125 0.0078125
1 0.32109375 0.64375 0.034375 0.0109375
1 0.1765625 0.725 0.025 0.0078125
1 0.1953125 0.73359375 0.0265625 0.0109375
1 0.11796875 0.7359375 0.021875 0.009375
1 0.146875 0.69140625 0.021875 0.0078125
1 0.1546875 0.6421875 0.025 0.0078125
1 0.14453125 0.8859375 0.021875 0.00625
1 0.12890625 0.96953125 0.01875 0.00625
0 0.240625 0.8734375 0.015625 0.009375
0 0.23046875 0.75234375 0.00625 0.00625
0 0.19609375 0.728125 0.0125 0.00625
1 0.94296875 0.68203125 0.08125 0.01875
1 0.7484375 0.54375 0.06875 0.009375
1 0.7515625 0.6109375 0.053125 0.0125
1 0.740625 0.6421875 0.0515625 0.0125
1 0.66640625 0.5890625 0.0515625 0.015625
1 0.6625 0.61015625 0.0578125 0.0109375
1 0.6578125 0.809375 0.053125 0.009375
1 0.9078125 0.67265625 0.084375 0.01875