1 0.4875 0.3140625 0.071875 0.0390625
1 0.43046875 0.31640625 0.065625 0.034375
1 0.4203125 0.3375 0.0625 0.0328125
1 0.3859375 0.31171875 0.0671875 0.028125
1 0.25625 0.29375 0.0484375 0.025
1 0.1921875 0.265625 0.0328125 0.015625
1 0.1953125 0.259375 0.03125 0.0140625
1 0.22421875 0.1765625 0.0421875 0.0234375
1 0.2578125 0.1265625 0.0484375 0.0203125
1 0.26328125 0.08046875 0.0453125 0.0203125
1 0.18125 0.025 0.040625 0.015625
1 0.1765625 0.03203125 0.0421875 0.01875
1 0.1578125 0.0984375 0.0359375 0.0203125
1 0.175 0.12734375 0.0421875 0.0234375
1 0.12578125 0.0859375 0.0390625 0.021875
1 0.1859375 0.89453125 0.0828125 0.034375
1 0.1265625 0.940625 0.08125 0.040625
1 0.1 0.846875 0.06875 0.034375
1 0.02421875 0.63828125 0.0484375 0.0296875
1 0.07890625 0.6359375 0.0671875 0.03125
1 0.15 0.63046875 0.078125 0.03125
1 0.1421875 0.61640625 0.084375 0.0328125
1 0.10390625 0.58125 0.0796875 0.0453125
1 0.103125 0.53671875 0.084375 0.040625
1 0.05859375 0.5640625 0.0796875 0.0328125
1 0.034375 0.55625 0.06875 0.0375
1 0.0890625 0.41484375 0.084375 0.0109375
1 0.02734375 0.44296875 0.05 0.0265625
1 0.02109375 0.44453125 0.0421875 0.0359375
0 0.85703125 0.5578125 0.0140625 0.009375
1 0.95546875 0.9296875 0.0390625 0.021875
1 0.8875 0.65859375 0.0359375 0.0171875
1 0.8609375 0.7125 0.0328125 0.015625
1 0.81328125 0.69765625 0.0296875 0.015625
1 0.83984375 0.625 0.0296875 0.015625
1 0.87578125 0.6296875 0.0328125 0.0140625
1 0.8578125 0.5578125 0.0296875 0.0125
1 0.91171875 0.5453125 0.034375 0.0140625
1 0.89375 0.4828125 0.028125 0.0125
1 0.83125 0.47734375 0.0296875 0.0125
1 0.81328125 0.50859375 0.0328125 0.015625
1 0.8140625 0.56171875 0.028125 0.0125
1 0.7984375 0.578125 0.025 0.0125
1 0.77265625 0.584375 0.0265625 0.015625
1 0.79140625 0.55390625 0.028125 0.0125
1 0.7609375 0.4828125 0.025 0.0125
1 0.78046875 0.415625 0.028125 0.0125