1 0.27578125 0.0828125 0.0265625 0.0125
1 0.275 0.09765625 0.028125 0.0109375
1 0.3859375 0.26953125 0.1046875 0.0359375
1 0.675 0.25625 0.071875 0.0171875
1 0.73671875 0.296875 0.0546875 0.01875
1 0.91640625 0.32578125 0.05 0.0125
1 0.9390625 0.18984375 0.04375 0.0140625
1 0.85078125 0.16015625 0.05625 0.0125
1 0.85625 0.084375 0.05625 0.0125
1 0.69296875 0.0078125 0.0796875 0.015625
1 0.971875 0.11484375 0.040625 0.0109375
0 0.2796875 0.40625 0.015625 0.0109375
1 0.14140625 0.409375 0.0765625 0.0328125
1 0.3875 0.91484375 0.034375 0.0140625
1 0.3296875 0.778125 0.046875 0.0125
1 0.403125 0.75390625 0.03125 0.0109375
1 0.33671875 0.53203125 0.046875 0.015625
1 0.44765625 0.76484375 0.0375 0.009375
1 0.46171875 0.81015625 0.0296875 0.0078125
1 0.4796875 0.8078125 0.034375 0.009375
1 0.49921875 0.82265625 0.025 0.0078125
1 0.54375 0.83984375 0.028125 0.0078125
1 0.5015625 0.896875 0.03125 0.009375
1 0.4734375 0.92109375 0.0328125 0.0078125
1 0.50625 0.76796875 0.034375 0.009375
1 0.5171875 0.74296875 0.0234375 0.0078125
1 0.48515625 0.7125 0.03125 0.0109375
1 0.45390625 0.69375 0.028125 0.0078125
1 0.46171875 0.66640625 0.028125 0.0109375
1 0.46171875 0.5703125 0.034375 0.0125
1 0.5125 0.615625 0.0328125 0.0078125
1 0.54296875 0.6796875 0.025 0.009375
1 0.4578125 0.39921875 0.0359375 0.0125
0 0.44765625 0.659375 0.0125 0.0078125