1 0.44140625 0.22890625 0.0046875 0.0609375
1 0.4640625 0.21640625 0.015625 0.0609375
1 0.540625 0.2796875 0.015625 0.06875
1 0.8203125 0.29609375 0.01875 0.0640625
1 0.9359375 0.3015625 0.01875 0.05625
1 0.953125 0.14296875 0.0125 0.04375
1 0.03515625 0.72421875 0.0125 0.040625
1 0.03203125 0.803125 0.0171875 0.05
1 0.06640625 0.7765625 0.0078125 0.04375
1 0.07109375 0.746875 0.009375 0.0375
1 0.05078125 0.74765625 0.0171875 0.0375
1 0.1546875 0.7625 0.0140625 0.040625
1 0.121875 0.7953125 0.0140625 0.05
1 0.1515625 0.71796875 0.009375 0.0359375
1 0.159375 0.7140625 0.0109375 0.040625
1 0.26484375 0.7359375 0.0109375 0.040625
1 0.22890625 0.8328125 0.0125 0.05625
1 0.19296875 0.878125 0.015625 0.059375
1 0.29296875 0.80703125 0.0125 0.046875
0 0.6046875 0.47890625 0.00625 0.0140625
0 0.4828125 0.56875 0.0078125 0.01875
0 0.5328125 0.68046875 0.00625 0.0140625
0 0.6375 0.72421875 0.00625 0.0140625
0 0.65625 0.63359375 0.003125 0.0109375
0 0.7390625 0.75625 0.0078125 0.015625
0 0.7046875 0.86171875 0.009375 0.015625
0 0.81171875 0.8359375 0.0046875 0.0125
0 0.91875 0.82734375 0.00625 0.009375
0 0.8125 0.64140625 0.00625 0.015625
0 0.746875 0.4890625 0.00625 0.0140625
0 0.91015625 0.47421875 0.0046875 0.0109375
0 0.996875 0.75 0.003125 0.0109375
1 0.9390625 0.634375 0.0125 0.053125
1 0.8546875 0.67734375 0.0140625 0.053125
1 0.89375 0.52265625 0.0109375 0.04375
1 0.9828125 0.4890625 0.009375 0.040625
1 0.996875 0.6828125 0.00625 0.046875
1 0.9984375 0.6390625 0.003125 0.05
1 0.934375 0.74375 0.0171875 0.053125
1 0.7859375 0.71328125 0.0171875 0.040625
1 0.915625 0.56875 0.0125 0.05
1 0.9984375 0.5375 0.003125 0.04375
1 0.67734375 0.5171875 0.0109375 0.04375
1 0.63125 0.8421875 0.015625 0.046875
1 0.85 0.590625 0.0140625 0.05
1 0.784375 0.56484375 0.0140625 0.04375
1 0.63203125 0.6078125 0.015625 0.05