1 0.33046875 0.31640625 0.0484375 0.015625
1 0.3203125 0.29453125 0.04375 0.0109375
1 0.359375 0.2875 0.0375 0.0109375
1 0.36953125 0.27265625 0.0375 0.0171875
1 0.38671875 0.25703125 0.0359375 0.0109375
1 0.3484375 0.21640625 0.04375 0.009375
1 0.38359375 0.20546875 0.034375 0.0109375
1 0.284375 0.2 0.05 0.0125
1 0.30078125 0.15078125 0.05 0.01875
1 0.36484375 0.1078125 0.0375 0.0140625
1 0.390625 0.13515625 0.034375 0.0109375
1 0.39140625 0.090625 0.040625 0.0140625
1 0.3453125 0.0375 0.0375 0.009375
1 0.31640625 0.07421875 0.0390625 0.0109375
1 0.3796875 0.01328125 0.0375 0.0109375
1 0.9421875 0.19140625 0.06875 0.015625
1 0.94375 0.278125 0.0609375 0.01875
1 0.9890625 0.28984375 0.021875 0.0234375
1 0.9890625 0.3125 0.021875 0.015625
1 0.97578125 0.334375 0.0484375 0.015625
1 0.98671875 0.375 0.0265625 0.015625
1 0.92265625 0.459375 0.053125 0.015625
1 0.97578125 0.11640625 0.0484375 0.0109375
0 0.996875 0.11953125 0.00625 0.0078125
1 0.021875 0.575 0.04375 0.01875
1 0.11953125 0.51328125 0.0234375 0.0265625
1 0.12734375 0.5265625 0.040625 0.0171875
1 0.15546875 0.54453125 0.040625 0.0109375
1 0.153125 0.5875 0.04375 0.0140625
1 0.175 0.6171875 0.040625 0.0078125
1 0.1078125 0.6203125 0.046875 0.015625
1 0.109375 0.65546875 0.04375 0.0109375
1 0.13359375 0.71015625 0.040625 0.0109375
0 0.13671875 0.61328125 0.015625 0.0109375
1 0.13671875 0.8078125 0.0515625 0.0171875
0 0.49765625 0.9140625 0.025 0.0109375
1 0.471875 0.91171875 0.065625 0.0203125
1 0.60078125 0.9 0.071875 0.01875
1 0.63828125 0.809375 0.06875 0.01875
1 0.55234375 0.66328125 0.0875 0.0203125
1 0.78671875 0.625 0.059375 0.01875
1 0.75234375 0.81015625 0.059375 0.015625
1 0.82421875 0.86953125 0.0625 0.0140625