1 0.1484375 0.14140625 0.05 0.0234375
1 0.1625 0.12265625 0.0453125 0.0203125
1 0.12578125 0.1078125 0.0390625 0.01875
1 0.11875 0.09140625 0.040625 0.025
1 0.1046875 0.07265625 0.0375 0.0171875
1 0.15 0.040625 0.04375 0.01875
1 0.1171875 0.02265625 0.0359375 0.0171875
1 0.21640625 0.0359375 0.0515625 0.021875
1 0.6125 0.3671875 0.025 0.03125
1 0.62421875 0.3515625 0.0484375 0.028125
1 0.62578125 0.203125 0.0515625 0.025
1 0.61484375 0.09765625 0.0296875 0.0234375
1 0.6109375 0.0890625 0.021875 0.025
1 0.71171875 0.04453125 0.0625 0.0328125
1 0.27421875 0.7765625 0.0546875 0.028125
0 0.27109375 0.77578125 0.015625 0.0109375
1 0.2625 0.6859375 0.0546875 0.021875
1 0.2515625 0.65078125 0.0546875 0.01875
1 0.2546875 0.640625 0.0515625 0.01875
1 0.2625 0.63984375 0.053125 0.01875
1 0.2625 0.63046875 0.05 0.0203125
1 0.26484375 0.6140625 0.05625 0.0234375
1 0.26484375 0.6140625 0.04375 0.0171875
1 0.25703125 0.58359375 0.05 0.01875
1 0.28828125 0.5859375 0.05 0.0203125
1 0.28125 0.57890625 0.0453125 0.0171875
1 0.28359375 0.5453125 0.0484375 0.0203125
1 0.2921875 0.53359375 0.05 0.0203125
1 0.30234375 0.5171875 0.0578125 0.0234375
1 0.28515625 0.503125 0.05 0.0203125
1 0.30703125 0.453125 0.05625 0.0234375
1 0.3390625 0.440625 0.0546875 0.021875
1 0.6109375 0.86015625 0.021875 0.0328125
1 0.60703125 0.86328125 0.0140625 0.0296875
1 0.6125 0.6671875 0.025 0.034375
1 0.959375 0.44921875 0.08125 0.0390625
1 0.76484375 0.6515625 0.084375 0.04375