1 0.56171875 0.06171875 0.0359375 0.0265625
1 0.56484375 0.078125 0.0296875 0.021875
1 0.46640625 0.09296875 0.0640625 0.025
1 0.29921875 0.171875 0.046875 0.0203125
0 0.853125 0.27578125 0.009375 0.00625
0 0.803125 0.159375 0.00625 0.00625
0 0.6734375 0.1296875 0.0109375 0.0046875
0 0.5875 0.2109375 0.009375 0.00625
1 0.79453125 0.0265625 0.0609375 0.0171875
1 0.61796875 0.23828125 0.046875 0.0140625
1 0.0640625 0.6125 0.05625 0.015625
1 0.01796875 0.734375 0.0359375 0.015625
1 0.0125 0.93203125 0.025 0.0171875
1 0.23125 0.94765625 0.0640625 0.0234375
0 0.83984375 0.37734375 0.0234375 0.0140625
1 0.99140625 0.88515625 0.0171875 0.0234375
1 0.94296875 0.909375 0.059375 0.0203125
1 0.9328125 0.86953125 0.0578125 0.01875
1 0.86953125 0.8953125 0.040625 0.015625
1 0.83515625 0.925 0.0375 0.015625