1 0.45390625 0.01328125 0.0640625 0.025
1 0.428125 0.14921875 0.06875 0.021875
1 0.3 0.16171875 0.05625 0.01875
1 0.309375 0.13671875 0.0328125 0.0296875
0 0.31796875 0.1578125 0.0171875 0.0078125
1 0.1890625 0.22109375 0.0453125 0.0140625
1 0.1328125 0.11640625 0.05625 0.0171875
1 0.08046875 0.0625 0.05 0.0203125
1 0.08125 0.14375 0.05 0.01875
1 0.0296875 0.18515625 0.0453125 0.0125
1 0.05390625 0.253125 0.0453125 0.01875
1 0.096875 0.29140625 0.0484375 0.01875
1 0.67109375 0.33203125 0.090625 0.025
1 0.53984375 0.15390625 0.071875 0.021875
0 0.04296875 0.3546875 0.0234375 0.009375
1 0.1734375 0.35703125 0.075 0.0140625
1 0.46875 0.634375 0.0625 0.034375
1 0.30546875 0.76328125 0.1015625 0.03125
1 0.29921875 0.98828125 0.090625 0.021875
1 0.15234375 0.95703125 0.0796875 0.01875
1 0.05 0.8578125 0.075 0.0234375
1 0.11875 0.7484375 0.0734375 0.01875
1 0.18359375 0.73359375 0.084375 0.021875
1 0.05 0.64453125 0.0625 0.021875
1 0.01328125 0.64375 0.0265625 0.015625
1 0.0453125 0.540625 0.0640625 0.0359375
1 0.2296875 0.534375 0.084375 0.01875
1 0.01484375 0.38359375 0.0296875 0.0203125
1 0.01328125 0.3625 0.0265625 0.025
0 0.58515625 0.77734375 0.0078125 0.003125
1 0.5125 0.89921875 0.025 0.0078125
1 0.509375 0.89140625 0.01875 0.0078125
1 0.51796875 0.87890625 0.0265625 0.0078125
1 0.5140625 0.871875 0.028125 0.00625
1 0.51953125 0.86484375 0.021875 0.003125
1 0.5125 0.859375 0.025 0.0078125
1 0.5234375 0.8609375 0.021875 0.003125
1 0.5390625 0.859375 0.028125 0.0078125
1 0.52890625 0.85546875 0.028125 0.0046875
1 0.52421875 0.8484375 0.021875 0.0046875
1 0.51875 0.8421875 0.0265625 0.0078125
1 0.51796875 0.7078125 0.025 0.00625
1 0.571875 0.68671875 0.025 0.00625
1 0.540625 0.68984375 0.0234375 0.00625
1 0.52890625 0.69453125 0.0234375 0.00625
1 0.51953125 0.6953125 0.021875 0.003125
1 0.51484375 0.6984375 0.025 0.0046875
1 0.51015625 0.68984375 0.0203125 0.0046875
1 0.51328125 0.6828125 0.025 0.0078125
1 0.52734375 0.6796875 0.028125 0.0078125