1 0.365625 0.046875 0.028125 0.0703125
1 0.33203125 0.1703125 0.025 0.0578125
1 0.3578125 0.165625 0.0328125 0.034375
0 0.3390625 0.15390625 0.009375 0.01875
1 0.0921875 0.06875 0.0328125 0.078125
1 0.0765625 0.06953125 0.0265625 0.065625
1 0.053125 0.184375 0.028125 0.0640625
1 0.25390625 0.2703125 0.01875 0.046875
1 0.346875 0.34296875 0.0234375 0.0578125
1 0.38359375 0.40390625 0.0109375 0.0515625
1 0.31171875 0.38984375 0.0234375 0.0515625
1 0.26171875 0.4328125 0.0171875 0.046875
1 0.19921875 0.39765625 0.0234375 0.046875
1 0.16875 0.3484375 0.0234375 0.05
1 0.43671875 0.36171875 0.0375 0.1125
1 0.54140625 0.4453125 0.0359375 0.0875
1 0.621875 0.45390625 0.028125 0.0703125
1 0.6140625 0.3328125 0.0265625 0.103125
1 0.52109375 0.2953125 0.028125 0.0828125
1 0.5046875 0.24375 0.0234375 0.0828125
1 0.71328125 0.340625 0.0296875 0.0984375
1 0.746875 0.41953125 0.028125 0.1015625
1 0.7828125 0.34140625 0.0296875 0.1015625
1 0.825 0.34140625 0.0203125 0.084375
1 0.87265625 0.29921875 0.025 0.0890625
1 0.0078125 0.60234375 0.0125 0.04375
1 0.00703125 0.6328125 0.0125 0.0375
1 0.0921875 0.63359375 0.01875 0.0421875
1 0.06640625 0.5953125 0.0171875 0.0515625
1 0.08046875 0.6765625 0.0125 0.0359375
1 0.0875 0.68203125 0.015625 0.0421875
1 0.1953125 0.68125 0.015625 0.0421875
1 0.17890625 0.578125 0.0171875 0.05625
1 0.1515625 0.52734375 0.0203125 0.0609375
1 0.23671875 0.61640625 0.015625 0.0484375
1 0.4234375 0.96328125 0.0234375 0.0546875
1 0.63359375 0.87890625 0.0234375 0.0640625
1 0.6 0.984375 0.021875 0.03125
1 0.81484375 0.98515625 0.0203125 0.0296875
1 0.83828125 0.98515625 0.0203125 0.0296875