1 0.35625 0.09921875 0.09375 0.0234375
1 0.55078125 0.234375 0.0703125 0.034375
1 0.4171875 0.340625 0.0765625 0.0296875
1 0.55390625 0.115625 0.0578125 0.0203125
1 0.5984375 0.14296875 0.040625 0.0234375
1 0.60390625 0.19765625 0.0296875 0.0203125
1 0.5703125 0.19921875 0.0625 0.0234375
1 0.61171875 0.0109375 0.0140625 0.021875
1 0.6515625 0.221875 0.0546875 0.0171875
1 0.64921875 0.178125 0.0453125 0.015625
1 0.634375 0.15859375 0.03125 0.0140625
1 0.6671875 0.153125 0.034375 0.0125
1 0.67734375 0.1578125 0.040625 0.009375
1 0.72578125 0.171875 0.0484375 0.0171875
1 0.76328125 0.12265625 0.0515625 0.0171875
1 0.6625 0.06875 0.0484375 0.0171875
1 0.7578125 0.30078125 0.053125 0.0125
1 0.14375 0.5078125 0.0609375 0.0265625
1 0.0171875 0.51875 0.034375 0.028125
1 0.0203125 0.6296875 0.040625 0.021875
1 0.16328125 0.6625 0.0578125 0.0171875
1 0.22578125 0.628125 0.0546875 0.0171875
1 0.2578125 0.615625 0.0609375 0.021875
1 0.30234375 0.58125 0.0625 0.0203125
1 0.3265625 0.74453125 0.0546875 0.0171875
1 0.24375 0.83359375 0.05 0.0203125
1 0.13359375 0.7515625 0.0546875 0.0203125
1 0.17109375 0.809375 0.0515625 0.0171875
1 0.2453125 0.99453125 0.05 0.0109375
1 0.30234375 0.91015625 0.040625 0.009375
1 0.69921875 0.3984375 0.053125 0.0140625
1 0.6734375 0.4984375 0.05 0.0140625
1 0.70234375 0.5640625 0.0484375 0.0140625
1 0.75546875 0.58046875 0.053125 0.0140625
1 0.7046875 0.8890625 0.0578125 0.0171875
1 0.75234375 0.80078125 0.05 0.0140625
1 0.71796875 0.69140625 0.0484375 0.0140625
1 0.65703125 0.73359375 0.0515625 0.0109375
1 0.66328125 0.728125 0.053125 0.0125
1 0.6375 0.67109375 0.0375 0.0140625
1 0.6421875 0.66328125 0.046875 0.0171875
1 0.6453125 0.63984375 0.0515625 0.0171875