1 0.4015625 0.35546875 0.0765625 0.021875
1 0.40625 0.47109375 0.0734375 0.028125
1 0.23359375 0.5140625 0.0703125 0.009375
1 0.24296875 0.253125 0.0859375 0.025
1 0.17109375 0.15390625 0.09375 0.0234375
1 0.01328125 0.425 0.0265625 0.0375
1 0.36328125 0.10390625 0.0578125 0.0203125
1 0.41484375 0.06640625 0.065625 0.0234375
1 0.4140625 0.0109375 0.0609375 0.0203125
1 0.36484375 0.01875 0.0625 0.0234375
1 0.478125 0.06796875 0.0640625 0.0171875
1 0.46015625 0.1921875 0.0578125 0.021875
1 0.5234375 0.33671875 0.053125 0.0203125
1 0.43203125 0.24453125 0.0578125 0.0234375
0 0.22421875 0.36484375 0.0421875 0.015625
1 0.60234375 0.275 0.0390625 0.0125
1 0.69140625 0.28671875 0.0390625 0.0125
1 0.71015625 0.29375 0.040625 0.0125
1 0.60703125 0.33984375 0.0515625 0.015625
1 0.590625 0.11640625 0.0390625 0.0125
1 0.55859375 0.059375 0.0171875 0.015625
1 0.65234375 0.06796875 0.0421875 0.015625
1 0.6375 0.090625 0.0421875 0.0140625
1 0.63359375 0.3890625 0.0453125 0.015625
1 0.065625 0.57421875 0.0796875 0.0296875
1 0.18515625 0.521875 0.0734375 0.00625
1 0.43828125 0.60078125 0.05 0.0203125
1 0.4171875 0.68359375 0.0546875 0.0203125
1 0.3015625 0.75859375 0.0625 0.025
1 0.30078125 0.7859375 0.0578125 0.0171875
1 0.26015625 0.9328125 0.0640625 0.021875
1 0.2046875 0.91796875 0.0859375 0.0296875
1 0.515625 0.84375 0.05 0.0171875
1 0.4421875 0.93359375 0.0484375 0.0171875
0 0.046875 0.615625 0.034375 0.01875
0 0.81484375 0.55703125 0.00625 0.003125
0 0.79453125 0.64375 0.00625 0.003125
0 0.7984375 0.7453125 0.009375 0.0046875
0 0.89140625 0.75859375 0.00625 0.003125
0 0.84375 0.84140625 0.0078125 0.003125
1 0.71171875 0.79375 0.06875 0.0203125
1 0.9203125 0.521875 0.034375 0.00625
1 0.90078125 0.54765625 0.0359375 0.0125
1 0.88515625 0.57109375 0.040625 0.0109375
1 0.84765625 0.640625 0.04375 0.0125
1 0.9421875 0.6328125 0.03125 0.0078125
1 0.9484375 0.71328125 0.0328125 0.0109375
1 0.9328125 0.57578125 0.0296875 0.009375
1 0.96796875 0.52421875 0.028125 0.009375
1 0.97734375 0.5375 0.03125 0.009375
1 0.89765625 0.9328125 0.046875 0.015625
1 0.9421875 0.88359375 0.0359375 0.009375
0 0.92734375 0.878125 0.0078125 0.003125