1 0.096875 0.49921875 0.065625 0.0203125
1 0.1515625 0.38125 0.065625 0.0265625
1 0.2578125 0.146875 0.0765625 0.0265625
1 0.24765625 0.26171875 0.075 0.03125
1 0.415625 0.32578125 0.071875 0.034375
1 0.3859375 0.35 0.0828125 0.0265625
1 0.421875 0.05234375 0.0859375 0.028125
1 0.07578125 0.00234375 0.0546875 0.0046875
1 0.134375 0.121875 0.0578125 0.0234375
1 0.23359375 0.034375 0.0578125 0.0265625
0 0.434375 0.165625 0.0421875 0.01875
1 0.5171875 0.35703125 0.015625 0.0296875
1 0.634375 0.378125 0.06875 0.03125
1 0.6515625 0.2671875 0.0625 0.025
1 0.5234375 0.20078125 0.028125 0.0203125
1 0.5578125 0.12109375 0.0546875 0.0234375
1 0.53515625 0.05625 0.0515625 0.01875
0 0.23359375 0.5109375 0.0078125 0.003125
0 0.353125 0.6828125 0.00625 0.00625
0 0.23203125 0.66640625 0.009375 0.0046875
0 0.1390625 0.6578125 0.0078125 0.0046875
0 0.11328125 0.8078125 0.009375 0.00625
0 0.1640625 0.84140625 0.00625 0.00625
0 0.27265625 0.89921875 0.0078125 0.0046875
0 0.30625 0.9328125 0.00625 0.00625
0 0.16484375 0.99375 0.009375 0.00625
0 0.109375 0.978125 0.009375 0.0046875
0 0.0859375 0.93984375 0.00625 0.0046875
1 0.29296875 0.9890625 0.0546875 0.021875
1 0.30234375 0.8609375 0.0640625 0.0203125
1 0.240625 0.8453125 0.0546875 0.0234375
1 0.21796875 0.8890625 0.0578125 0.0203125
1 0.17890625 0.809375 0.0453125 0.0171875
1 0.1328125 0.92265625 0.0390625 0.0171875
1 0.17578125 0.715625 0.053125 0.0203125
1 0.12265625 0.6671875 0.034375 0.0125
1 0.11015625 0.6609375 0.0375 0.0109375
1 0.18203125 0.62109375 0.0484375 0.021875
1 0.1578125 0.53828125 0.0453125 0.01875
1 0.26640625 0.7125 0.0546875 0.0203125
1 0.7390625 0.634375 0.0609375 0.025
1 0.62734375 0.66484375 0.0484375 0.0171875
1 0.646875 0.72265625 0.0484375 0.01875
1 0.78671875 0.98515625 0.0640625 0.0265625
1 0.61015625 0.85859375 0.0421875 0.01875
1 0.5796875 0.834375 0.0359375 0.0171875
1 0.55859375 0.8390625 0.03125 0.0140625
1 0.55703125 0.85859375 0.0328125 0.0140625
1 0.553125 0.9171875 0.0328125 0.0140625
1 0.56875 0.9359375 0.0296875 0.0109375
1 0.55078125 0.9421875 0.03125 0.0140625
1 0.5234375 0.940625 0.028125 0.0125
1 0.525 0.971875 0.0296875 0.0125
1 0.61953125 0.99296875 0.0359375 0.0140625
0 0.596875 0.7859375 0.01875 0.0109375