1 0.1375 0.03125 0.0859375 0.0234375
1 0.16484375 0.26328125 0.071875 0.015625
1 0.17734375 0.32421875 0.0828125 0.021875
1 0.12421875 0.39453125 0.0859375 0.021875
1 0.23828125 0.36796875 0.0609375 0.01875
1 0.25625 0.3875 0.0578125 0.021875
1 0.296875 0.33046875 0.053125 0.0140625
1 0.31015625 0.32578125 0.0640625 0.015625
1 0.209375 0.50390625 0.05625 0.015625
1 0.134375 0.51328125 0.071875 0.0125
1 0.17578125 0.51328125 0.059375 0.0125
1 0.17734375 0.52421875 0.065625 0.015625
1 0.2015625 0.54453125 0.0640625 0.0125
1 0.19375 0.56796875 0.0625 0.015625
1 0.159375 0.59296875 0.06875 0.015625
1 0.1171875 0.6625 0.075 0.01875
1 0.1546875 0.73515625 0.084375 0.0078125
0 0.64140625 0.4140625 0.021875 0.0109375
1 0.68203125 0.4078125 0.0953125 0.0296875
1 0.803125 0.39140625 0.0734375 0.0203125
1 0.9 0.45234375 0.071875 0.015625
1 0.93984375 0.39140625 0.05625 0.0140625
1 0.96796875 0.384375 0.059375 0.0125
1 0.98046875 0.4296875 0.0390625 0.015625
1 0.971875 0.4703125 0.05625 0.015625
1 0.9265625 0.55703125 0.05625 0.015625
1 0.878125 0.55 0.06875 0.015625
1 0.93671875 0.57578125 0.06875 0.01875
1 0.834375 0.62578125 0.065625 0.0203125
1 0.771875 0.6703125 0.065625 0.015625
1 0.98046875 0.7078125 0.0390625 0.015625
1 0.91796875 0.1328125 0.071875 0.015625
1 0.86171875 0.00546875 0.0734375 0.0109375
1 0.97578125 0.0546875 0.0484375 0.015625
1 0.33515625 0.925 0.0671875 0.0234375
1 0.18828125 0.90390625 0.0625 0.0125
1 0.24765625 0.83828125 0.0671875 0.015625
1 0.41640625 0.915625 0.05625 0.015625
1 0.4421875 0.88359375 0.046875 0.015625
0 0.4609375 0.97421875 0.0125 0.0078125
0 0.3359375 0.9859375 0.009375 0.00625
1 0.684375 0.75703125 0.0484375 0.01875
1 0.65234375 0.8359375 0.053125 0.01875
1 0.5265625 0.89453125 0.0625 0.0234375
1 0.52265625 0.921875 0.05625 0.015625