1 0.3015625 0.39296875 0.0859375 0.0265625
1 0.40234375 0.41171875 0.0328125 0.0234375
1 0.41171875 0.390625 0.0140625 0.025
1 0.37890625 0.278125 0.0578125 0.01875
1 0.303125 0.27421875 0.071875 0.01875
1 0.34453125 0.27109375 0.059375 0.0171875
1 0.3453125 0.26015625 0.0671875 0.0203125
1 0.36796875 0.23828125 0.0640625 0.0171875
1 0.35859375 0.215625 0.0640625 0.0203125
1 0.3234375 0.19296875 0.0703125 0.0203125
1 0.27578125 0.1265625 0.0765625 0.025
1 0.30859375 0.0453125 0.0859375 0.0265625
1 0.18671875 0.04609375 0.0734375 0.025
1 0.20546875 0.00859375 0.0578125 0.0171875
0 0.27578125 0.02578125 0.0421875 0.0140625
0 0.57734375 0.08515625 0.0125 0.0078125
1 0.69140625 0.42890625 0.0390625 0.015625
1 0.59140625 0.07734375 0.0328125 0.0171875
1 0.5921875 0.36953125 0.0484375 0.0171875
1 0.496875 0.32265625 0.05 0.0125
1 0.5859375 0.33828125 0.0453125 0.0171875
1 0.728125 0.39921875 0.034375 0.0109375
1 0.6 0.2453125 0.053125 0.0140625
1 0.66171875 0.17734375 0.0421875 0.0140625
1 0.50078125 0.01015625 0.0546875 0.01875
1 0.01015625 0.6875 0.0203125 0.028125
1 0.05703125 0.52421875 0.0515625 0.0203125
1 0.09296875 0.60625 0.0453125 0.0140625
1 0.11796875 0.4953125 0.0359375 0.015625
1 0.140625 0.4578125 0.0453125 0.0140625
1 0.0125 0.4453125 0.025 0.0125
1 0.1234375 0.83828125 0.05 0.03125
1 0.11015625 0.7578125 0.053125 0.015625
1 0.13046875 0.98359375 0.0453125 0.0140625
1 0.17265625 0.99375 0.0359375 0.0125
1 0.16640625 0.940625 0.0390625 0.0140625
1 0.175 0.92421875 0.040625 0.0140625
1 0.184375 0.9078125 0.0296875 0.01875
1 0.1734375 0.890625 0.0359375 0.0140625
1 0.11796875 0.89296875 0.053125 0.015625
1 0.6640625 0.9328125 0.0421875 0.01875
1 0.746875 0.88203125 0.03125 0.009375
1 0.73671875 0.95234375 0.034375 0.0109375
1 0.8046875 0.9765625 0.025 0.009375
1 0.8328125 0.996875 0.028125 0.00625
1 0.9109375 0.990625 0.0234375 0.0125
1 0.87109375 0.84375 0.021875 0.009375
1 0.87890625 0.759375 0.01875 0.0078125
1 0.85703125 0.72265625 0.021875 0.009375
1 0.74609375 0.653125 0.0234375 0.009375
0 0.7765625 0.86484375 0.0171875 0.0109375
0 0.81484375 0.70390625 0.0109375 0.00625
0 0.79765625 0.98359375 0.00625 0.00625
0 0.51328125 0.61015625 0.009375 0.00625
1 0.5359375 0.6046875 0.0390625 0.01875