0 0.5625 0.234375 0.0234375 0.015625
1 0.45 0.0359375 0.0765625 0.0265625
1 0.54375 0.053125 0.090625 0.0359375
1 0.746875 0.15390625 0.1 0.0375
1 0.59609375 0.2375 0.0828125 0.0296875
1 0.5625 0.21484375 0.0734375 0.021875
1 0.565625 0.2671875 0.0671875 0.0296875
1 0.5703125 0.27734375 0.05625 0.0296875
1 0.459375 0.18828125 0.0828125 0.028125
1 0.39921875 0.328125 0.0703125 0.028125
1 0.7296875 0.4984375 0.10625 0.021875
1 0.30078125 0.57265625 0.0578125 0.0203125
1 0.2625 0.53828125 0.0546875 0.01875
1 0.1921875 0.56484375 0.0515625 0.01875
1 0.165625 0.61328125 0.0359375 0.0171875
1 0.14375 0.5765625 0.0359375 0.0140625
1 0.12421875 0.6078125 0.0359375 0.0140625
1 0.1265625 0.621875 0.0359375 0.015625
1 0.1890625 0.72578125 0.040625 0.0140625
1 0.15546875 0.76328125 0.0359375 0.0140625
1 0.1359375 0.796875 0.0328125 0.0140625
1 0.140625 0.8421875 0.03125 0.0109375
1 0.259375 0.83671875 0.0484375 0.015625
1 0.178125 0.81953125 0.040625 0.0140625
1 0.23125 0.9078125 0.0484375 0.015625
1 0.23828125 0.99375 0.0453125 0.0125
1 0.190625 0.99609375 0.0375 0.0078125
0 0.790625 0.584375 0.0140625 0.0125
0 0.84453125 0.82109375 0.0171875 0.0109375
0 0.68046875 0.89453125 0.015625 0.00625
0 0.69296875 0.7671875 0.0203125 0.0109375
0 0.65390625 0.6671875 0.0203125 0.0125
0 0.46796875 0.69375 0.015625 0.0078125
0 0.35234375 0.7359375 0.015625 0.0109375
0 0.34140625 0.5703125 0.021875 0.009375
1 0.41796875 0.81796875 0.08125 0.0296875
1 0.375 0.81875 0.0859375 0.0296875
1 0.4546875 0.953125 0.0765625 0.0328125
1 0.49609375 0.9484375 0.096875 0.03125
1 0.49296875 0.971875 0.0890625 0.03125
1 0.490625 0.9875 0.096875 0.025
1 0.48203125 0.9 0.1109375 0.034375
1 0.5234375 0.84765625 0.1078125 0.0359375
1 0.48984375 0.78125 0.1109375 0.0375
1 0.42734375 0.5625 0.096875 0.03125
1 0.45390625 0.9703125 0.0890625 0.021875