1 0.315625 0.06875 0.053125 0.0171875
1 0.2859375 0.00390625 0.059375 0.0078125
1 0.27890625 0.02890625 0.053125 0.009375
1 0.26015625 0.02578125 0.053125 0.0140625
1 0.2890625 0.08359375 0.046875 0.0109375
1 0.28125 0.09375 0.04375 0.0109375
1 0.29140625 0.11171875 0.053125 0.009375
1 0.3046875 0.1109375 0.05 0.0125
1 0.30078125 0.13203125 0.04375 0.009375
1 0.31171875 0.12890625 0.05625 0.0125
1 0.35078125 0.121875 0.05625 0.0125
1 0.3453125 0.11171875 0.04375 0.009375
1 0.32578125 0.09609375 0.05 0.0109375
1 0.290625 0.175 0.053125 0.0109375
1 0.32734375 0.18515625 0.046875 0.015625
1 0.22734375 0.28125 0.0625 0.0140625
1 0.29765625 0.40625 0.059375 0.01875
1 0.309375 0.50078125 0.053125 0.0171875
1 0.76328125 0.30625 0.0765625 0.0140625
1 0.7296875 0.22890625 0.071875 0.0125
1 0.86953125 0.25 0.059375 0.0109375
1 0.87890625 0.24140625 0.05625 0.0109375
1 0.8890625 0.2125 0.0609375 0.0125
1 0.9453125 0.19140625 0.04375 0.0171875
1 0.8515625 0.30859375 0.053125 0.009375
1 0.890625 0.3125 0.04375 0.0109375
1 0.90234375 0.3375 0.0484375 0.009375
1 0.9 0.353125 0.065625 0.015625
1 0.89609375 0.409375 0.059375 0.009375
1 0.86171875 0.40234375 0.046875 0.0125
1 0.8578125 0.43203125 0.065625 0.0140625
1 0.828125 0.39140625 0.05625 0.009375
1 0.91640625 0.50859375 0.04375 0.0109375
1 0.9234375 0.5078125 0.040625 0.00625
1 0.92578125 0.515625 0.046875 0.0078125
1 0.94921875 0.47421875 0.046875 0.009375
1 0.91171875 0.47421875 0.0375 0.015625
1 0.7359375 0.69609375 0.05625 0.0125
1 0.51796875 0.96953125 0.084375 0.015625
1 0.81640625 0.89765625 0.04375 0.015625
1 0.8125 0.815625 0.040625 0.015625
1 0.771875 0.81015625 0.034375 0.0078125
1 0.77109375 0.80546875 0.0375 0.0125
1 0.83359375 0.76328125 0.0328125 0.0078125
1 0.834375 0.728125 0.0375 0.009375
1 0.80703125 0.70234375 0.034375 0.0125
0 0.82265625 0.75859375 0.0125 0.0046875
1 0.80234375 0.7515625 0.0421875 0.009375