1 0.14609375 0.13984375 0.0265625 0.0703125
1 0.2625 0.09921875 0.021875 0.059375
1 0.34765625 0.07890625 0.028125 0.05625
1 0.27421875 0.06484375 0.028125 0.0609375
1 0.30078125 0.0515625 0.0203125 0.0546875
1 0.29375 0.03359375 0.025 0.0546875
1 0.35703125 0.05 0.0203125 0.0484375
1 0.36484375 0.040625 0.0203125 0.0453125
1 0.384375 0.046875 0.0203125 0.0546875
1 0.38671875 0.059375 0.021875 0.0515625
1 0.40625 0.0515625 0.01875 0.0453125
1 0.40546875 0.0625 0.0234375 0.0578125
1 0.40703125 0.10234375 0.0234375 0.0578125
1 0.39609375 0.09921875 0.01875 0.0453125
1 0.3765625 0.08359375 0.021875 0.0515625
1 0.44609375 0.0328125 0.021875 0.0546875
1 0.4640625 0.06640625 0.025 0.0484375
1 0.55 0.29375 0.021875 0.078125
1 0.87109375 0.36484375 0.0359375 0.06875
0 0.4796875 0.9296875 0.0125 0.0140625
0 0.43515625 0.8515625 0.0125 0.0203125
0 0.45234375 0.959375 0.009375 0.015625
0 0.3828125 0.978125 0.009375 0.0171875
0 0.3296875 0.88046875 0.0125 0.0171875
0 0.2359375 0.953125 0.0078125 0.0109375
0 0.16328125 0.90625 0.0078125 0.0125
0 0.08515625 0.93984375 0.009375 0.0171875
1 0.3796875 0.9015625 0.0234375 0.0546875
1 0.2796875 0.74453125 0.0328125 0.0890625
1 0.246875 0.89921875 0.03125 0.0625
1 0.03671875 0.9765625 0.0328125 0.046875
1 0.00546875 0.96640625 0.0109375 0.0671875
1 0.50625 0.8890625 0.0296875 0.06875
1 0.525 0.915625 0.028125 0.065625
1 0.675 0.83671875 0.025 0.0640625
1 0.55703125 0.83671875 0.0234375 0.065625
1 0.57265625 0.79140625 0.021875 0.0625
1 0.59453125 0.7765625 0.025 0.0609375
1 0.65234375 0.65390625 0.0265625 0.0734375
1 0.73203125 0.6234375 0.034375 0.0765625
1 0.825 0.67265625 0.021875 0.0625
1 0.85703125 0.696875 0.034375 0.0796875
1 0.809375 0.74296875 0.028125 0.0640625
1 0.8546875 0.79765625 0.0203125 0.0546875
1 0.85625 0.88359375 0.025 0.0578125
1 0.9203125 0.56484375 0.0359375 0.0890625