1 0.06015625 0.1015625 0.059375 0.0171875
1 0.07265625 0.1875 0.0546875 0.0234375
1 0.09296875 0.11640625 0.0609375 0.0234375
1 0.10390625 0.14375 0.053125 0.015625
1 0.12265625 0.13828125 0.0546875 0.0203125
1 0.10078125 0.19921875 0.0484375 0.0171875
1 0.109375 0.20859375 0.0453125 0.015625
1 0.1015625 0.22734375 0.053125 0.015625
1 0.08828125 0.228125 0.0515625 0.01875
1 0.09453125 0.24921875 0.0453125 0.0140625
1 0.08359375 0.246875 0.0578125 0.01875
1 0.04375 0.24453125 0.0578125 0.01875
1 0.0484375 0.234375 0.0453125 0.0140625
1 0.065625 0.21640625 0.0515625 0.0171875
1 0.11015625 0.290625 0.0546875 0.0171875
1 0.075 0.3046875 0.0484375 0.021875
1 0.1859375 0.38828125 0.0640625 0.021875
1 0.13125 0.5203125 0.0609375 0.0265625
1 0.13046875 0.6109375 0.0546875 0.015625
1 0.6671875 0.55234375 0.0578125 0.021875
1 0.56484375 0.56171875 0.0296875 0.0140625
1 0.603125 0.390625 0.0421875 0.0140625
1 0.59296875 0.37109375 0.0328125 0.0140625
1 0.484375 0.34140625 0.0390625 0.015625
1 0.51328125 0.26015625 0.0421875 0.0140625
1 0.55078125 0.1828125 0.04375 0.0109375
1 0.6609375 0.2953125 0.0515625 0.021875
1 0.68828125 0.3484375 0.05 0.015625
1 0.73203125 0.43828125 0.0484375 0.01875
1 0.8265625 0.4328125 0.065625 0.03125
1 0.734375 0.19296875 0.0609375 0.021875
1 0.60234375 0.0625 0.0546875 0.01875
1 0.4875 0.11953125 0.0328125 0.0125
1 0.44296875 0.14453125 0.0390625 0.0140625
1 0.30078125 0.6453125 0.0359375 0.0140625
1 0.7328125 0.97734375 0.0546875 0.01875
1 0.58046875 0.9546875 0.0421875 0.0140625
0 0.5734375 0.95 0.0140625 0.00625
1 0.5546875 0.925 0.0421875 0.0140625
1 0.571875 0.8671875 0.0421875 0.0171875
1 0.621875 0.89453125 0.0546875 0.01875
1 0.67578125 0.8125 0.0515625 0.01875
1 0.62265625 0.7953125 0.0609375 0.0234375
1 0.5171875 0.79765625 0.0375 0.0125
1 0.55703125 0.7140625 0.046875 0.0203125
1 0.50546875 0.62421875 0.0453125 0.0109375