1 0.08046875 0.26171875 0.065625 0.028125
1 0.05546875 0.1484375 0.0578125 0.0265625
1 0.025 0.07109375 0.05 0.0265625
1 0.0921875 0.01484375 0.0640625 0.0296875
1 0.0234375 0.00234375 0.046875 0.0046875
1 0.0078125 0.01015625 0.015625 0.0203125
1 0.0109375 0.03828125 0.021875 0.0296875
1 0.78984375 0.41953125 0.0296875 0.009375
1 0.83515625 0.40546875 0.040625 0.0140625
1 0.88515625 0.37578125 0.0484375 0.01875
1 0.94609375 0.359375 0.0546875 0.0203125
1 0.9890625 0.3875 0.021875 0.03125
1 0.95859375 0.42890625 0.0515625 0.021875
1 0.771875 0.225 0.0375 0.0125
1 0.78203125 0.2046875 0.040625 0.0140625
1 0.8046875 0.125 0.046875 0.0140625
1 0.890625 0.06328125 0.0671875 0.0265625
1 0.97421875 0.25546875 0.0515625 0.0234375
1 0.97109375 0.2765625 0.0578125 0.028125
1 0.32890625 0.9875 0.0578125 0.025
1 0.28046875 0.94375 0.0453125 0.0171875
1 0.22109375 0.940625 0.0421875 0.0203125
1 0.24765625 0.903125 0.0515625 0.021875
1 0.3078125 0.8375 0.0546875 0.0234375
1 0.221875 0.85546875 0.0453125 0.01875
1 0.3 0.67421875 0.0453125 0.0234375
1 0.36328125 0.6515625 0.059375 0.025
1 0.30625 0.615625 0.053125 0.025
1 0.2921875 0.6078125 0.0609375 0.025
1 0.2890625 0.58671875 0.0578125 0.0234375
1 0.2734375 0.584375 0.0453125 0.01875
1 0.2984375 0.5734375 0.025 0.025
1 0.3390625 0.98515625 0.0546875 0.0234375
0 0.31640625 0.603125 0.015625 0.0125
1 0.92734375 0.83515625 0.084375 0.046875
1 0.78828125 0.953125 0.05 0.028125
1 0.753125 0.93828125 0.0453125 0.025
1 0.81796875 0.90234375 0.059375 0.0328125
1 0.7921875 0.87421875 0.0484375 0.025
1 0.72578125 0.89453125 0.0484375 0.021875
1 0.70390625 0.88359375 0.046875 0.0234375
1 0.7484375 0.803125 0.0484375 0.0234375
1 0.75 0.7421875 0.0546875 0.0296875
1 0.81875 0.70546875 0.0703125 0.0359375
1 0.7578125 0.6609375 0.05625 0.0296875
1 0.7390625 0.52734375 0.0671875 0.028125
1 0.8109375 0.50390625 0.075 0.0296875