1 0.40234375 0.28125 0.0640625 0.03125
1 0.47109375 0.2140625 0.0359375 0.025
1 0.48125 0.24296875 0.015625 0.0265625
1 0.46953125 0.24453125 0.0390625 0.0234375
1 0.475 0.26484375 0.028125 0.0265625
1 0.46875 0.2640625 0.040625 0.021875
1 0.48359375 0.28046875 0.0109375 0.0234375
0 0.6484375 0.20703125 0.0140625 0.0125
0 0.653125 0.16484375 0.0140625 0.0125
0 0.74609375 0.16640625 0.0140625 0.0125
0 0.7671875 0.0328125 0.01875 0.0140625
0 0.85859375 0.146875 0.0171875 0.0125
1 0.9890625 0.30078125 0.021875 0.0171875
1 0.99140625 0.24921875 0.0171875 0.0296875
1 0.94609375 0.209375 0.078125 0.0453125
1 0.9875 0.16640625 0.025 0.0328125
1 0.95625 0.0125 0.08125 0.025
1 0.26953125 0.9609375 0.0703125 0.03125
1 0.15078125 0.86796875 0.0890625 0.040625
1 0.1515625 0.78046875 0.08125 0.0375
1 0.28203125 0.80390625 0.0703125 0.028125
1 0.32421875 0.8390625 0.0671875 0.0359375
1 0.35859375 0.828125 0.0609375 0.0296875
1 0.40859375 0.63515625 0.0640625 0.028125
1 0.471875 0.59140625 0.034375 0.0265625
1 0.2953125 0.65234375 0.065625 0.0328125
1 0.28515625 0.58828125 0.065625 0.0328125
1 0.24140625 0.5640625 0.0671875 0.028125
1 0.01953125 0.54140625 0.0390625 0.0484375
1 0.3015625 0.40546875 0.0828125 0.034375
1 0.4015625 0.48828125 0.08125 0.034375
0 0.28359375 0.6484375 0.0265625 0.015625
1 0.5390625 0.9234375 0.0640625 0.0296875
1 0.58359375 0.9109375 0.0640625 0.0296875
1 0.50703125 0.8390625 0.0359375 0.025
1 0.68671875 0.75703125 0.05625 0.0234375
1 0.65625 0.69140625 0.0578125 0.0265625
1 0.6359375 0.56484375 0.0671875 0.028125
1 0.6046875 0.50390625 0.0640625 0.028125
1 0.52421875 0.53046875 0.0703125 0.0390625
1 0.68515625 0.440625 0.0671875 0.03125
1 0.68671875 0.4046875 0.0625 0.0234375