1 0.63828125 0.32734375 0.0234375 0.0609375
1 0.61484375 0.309375 0.021875 0.0625
1 0.52578125 0.35546875 0.0234375 0.0703125
1 0.24921875 0.31328125 0.025 0.065625
1 0.13515625 0.29375 0.025 0.0578125
1 0.05703125 0.26015625 0.021875 0.0671875
1 0.0078125 0.33828125 0.015625 0.0640625
1 0.021875 0.23984375 0.0265625 0.053125
1 0.15078125 0.13515625 0.0171875 0.0453125
0 0.0265625 0.0984375 0.0125 0.0203125
1 0.89921875 0.18203125 0.0296875 0.0734375
1 0.65703125 0.015625 0.0140625 0.03125
1 0.25625 0.621875 0.025 0.0578125
1 0.29296875 0.5515625 0.025 0.065625
1 0.3125 0.5484375 0.0234375 0.0578125
1 0.3125 0.515625 0.028125 0.053125
1 0.340625 0.5703125 0.0265625 0.0515625
1 0.3984375 0.54296875 0.0171875 0.0515625
1 0.47890625 0.6 0.021875 0.0578125
1 0.60859375 0.54375 0.021875 0.0421875
1 0.596875 0.5828125 0.0125 0.0359375
1 0.5921875 0.5828125 0.01875 0.0390625
1 0.56015625 0.5140625 0.0125 0.034375
1 0.52578125 0.5078125 0.015625 0.0390625
1 0.49609375 0.53125 0.0171875 0.0359375
1 0.39140625 0.4953125 0.0140625 0.040625
1 0.384375 0.4984375 0.0140625 0.0375
0 0.55390625 0.52421875 0.00625 0.0125
1 0.54375 0.54375 0.015625 0.04375
0 0.65390625 0.69921875 0.0078125 0.0171875
1 0.8984375 0.41640625 0.021875 0.0328125
1 0.78125 0.41953125 0.01875 0.0390625
1 0.79921875 0.4515625 0.01875 0.0625
1 0.821875 0.465625 0.021875 0.0609375
1 0.8859375 0.58515625 0.0234375 0.0734375
1 0.9671875 0.61171875 0.0296875 0.0765625