1 0.03203125 0.196875 0.0296875 0.0796875
1 0.10390625 0.34765625 0.0296875 0.0859375
1 0.0640625 0.3734375 0.01875 0.071875
1 0.18203125 0.490625 0.0265625 0.0375
0 0.1828125 0.49453125 0.0109375 0.025
1 0.165625 0.33515625 0.0296875 0.0859375
1 0.19296875 0.3296875 0.028125 0.0765625
1 0.19375 0.13515625 0.01875 0.059375
1 0.3015625 0.12578125 0.01875 0.053125
1 0.3171875 0.23515625 0.015625 0.0640625
1 0.33984375 0.290625 0.0234375 0.0640625
1 0.3953125 0.21875 0.021875 0.0640625
1 0.41015625 0.2765625 0.01875 0.0640625
1 0.44296875 0.43203125 0.0140625 0.0921875
1 0.975 0.3171875 0.015625 0.053125
1 0.925 0.3203125 0.01875 0.0625
1 0.87578125 0.39765625 0.015625 0.059375
1 0.85 0.39296875 0.015625 0.05625
1 0.88984375 0.2734375 0.0125 0.05
1 0.8546875 0.25703125 0.0125 0.05625
1 0.80390625 0.19140625 0.0125 0.0484375
1 0.7953125 0.19453125 0.0078125 0.0328125
1 0.6734375 0.23671875 0.0125 0.046875
1 0.65234375 0.3078125 0.0125 0.046875
1 0.621875 0.32109375 0.0125 0.0453125
1 0.48671875 0.2515625 0.009375 0.0453125
1 0.55859375 0.18359375 0.0140625 0.0328125
1 0.49296875 0.1359375 0.0109375 0.0375
1 0.45859375 0.25859375 0.0125 0.053125
1 0.04453125 0.615625 0.0140625 0.0546875
1 0.053125 0.6125 0.015625 0.04375
1 0.0453125 0.5703125 0.0109375 0.04375
1 0.07578125 0.565625 0.01875 0.0453125
1 0.175 0.57421875 0.0140625 0.040625
1 0.19765625 0.6078125 0.015625 0.05
1 0.11875 0.7125 0.021875 0.0609375
1 0.2625 0.65546875 0.01875 0.05
1 0.26953125 0.6015625 0.0171875 0.05
1 0.4125 0.61171875 0.0234375 0.0484375
1 0.35625 0.83828125 0.0265625 0.0796875
0 0.43125 0.6375 0.00625 0.0140625
1 0.8828125 0.9890625 0.015625 0.021875
1 0.83984375 0.9890625 0.0140625 0.021875
1 0.8171875 0.9796875 0.0109375 0.034375
1 0.8234375 0.9703125 0.0078125 0.040625
1 0.84375 0.92421875 0.015625 0.046875
1 0.80078125 0.88046875 0.015625 0.05
1 0.7328125 0.97265625 0.015625 0.046875
1 0.50234375 0.9453125 0.01875 0.05
1 0.57421875 0.871875 0.0109375 0.04375
1 0.6015625 0.87578125 0.0125 0.040625
1 0.97578125 0.91015625 0.0109375 0.053125