1 0.29921875 0.490625 0.06875 0.0203125
1 0.22265625 0.40234375 0.078125 0.0265625
1 0.078125 0.3203125 0.084375 0.0265625
1 0.04921875 0.3578125 0.071875 0.0171875
1 0.03046875 0.503125 0.0609375 0.01875
1 0.09453125 0.259375 0.084375 0.0265625
1 0.10234375 0.23203125 0.075 0.0265625
1 0.2953125 0.24453125 0.059375 0.0171875
1 0.3125 0.13828125 0.053125 0.0171875
1 0.2046875 0.11484375 0.0640625 0.0140625
1 0.15078125 0.08828125 0.0625 0.021875
1 0.2265625 0.03828125 0.0625 0.0203125
1 0.16953125 0.01953125 0.0640625 0.0171875
1 0.54453125 0.2671875 0.0703125 0.025
1 0.6671875 0.22109375 0.071875 0.0171875
1 0.74921875 0.0703125 0.05625 0.0171875
1 0.8890625 0.11953125 0.05625 0.0171875
1 0.909375 0.3328125 0.0484375 0.0171875
1 0.8796875 0.41328125 0.053125 0.0171875
1 0.75703125 0.47578125 0.0609375 0.021875
1 0.753125 0.503125 0.05625 0.0140625
0 0.521875 0.30625 0.025 0.015625
1 0.48046875 0.70546875 0.0578125 0.0140625
1 0.48046875 0.79296875 0.0578125 0.0171875
1 0.4984375 0.85234375 0.021875 0.0140625
1 0.4484375 0.971875 0.053125 0.0140625
1 0.6484375 0.6359375 0.0703125 0.0171875
1 0.715625 0.6734375 0.0625 0.0171875
1 0.721875 0.80078125 0.0546875 0.0234375
1 0.6890625 0.94296875 0.0578125 0.0265625
1 0.74609375 0.96015625 0.05625 0.021875
1 0.75703125 0.93984375 0.05625 0.0171875
1 0.79375 0.9328125 0.05625 0.0140625
1 0.79140625 0.91875 0.0609375 0.0171875
1 0.87734375 0.8578125 0.05 0.0125
1 0.90859375 0.7546875 0.04375 0.015625
1 0.8015625 0.771875 0.053125 0.0171875
1 0.78125 0.66484375 0.05625 0.0140625
1 0.84296875 0.6734375 0.046875 0.0140625
1 0.82734375 0.584375 0.0546875 0.0203125
1 0.51796875 0.79765625 0.0171875 0.0203125