1 0.11015625 0.00859375 0.0703125 0.0171875
1 0.03203125 0.084375 0.0640625 0.03125
1 0.08125 0.24921875 0.0609375 0.0203125
1 0.08671875 0.35703125 0.0546875 0.0203125
1 0.0109375 0.44765625 0.021875 0.0234375
1 0.06875 0.6953125 0.0546875 0.0203125
1 0.7671875 0.0359375 0.0765625 0.025
1 0.6875 0.13046875 0.0859375 0.0265625
1 0.67578125 0.29765625 0.08125 0.028125
1 0.44375 0.22265625 0.1046875 0.0375
1 0.47578125 0.521875 0.0890625 0.025
1 0.71796875 0.4328125 0.0640625 0.0171875
1 0.82734375 0.36953125 0.065625 0.021875
1 0.91484375 0.3421875 0.05625 0.015625
1 0.840625 0.43203125 0.0734375 0.01875
1 0.87109375 0.459375 0.065625 0.01875
1 0.8421875 0.48828125 0.0703125 0.021875
1 0.815625 0.515625 0.0625 0.021875
1 0.76171875 0.534375 0.0734375 0.021875
1 0.69375 0.5046875 0.078125 0.025
1 0.6265625 0.565625 0.0765625 0.021875
1 0.66328125 0.5875 0.0796875 0.021875
1 0.56015625 0.65078125 0.0859375 0.025
1 0.9359375 0.75390625 0.040625 0.0125
1 0.91015625 0.7625 0.046875 0.0140625
1 0.89765625 0.7328125 0.034375 0.0125
1 0.90390625 0.79609375 0.034375 0.0125
1 0.81796875 0.83125 0.0453125 0.0140625
1 0.91953125 0.8640625 0.0390625 0.0125