0 0.85546875 0.21875 0.00625 0.0078125
0 0.853125 0.28046875 0.0046875 0.0078125
0 0.7671875 0.30859375 0.0046875 0.009375
0 0.6078125 0.28203125 0.003125 0.00625
0 0.58359375 0.1828125 0.0046875 0.009375
0 0.5203125 0.240625 0.003125 0.00625
0 0.61953125 0.1203125 0.0046875 0.0078125
0 0.7015625 0.13828125 0.0046875 0.009375
1 0.715625 0.29765625 0.015625 0.0484375
1 0.70234375 0.2890625 0.015625 0.05
1 0.71015625 0.20390625 0.0140625 0.0453125
1 0.73984375 0.19609375 0.0140625 0.0421875
1 0.759375 0.209375 0.0140625 0.0421875
1 0.76171875 0.16796875 0.0109375 0.0359375
1 0.72578125 0.14140625 0.0078125 0.0265625
1 0.72890625 0.12734375 0.00625 0.025
1 0.6671875 0.0859375 0.0078125 0.025
1 0.5609375 0.1359375 0.0109375 0.034375
1 0.5328125 0.15546875 0.0140625 0.0375
1 0.55859375 0.0890625 0.009375 0.028125
1 0.5453125 0.0796875 0.009375 0.03125
0 0.4328125 0.76328125 0.00625 0.0125
0 0.35 0.9796875 0.0078125 0.009375
0 0.19140625 0.9234375 0.0078125 0.0125
0 0.0203125 0.9984375 0.00625 0.003125
0 0.00078125 0.86953125 0.0015625 0.0109375
0 0.08359375 0.78828125 0.0078125 0.009375
0 0.30078125 0.62265625 0.0078125 0.009375
1 0.2671875 0.58125 0.0140625 0.034375
1 0.2828125 0.65859375 0.0140625 0.0421875
1 0.28203125 0.6765625 0.0140625 0.046875
1 0.30234375 0.74765625 0.015625 0.0484375
1 0.31875 0.834375 0.0203125 0.0390625
1 0.234375 0.80625 0.01875 0.0453125
1 0.22578125 0.69609375 0.0140625 0.0453125
1 0.19609375 0.71171875 0.0140625 0.0453125
1 0.159375 0.58046875 0.0140625 0.0375
1 0.14140625 0.59140625 0.0109375 0.015625
1 0.0765625 0.6109375 0.0125 0.0328125
1 0.06328125 0.64453125 0.015625 0.0421875
1 0.0140625 0.56640625 0.0140625 0.0390625
1 0.03984375 0.74453125 0.0203125 0.0453125
1 0.109375 0.8203125 0.0171875 0.0484375
0 0.00234375 0.6359375 0.0046875 0.009375
0 0.07109375 0.6640625 0.003125 0.0046875
0 0.49375 0.84765625 0.00625 0.0078125
1 0.65078125 0.4578125 0.0171875 0.015625
1 0.7734375 0.515625 0.01875 0.0578125
1 0.7734375 0.55859375 0.01875 0.0546875
1 0.9265625 0.4609375 0.015625 0.021875
1 0.915625 0.4546875 0.015625 0.009375
1 0.9546875 0.50234375 0.0171875 0.0515625
1 0.91875 0.6578125 0.025 0.0640625
1 0.8734375 0.63359375 0.021875 0.0671875