1 0.1984375 0.0203125 0.05 0.0140625
1 0.1640625 0.1375 0.0390625 0.0203125
1 0.20703125 0.246875 0.0484375 0.0171875
1 0.121875 0.28671875 0.0328125 0.0171875
1 0.12734375 0.35390625 0.0421875 0.01875
1 0.17421875 0.33671875 0.0453125 0.0203125
1 0.2765625 0.31875 0.053125 0.0140625
1 0.27890625 0.30078125 0.0484375 0.015625
1 0.2125 0.365625 0.0484375 0.01875
1 0.1703125 0.4828125 0.0421875 0.0140625
1 0.23984375 0.49453125 0.0359375 0.0171875
1 0.23359375 0.6984375 0.0453125 0.0171875
1 0.19453125 0.66015625 0.0453125 0.0140625
1 0.2015625 0.6234375 0.0484375 0.015625
1 0.1875 0.61640625 0.0328125 0.015625
1 0.23828125 0.58671875 0.0421875 0.015625
1 0.2140625 0.55859375 0.0390625 0.0140625
1 0.19921875 0.54765625 0.0421875 0.015625
0 0.86171875 0.63046875 0.0171875 0.009375
0 0.77578125 0.49609375 0.0171875 0.0078125
0 0.8859375 0.45859375 0.021875 0.0125
0 0.93046875 0.253125 0.015625 0.0078125
0 0.825 0.17265625 0.0203125 0.009375
0 0.76328125 0.2109375 0.0140625 0.0078125
0 0.63984375 0.22734375 0.0171875 0.0078125
1 0.6609375 0.57578125 0.0703125 0.021875
1 0.65390625 0.50234375 0.0703125 0.021875
1 0.69765625 0.45390625 0.0609375 0.01875
1 0.6953125 0.3671875 0.0640625 0.01875
1 0.74296875 0.2828125 0.0671875 0.0234375
1 0.6375 0.28515625 0.0671875 0.0234375
1 0.7453125 0.265625 0.0640625 0.0234375
1 0.640625 0.1203125 0.0703125 0.025
1 0.66875 0.08671875 0.0796875 0.021875
1 0.98046875 0.50703125 0.0390625 0.0328125
1 0.96640625 0.37734375 0.0671875 0.0265625
1 0.83046875 0.3515625 0.0546875 0.0234375
1 0.84296875 0.31796875 0.0796875 0.021875
1 0.7859375 0.628125 0.06875 0.0171875
1 0.775 0.65 0.0765625 0.021875
1 0.90703125 0.71484375 0.0859375 0.0078125
1 0.93359375 0.04140625 0.0796875 0.03125
1 0.75703125 0.0296875 0.0703125 0.0265625
1 0.0390625 0.9015625 0.065625 0.0234375
1 0.11875 0.87734375 0.075 0.0359375
1 0.790625 0.96796875 0.028125 0.0078125
1 0.7875 0.975 0.0296875 0.0078125
1 0.77734375 0.971875 0.028125 0.009375
1 0.77890625 0.98046875 0.034375 0.009375
1 0.77421875 0.984375 0.0359375 0.0109375
1 0.7578125 0.96484375 0.034375 0.0109375
1 0.76640625 0.93359375 0.034375 0.0109375
1 0.75625 0.92421875 0.0296875 0.0109375
1 0.75859375 0.909375 0.0359375 0.0140625
1 0.75234375 0.871875 0.028125 0.009375
1 0.7015625 0.8890625 0.03125 0.0078125
1 0.6828125 0.87265625 0.028125 0.0125
1 0.66015625 0.86640625 0.028125 0.009375
1 0.61953125 0.86328125 0.025 0.009375
1 0.63125 0.8375 0.028125 0.0109375
1 0.7078125 0.81484375 0.0359375 0.0140625
1 0.6625 0.97265625 0.0234375 0.0125
1 0.653125 0.72109375 0.03125 0.0046875