1 0.02109375 0.0421875 0.0421875 0.015625
1 0.12421875 0.0375 0.053125 0.0078125
1 0.12890625 0.0203125 0.046875 0.009375
1 0.05546875 0.0765625 0.046875 0.0125
1 0.009375 0.1875 0.01875 0.009375
1 0.06640625 0.2078125 0.034375 0.0125
1 0.3171875 0.4171875 0.075 0.015625
1 0.22109375 0.38828125 0.065625 0.009375
1 0.090625 0.47109375 0.053125 0.0125
1 0.03515625 0.409375 0.04375 0.0125
1 0.01171875 0.365625 0.0234375 0.009375
1 0.01796875 0.3296875 0.0359375 0.009375
1 0.0078125 0.321875 0.015625 0.0125
1 0.05390625 0.29921875 0.040625 0.0109375
1 0.03359375 0.26796875 0.0375 0.009375
1 0.01953125 0.25546875 0.0390625 0.0109375
1 0.74140625 0.0140625 0.0625 0.0109375
1 0.63125 0.115625 0.05 0.01875
1 0.7265625 0.18203125 0.053125 0.0125
1 0.7390625 0.19765625 0.0515625 0.0125
1 0.88828125 0.2015625 0.059375 0.015625
1 0.91796875 0.43046875 0.0625 0.0125
1 0.79296875 0.44140625 0.0625 0.01875
1 0.68984375 0.3765625 0.046875 0.0125
1 0.69921875 0.509375 0.046875 0.0125
1 0.65 0.52734375 0.046875 0.009375
1 0.29921875 0.98046875 0.0390625 0.0109375
1 0.25234375 0.93359375 0.040625 0.0109375
1 0.19609375 0.94609375 0.034375 0.0078125
1 0.271875 0.859375 0.034375 0.009375
1 0.3078125 0.90390625 0.046875 0.015625
1 0.3421875 0.84453125 0.04375 0.015625
1 0.45390625 0.82265625 0.05625 0.015625
1 0.4359375 0.715625 0.046875 0.0125
1 0.3609375 0.69453125 0.040625 0.0125
1 0.253125 0.6921875 0.028125 0.0125
1 0.29609375 0.8109375 0.040625 0.0109375
1 0.23359375 0.79296875 0.040625 0.009375
1 0.2046875 0.66953125 0.028125 0.0125
1 0.203125 0.6125 0.034375 0.009375
1 0.71796875 0.93984375 0.065625 0.0125
0 0.74140625 0.92578125 0.0203125 0.009375
1 0.60546875 0.875 0.0109375 0.0125
1 0.6640625 0.80703125 0.05625 0.0109375
1 0.7453125 0.809375 0.071875 0.01875
1 0.71953125 0.7828125 0.053125 0.015625
1 0.85 0.76796875 0.09375 0.025
1 0.8796875 0.71171875 0.078125 0.025
1 0.634375 0.553125 0.05625 0.0203125
1 0.609375 0.6078125 0.01875 0.009375
1 0.6640625 0.61484375 0.053125 0.01875
1 0.7390625 0.5546875 0.06875 0.015625