1 0.49296875 0.2265625 0.0140625 0.028125
1 0.96328125 0.096875 0.0453125 0.0203125
1 0.95 0.1390625 0.0453125 0.0203125
1 0.9171875 0.1765625 0.046875 0.0203125
1 0.9109375 0.17890625 0.0515625 0.0171875
1 0.91484375 0.259375 0.04375 0.01875
1 0.93671875 0.25546875 0.0296875 0.01875
1 0.9078125 0.296875 0.04375 0.01875
1 0.86015625 0.29765625 0.046875 0.0171875
1 0.8890625 0.40625 0.04375 0.01875
1 0.82109375 0.47734375 0.0546875 0.0234375
1 0.83203125 0.4796875 0.0484375 0.01875
1 0.609375 0.36875 0.0828125 0.0359375
1 0.021875 0.7625 0.04375 0.028125
1 0.0640625 0.69296875 0.04375 0.025
1 0.01015625 0.64375 0.0203125 0.025
1 0.15859375 0.4953125 0.0546875 0.0125
1 0.18203125 0.528125 0.04375 0.0171875
1 0.18203125 0.5515625 0.0453125 0.0234375
1 0.15390625 0.60078125 0.046875 0.021875
1 0.15234375 0.653125 0.046875 0.0234375
1 0.93125 0.98515625 0.0515625 0.0265625
1 0.91015625 0.93046875 0.0421875 0.021875
1 0.88828125 0.91015625 0.053125 0.021875
1 0.75390625 0.990625 0.0703125 0.01875
1 0.79921875 0.76015625 0.0640625 0.0265625
1 0.86328125 0.6859375 0.0671875 0.0296875
1 0.8828125 0.7609375 0.0640625 0.0265625
1 0.7265625 0.54765625 0.0859375 0.0390625
1 0.94765625 0.65 0.059375 0.03125
1 0.98515625 0.79375 0.0296875 0.021875
1 0.95390625 0.81484375 0.0546875 0.025
1 0.94140625 0.57265625 0.0640625 0.0265625
0 0.90859375 0.56953125 0.0140625 0.0140625