1 0.40234375 0.44765625 0.0578125 0.0234375
1 0.4359375 0.446875 0.053125 0.025
1 0.38125 0.4203125 0.0515625 0.0265625
1 0.40859375 0.3625 0.0515625 0.0171875
1 0.3515625 0.28203125 0.0578125 0.021875
1 0.09296875 0.04609375 0.0859375 0.028125
1 0.39921875 0.07109375 0.0453125 0.021875
1 0.4078125 0.15234375 0.0421875 0.021875
1 0.36875 0.1640625 0.0359375 0.0125
1 0.36875 0.16875 0.0390625 0.01875
1 0.4375 0.20078125 0.034375 0.0125
1 0.44375 0.23515625 0.0390625 0.015625
1 0.4203125 0.26484375 0.0359375 0.0171875
1 0.45625 0.36953125 0.040625 0.0140625
1 0.453125 0.3765625 0.0375 0.0140625
0 0.42734375 0.20703125 0.0125 0.00625
1 0.4078125 0.2171875 0.04375 0.015625
1 0.609375 0.26015625 0.025 0.009375
0 0.59765625 0.27578125 0.0109375 0.0078125
1 0.58515625 0.32421875 0.028125 0.009375
1 0.57734375 0.44609375 0.0265625 0.0109375
1 0.3 0.50625 0.0515625 0.01875
1 0.15703125 0.6109375 0.0640625 0.021875
1 0.190625 0.63984375 0.0640625 0.028125
1 0.3234375 0.70390625 0.0640625 0.021875
1 0.0140625 0.7453125 0.028125 0.025
1 0.125 0.846875 0.0734375 0.0234375
1 0.1515625 0.8890625 0.075 0.0265625
1 0.23671875 0.88515625 0.0734375 0.0234375
1 0.12421875 0.98671875 0.0921875 0.0265625
1 0.91875 0.97578125 0.0625 0.0234375
1 0.99296875 0.93046875 0.0140625 0.0171875
1 0.990625 0.90703125 0.01875 0.0171875
1 0.9140625 0.83359375 0.0640625 0.0203125
1 0.88203125 0.7125 0.0703125 0.0296875
1 0.77890625 0.6640625 0.0765625 0.0265625
1 0.88828125 0.58203125 0.0625 0.025
1 0.97109375 0.65859375 0.0421875 0.021875
1 0.975 0.6765625 0.05 0.01875
1 0.990625 0.7375 0.01875 0.01875
1 0.98984375 0.7671875 0.0203125 0.015625
1 0.990625 0.79375 0.01875 0.0125
0 0.99765625 0.790625 0.0046875 0.00625