1 0.190625 0.00625 0.05625 0.0125
1 0.26640625 0.03203125 0.0640625 0.0171875
1 0.27109375 0.05078125 0.05625 0.015625
1 0.30390625 0.0453125 0.05 0.021875
1 0.25390625 0.08125 0.05 0.0203125
1 0.28828125 0.134375 0.05 0.0109375
1 0.24375 0.221875 0.05625 0.0140625
1 0.3203125 0.425 0.04375 0.015625
1 0.31796875 0.34296875 0.040625 0.015625
1 0.27734375 0.33671875 0.034375 0.0078125
1 0.2765625 0.33203125 0.0375 0.0125
1 0.33984375 0.290625 0.0328125 0.0078125
1 0.34140625 0.25546875 0.0375 0.009375
1 0.3140625 0.2296875 0.034375 0.0125
1 0.33515625 0.12109375 0.040625 0.0078125
1 0.33125 0.11484375 0.0375 0.0078125
0 0.32890625 0.2859375 0.0125 0.0046875
1 0.30859375 0.27890625 0.0421875 0.009375
0 0.4765625 0.04921875 0.01875 0.009375
1 0.475 0.11484375 0.071875 0.0140625
1 0.56875 0.025 0.071875 0.015625
1 0.54609375 0.07265625 0.078125 0.0171875
1 0.7125 0.084375 0.0625 0.0140625
1 0.72265625 0.134375 0.0640625 0.0109375
1 0.73828125 0.146875 0.0640625 0.0140625
1 0.70234375 0.178125 0.059375 0.0140625
1 0.69765625 0.21328125 0.053125 0.0109375
1 0.7765625 0.259375 0.0609375 0.0140625
1 0.80546875 0.32734375 0.05625 0.0125
1 0.71875 0.33984375 0.071875 0.0140625
1 0.64453125 0.39609375 0.065625 0.0140625
1 0.61875 0.42734375 0.0765625 0.01875
1 0.3625 0.996875 0.0375 0.00625
1 0.2125 0.9921875 0.053125 0.015625
1 0.2 0.996875 0.046875 0.00625
1 0.2015625 0.97578125 0.053125 0.0109375
1 0.21953125 0.97265625 0.05625 0.0125
1 0.24765625 0.9265625 0.059375 0.0109375
1 0.20703125 0.68359375 0.05625 0.0171875
1 0.26640625 0.58828125 0.053125 0.0109375
1 0.26171875 0.5234375 0.05625 0.0140625
1 0.45703125 0.93359375 0.0359375 0.0171875
1 0.47109375 0.92578125 0.0640625 0.0234375
1 0.55546875 0.8953125 0.0625 0.0203125
1 0.478125 0.81640625 0.078125 0.0140625
1 0.646875 0.85 0.0625 0.0171875
1 0.68671875 0.828125 0.0625 0.0171875
1 0.5890625 0.778125 0.05 0.0140625
1 0.753125 0.6546875 0.05625 0.0109375
1 0.70859375 0.59765625 0.05625 0.015625
1 0.66015625 0.47890625 0.065625 0.0140625
1 0.5359375 0.475 0.084375 0.0125