0 0.4703125 0.18828125 0.009375 0.0125
0 0.3984375 0.05078125 0.0078125 0.0125
0 0.2890625 0.13984375 0.00625 0.009375
0 0.2078125 0.1984375 0.00625 0.0125
0 0.4203125 0.3171875 0.00625 0.015625
0 0.37578125 0.45546875 0.00625 0.009375
0 0.18046875 0.43359375 0.00625 0.0125
0 0.11875 0.3078125 0.00625 0.009375
1 0.53984375 0.40234375 0.0171875 0.05
1 0.49375 0.43359375 0.0109375 0.04375
1 0.4078125 0.39453125 0.0140625 0.05
1 0.44921875 0.33671875 0.0140625 0.0640625
1 0.33515625 0.33046875 0.0203125 0.053125
1 0.31171875 0.35078125 0.0171875 0.053125
1 0.42890625 0.47421875 0.0109375 0.0375
1 0.3203125 0.428125 0.0109375 0.046875
1 0.2875 0.4109375 0.0140625 0.040625
1 0.271875 0.403125 0.0109375 0.05625
1 0.253125 0.378125 0.0140625 0.046875
1 0.23984375 0.36171875 0.0140625 0.05625
1 0.225 0.3515625 0.0140625 0.0578125
1 0.2 0.33046875 0.0125 0.059375
1 0.12734375 0.2390625 0.01875 0.075
1 0.04375 0.39765625 0.0109375 0.05
1 0.265625 0.30859375 0.0125 0.0625
1 0.29765625 0.31015625 0.0125 0.0640625
1 0.7484375 0.5796875 0.0125 0.040625
1 0.69921875 0.54609375 0.0140625 0.046875
1 0.65625 0.55625 0.0171875 0.0515625
1 0.65234375 0.6109375 0.0078125 0.0359375
1 0.65859375 0.6296875 0.0078125 0.03125
1 0.66328125 0.6234375 0.0078125 0.028125
1 0.559375 0.5984375 0.0109375 0.04375
1 0.55234375 0.59765625 0.0046875 0.0390625
1 0.55078125 0.603125 0.0015625 0.034375
1 0.54375 0.73125 0.0125 0.04375
1 0.51015625 0.7609375 0.0171875 0.053125
1 0.46171875 0.815625 0.0109375 0.046875
1 0.41171875 0.68828125 0.0171875 0.053125
1 0.31171875 0.81171875 0.0171875 0.05
1 0.253125 0.759375 0.0171875 0.05
1 0.22421875 0.67578125 0.0140625 0.0328125
1 0.99140625 0.79140625 0.0171875 0.0828125
1 0.8171875 0.85390625 0.0234375 0.071875
1 0.61875 0.93125 0.021875 0.06875
1 0.59375 0.921875 0.0265625 0.071875
1 0.76015625 0.98828125 0.0171875 0.0234375
1 0.94375 0.978125 0.015625 0.04375
0 0.6578125 0.97734375 0.0125 0.021875