0 0.11875 0.15859375 0.009375 0.0078125
0 0.13046875 0.3546875 0.0125 0.0078125
0 0.0171875 0.43671875 0.009375 0.0078125
1 0.03671875 0.0078125 0.0515625 0.015625
1 0.07578125 0.04609375 0.0453125 0.015625
1 0.05234375 0.1375 0.0515625 0.01875
1 0.01015625 0.10625 0.0203125 0.021875
1 0.01484375 0.21953125 0.0296875 0.0265625
1 0.0265625 0.23828125 0.053125 0.0234375
1 0.12734375 0.103125 0.0390625 0.0140625
1 0.10078125 0.21796875 0.0484375 0.015625
1 0.08984375 0.253125 0.0421875 0.01875
1 0.084375 0.26953125 0.05625 0.0171875
1 0.06328125 0.2921875 0.0484375 0.01875
1 0.05 0.30859375 0.0578125 0.0203125
1 0.04140625 0.325 0.059375 0.0203125
1 0.028125 0.353125 0.05625 0.01875
1 0.11953125 0.4953125 0.0515625 0.015625
1 0.0125 0.2921875 0.025 0.01875
1 0.01015625 0.26015625 0.0203125 0.0203125
1 0.60859375 0.51484375 0.0578125 0.0203125
1 0.428125 0.5140625 0.01875 0.03125
1 0.42890625 0.4765625 0.0203125 0.034375
1 0.44375 0.13359375 0.05 0.0171875
1 0.640625 0.10234375 0.0546875 0.0234375
1 0.61328125 0.1265625 0.05 0.0171875
1 0.5765625 0.1171875 0.05625 0.015625
1 0.5 0.0578125 0.0609375 0.0234375
1 0.44765625 0.1109375 0.0578125 0.0234375
1 0.57578125 0.34296875 0.065625 0.0203125
1 0.61640625 0.203125 0.0515625 0.01875
1 0.65 0.184375 0.0484375 0.01875
1 0.571875 0.7296875 0.0640625 0.0203125
1 0.60546875 0.76015625 0.0640625 0.0265625
1 0.7375 0.82578125 0.0640625 0.0203125
1 0.4296875 0.86171875 0.021875 0.0234375
1 0.5359375 0.965625 0.0734375 0.021875
1 0.64609375 0.996875 0.0734375 0.00625