0 0.26875 0.0296875 0.0125 0.009375
0 0.4078125 0.09921875 0.0125 0.0078125
0 0.3203125 0.21015625 0.009375 0.00625
0 0.26328125 0.2921875 0.0125 0.00625
0 0.140625 0.08203125 0.015625 0.0078125
0 0.00390625 0.128125 0.0078125 0.00625
1 0.0234375 0.0109375 0.04375 0.0109375
1 0.0640625 0.09609375 0.05 0.015625
1 0.12109375 0.053125 0.0640625 0.015625
1 0.12890625 0.1671875 0.0546875 0.021875
1 0.10859375 0.190625 0.053125 0.01875
1 0.03203125 0.18359375 0.046875 0.0125
1 0.04921875 0.21640625 0.040625 0.0140625
1 0.0578125 0.23203125 0.05625 0.0125
1 0.0828125 0.25 0.046875 0.015625
1 0.09921875 0.26328125 0.05625 0.015625
1 0.11015625 0.27734375 0.0578125 0.015625
1 0.13125 0.30234375 0.059375 0.0140625
1 0.15234375 0.23671875 0.0625 0.0140625
1 0.15 0.2046875 0.0640625 0.0140625
1 0.7515625 0.2609375 0.0390625 0.0125
1 0.7015625 0.21640625 0.040625 0.0125
1 0.64609375 0.23203125 0.034375 0.009375
1 0.7171875 0.14140625 0.034375 0.0109375
1 0.75546875 0.18359375 0.046875 0.01875
1 0.78671875 0.12265625 0.04375 0.0171875
1 0.89765625 0.0953125 0.05625 0.01875
1 0.7390625 0.09140625 0.040625 0.0125
1 0.67578125 0.07734375 0.040625 0.0109375
0 0.22734375 0.68671875 0.015625 0.00625
1 0.10703125 0.73671875 0.04375 0.0109375
1 0.20390625 0.69296875 0.046875 0.01875
1 0.1625 0.63125 0.059375 0.015625
1 0.27421875 0.61796875 0.053125 0.01875
1 0.08125 0.5296875 0.046875 0.0125
1 0.14609375 0.48671875 0.05 0.0125
1 0.090625 0.3953125 0.05625 0.0171875
1 0.14765625 0.375 0.05625 0.015625
1 0.74765625 0.93125 0.065625 0.0203125
1 0.80703125 0.68125 0.075 0.01875
1 0.81875 0.7953125 0.0734375 0.025
1 0.98046875 0.825 0.0390625 0.028125
1 0.96484375 0.85546875 0.0703125 0.0203125
1 0.95 0.55703125 0.0859375 0.021875
1 0.98046875 0.44921875 0.0390625 0.0203125
1 0.81015625 0.42578125 0.05625 0.01875
1 0.75390625 0.39609375 0.065625 0.0203125
1 0.746875 0.34140625 0.059375 0.01875
1 0.79609375 0.3421875 0.0625 0.021875
1 0.690625 0.40625 0.0625 0.015625
1 0.72578125 0.52734375 0.0578125 0.0203125
1 0.6 0.56796875 0.053125 0.0125
1 0.68125 0.6796875 0.05625 0.01875
1 0.76171875 0.575 0.0578125 0.021875
0 0.98125 0.66484375 0.0375 0.0140625