1 0.09140625 0.03828125 0.071875 0.0375
1 0.1578125 0.084375 0.0734375 0.0296875
1 0.18203125 0.25 0.0609375 0.0265625
1 0.24453125 0.234375 0.0734375 0.03125
1 0.2546875 0.1859375 0.0640625 0.0265625
1 0.28046875 0.18125 0.059375 0.0296875
1 0.3 0.12890625 0.0578125 0.0234375
1 0.25859375 0.07578125 0.0546875 0.021875
1 0.22421875 0.05390625 0.0609375 0.0234375
1 0.228125 0.0296875 0.0484375 0.021875
1 0.24765625 0.021875 0.053125 0.01875
1 0.26484375 0.0203125 0.0359375 0.03125
1 0.2203125 0.003125 0.05 0.00625
1 0.94765625 0.2203125 0.0609375 0.0234375
1 0.9109375 0.153125 0.0703125 0.025
1 0.98984375 0.05078125 0.0203125 0.0203125
1 0.74921875 0.0125 0.0734375 0.025
1 0.76328125 0.0796875 0.0796875 0.0296875
1 0.1109375 0.88203125 0.0640625 0.0234375
1 0.02890625 0.825 0.0578125 0.034375
1 0.1296875 0.77734375 0.0640625 0.0265625
1 0.0484375 0.7515625 0.0765625 0.0328125
1 0.109375 0.69375 0.059375 0.0296875
1 0.203125 0.6609375 0.0421875 0.0171875
1 0.2359375 0.70546875 0.05 0.021875
1 0.0328125 0.5953125 0.065625 0.028125
1 0.05625 0.4765625 0.065625 0.025
1 0.1265625 0.4078125 0.0546875 0.01875
1 0.7453125 0.6546875 0.0703125 0.028125
1 0.83125 0.68359375 0.0609375 0.028125
1 0.9 0.84296875 0.0546875 0.021875
1 0.9703125 0.74140625 0.0484375 0.021875
1 0.98125 0.675 0.0375 0.01875
1 0.8875 0.5578125 0.046875 0.0203125
1 0.884375 0.5359375 0.0546875 0.0203125
1 0.92890625 0.5078125 0.0546875 0.0234375
1 0.9546875 0.53359375 0.0453125 0.01875
1 0.97265625 0.58203125 0.0484375 0.0234375
1 0.88203125 0.403125 0.0484375 0.025
1 0.853125 0.3984375 0.05625 0.01875