1 0.29765625 0.228125 0.071875 0.034375
1 0.3453125 0.1625 0.0734375 0.025
1 0.31484375 0.0046875 0.0609375 0.009375
1 0.40390625 0.03515625 0.0640625 0.0234375
1 0.42578125 0.03046875 0.0484375 0.0265625
1 0.44296875 0.07421875 0.0140625 0.0203125
1 0.4328125 0.13828125 0.034375 0.0203125
1 0.41796875 0.16953125 0.0609375 0.0203125
1 0.428125 0.190625 0.04375 0.01875
1 0.4375 0.19140625 0.025 0.0171875
1 0.43046875 0.228125 0.0390625 0.025
1 0.43046875 0.246875 0.0390625 0.028125
1 0.4234375 0.29921875 0.053125 0.0265625
1 0.98671875 0.265625 0.0265625 0.0125
1 0.96171875 0.2796875 0.0453125 0.015625
1 0.9140625 0.26015625 0.0546875 0.015625
1 0.96484375 0.2125 0.04375 0.0140625
1 0.99375 0.19921875 0.0125 0.0140625
1 0.98046875 0.2046875 0.0390625 0.0125
1 0.9484375 0.15625 0.046875 0.01875
1 0.9859375 0.13046875 0.028125 0.0109375
1 0.98203125 0.08046875 0.0359375 0.0203125
1 0.9625 0.0609375 0.0421875 0.0125
1 0.978125 0.0328125 0.0390625 0.0140625
1 0.965625 0.0265625 0.0453125 0.015625
1 0.96875 0.00546875 0.04375 0.0109375
1 0.08046875 0.60703125 0.0640625 0.0203125
1 0.415625 0.77109375 0.0546875 0.0171875
1 0.39453125 0.87265625 0.0515625 0.015625
1 0.42578125 0.9359375 0.0484375 0.015625
1 0.31875 0.9953125 0.05625 0.009375
1 0.0140625 0.83828125 0.028125 0.0203125
1 0.98671875 0.75390625 0.0265625 0.0296875
1 0.76796875 0.67578125 0.11875 0.040625
1 0.96015625 0.459375 0.0796875 0.01875
1 0.89921875 0.4609375 0.0828125 0.021875
1 0.91796875 0.45234375 0.0796875 0.0046875
1 0.9578125 0.578125 0.084375 0.0375