1 0.2484375 0.15078125 0.0734375 0.0421875
1 0.2875 0.0796875 0.0734375 0.034375
1 0.38203125 0.04375 0.0546875 0.0265625
1 0.3609375 0.07734375 0.0609375 0.028125
1 0.375 0.0984375 0.0484375 0.0234375
1 0.39609375 0.09609375 0.0515625 0.021875
1 0.4125 0.090625 0.0359375 0.0328125
1 0.42734375 0.1296875 0.05 0.025
1 0.3859375 0.13515625 0.05 0.0296875
1 0.38984375 0.153125 0.0546875 0.034375
1 0.44375 0.19609375 0.0546875 0.034375
1 0.3859375 0.20625 0.0625 0.0328125
1 0.44921875 0.353125 0.0578125 0.0265625
1 0.41875 0.36875 0.0625 0.0328125
1 0.29765625 0.38203125 0.0796875 0.0140625
1 0.85234375 0.3234375 0.0703125 0.0328125
1 0.99140625 0.28984375 0.0171875 0.0296875
1 0.971875 0.22421875 0.05625 0.0265625
1 0.98828125 0.06796875 0.0234375 0.0203125
1 0.98515625 0.02578125 0.0296875 0.0203125
1 0.89765625 0.003125 0.0421875 0.00625
1 0.84765625 0.01875 0.0546875 0.028125
1 0.1359375 0.94296875 0.0859375 0.040625
1 0.06171875 0.96953125 0.090625 0.04375
1 0.38359375 0.990625 0.0640625 0.01875
1 0.46953125 0.809375 0.0515625 0.0234375
1 0.29609375 0.771875 0.0640625 0.028125
1 0.315625 0.73125 0.065625 0.034375
1 0.4109375 0.61953125 0.0640625 0.028125
1 0.09609375 0.7140625 0.0609375 0.0296875
1 0.0265625 0.6671875 0.053125 0.0375
1 0.17109375 0.56953125 0.0734375 0.03125
1 0.17890625 0.51953125 0.075 0.034375
1 0.2578125 0.4890625 0.0734375 0.03125
1 0.1125 0.4375 0.09375 0.0453125
1 0.01953125 0.4234375 0.0390625 0.040625
1 0.7421875 0.634375 0.0609375 0.0296875
1 0.784375 0.73359375 0.0546875 0.028125
1 0.73359375 0.8515625 0.0484375 0.034375