1 0.27578125 0.09140625 0.0078125 0.0671875
1 0.2390625 0.11796875 0.03125 0.0625
1 0.1140625 0.04765625 0.03125 0.0734375
1 0.3578125 0.04765625 0.0234375 0.0546875
0 0.36796875 0.06640625 0.0140625 0.0234375
1 0.721875 0.0578125 0.021875 0.046875
1 0.6859375 0.07890625 0.0234375 0.0546875
1 0.8125 0.16796875 0.0328125 0.0515625
1 0.93203125 0.16640625 0.0359375 0.059375
1 0.8578125 0.46796875 0.040625 0.078125
1 0.81328125 0.46328125 0.0328125 0.0796875
1 0.70234375 0.50859375 0.04375 0.0875
1 0.6984375 0.42109375 0.034375 0.0890625
1 0.37265625 0.475 0.03125 0.0796875
1 0.35859375 0.328125 0.0265625 0.0640625
1 0.34375 0.32265625 0.03125 0.0796875
1 0.40859375 0.184375 0.0296875 0.0703125
1 0.46875 0.2140625 0.03125 0.0703125
1 0.60390625 0.19609375 0.0265625 0.0546875
1 0.5671875 0.1484375 0.0328125 0.0625
1 0.63515625 0.25 0.034375 0.071875
1 0.76640625 0.2546875 0.0265625 0.0546875
1 0.275 0.6640625 0.009375 0.034375
0 0.14296875 0.63125 0.009375 0.0140625
1 0.5328125 0.61171875 0.028125 0.0234375
1 0.56875 0.6109375 0.025 0.021875
1 0.5640625 0.6625 0.025 0.0578125
1 0.671875 0.621875 0.025 0.04375
1 0.696875 0.61796875 0.025 0.0359375
1 0.8203125 0.6078125 0.028125 0.015625
1 0.95546875 0.62734375 0.0328125 0.0546875
1 0.8796875 0.765625 0.0328125 0.065625
1 0.796875 0.80703125 0.0296875 0.0671875
1 0.67265625 0.79375 0.0328125 0.0671875
1 0.63671875 0.88125 0.034375 0.071875
1 0.5734375 0.8 0.025 0.06875
1 0.865625 0.965625 0.034375 0.06875
1 0.91953125 0.81328125 0.0265625 0.0515625