1 0.1140625 0.115625 0.021875 0.075
1 0.115625 0.05234375 0.0171875 0.065625
1 0.2484375 0.0296875 0.021875 0.059375
1 0.26640625 0.07734375 0.01875 0.0625
1 0.3171875 0.04375 0.003125 0.053125
1 0.94921875 0.04453125 0.025 0.0671875
1 0.990625 0.18046875 0.01875 0.0859375
1 0.79375 0.34375 0.0234375 0.1015625
1 0.803125 0.04765625 0.015625 0.0625
1 0.72578125 0.12421875 0.025 0.0796875
1 0.70625 0.01796875 0.01875 0.0359375
1 0.66171875 0.07734375 0.021875 0.0765625
1 0.6203125 0.01640625 0.021875 0.0328125
1 0.50703125 0.05625 0.01875 0.06875
1 0.6015625 0.16171875 0.0234375 0.0828125
1 0.396875 0.0171875 0.015625 0.034375
1 0.328125 0.13984375 0.01875 0.0734375
1 0.3359375 0.10859375 0.01875 0.071875
0 0.0515625 0.83671875 0.003125 0.00625
1 0.0203125 0.803125 0.0109375 0.03125
1 0.02421875 0.90859375 0.0125 0.04375
1 0.06796875 0.98828125 0.0140625 0.0234375
1 0.1484375 0.8828125 0.009375 0.04375
1 0.1625 0.95078125 0.015625 0.046875
1 0.38125 0.86796875 0.015625 0.059375
1 0.38203125 0.7609375 0.0125 0.05
1 0.42265625 0.8578125 0.015625 0.05
1 0.7453125 0.98671875 0.015625 0.0265625
1 0.8515625 0.9359375 0.0125 0.05
1 0.71484375 0.76640625 0.0125 0.040625
1 0.5921875 0.74453125 0.01875 0.0484375
1 0.55078125 0.728125 0.0109375 0.034375
1 0.46875 0.7 0.0109375 0.040625
1 0.46015625 0.73125 0.0109375 0.040625