1 0.04453125 0.609375 0.0734375 0.01875
1 0.00703125 0.61015625 0.0140625 0.0140625
1 0.01484375 0.4578125 0.0296875 0.015625
1 0.01875 0.39609375 0.0375 0.0140625
1 0.08671875 0.26953125 0.065625 0.0125
1 0.06484375 0.175 0.065625 0.01875
1 0.02265625 0.2015625 0.0453125 0.01875
1 0.0234375 0.12578125 0.046875 0.0109375
1 0.02421875 0.0609375 0.0484375 0.015625
1 0.0515625 0.0203125 0.059375 0.01875
1 0.95859375 0.075 0.0828125 0.028125
1 0.7296875 0.30625 0.0921875 0.025
1 0.775 0.11796875 0.08125 0.025
1 0.71328125 0.08671875 0.0875 0.01875
1 0.6796875 0.0078125 0.090625 0.015625
1 0.6296875 0.09296875 0.078125 0.025
1 0.5953125 0.04765625 0.090625 0.01875
1 0.5984375 0.12109375 0.08125 0.021875
1 0.5515625 0.1109375 0.084375 0.021875
1 0.5046875 0.15625 0.071875 0.025
1 0.60703125 0.190625 0.075 0.028125
1 0.55390625 0.21875 0.071875 0.0125
1 0.546875 0.23125 0.0875 0.0203125
1 0.50390625 0.296875 0.0703125 0.025
1 0.50625 0.32109375 0.0640625 0.01875
1 0.5296875 0.3390625 0.065625 0.028125
1 0.53359375 0.45 0.075 0.01875
1 0.8734375 0.58828125 0.1 0.021875
1 0.86484375 0.515625 0.1 0.015625
1 0.18515625 0.78359375 0.0296875 0.0078125
1 0.8265625 0.6890625 0.065625 0.015625
1 0.80703125 0.78203125 0.053125 0.009375
1 0.871875 0.7640625 0.05625 0.0125
1 0.93984375 0.8796875 0.065625 0.015625
1 0.9359375 0.771875 0.0484375 0.0125
1 0.925 0.7515625 0.05625 0.015625