1 0.04375 0.025 0.01875 0.05
1 0.05703125 0.0546875 0.0234375 0.0609375
1 0.09140625 0.0984375 0.021875 0.0625
1 0.4015625 0.01640625 0.01875 0.0328125
0 0.88046875 0.1890625 0.0078125 0.0125
1 0.49765625 0.22421875 0.015625 0.0390625
1 0.70703125 0.0875 0.0125 0.0328125
1 0.775 0.1953125 0.0125 0.0359375
1 0.734375 0.23828125 0.0109375 0.03125
1 0.7640625 0.278125 0.0125 0.0296875
1 0.8234375 0.228125 0.0125 0.0296875
1 0.80703125 0.19609375 0.009375 0.0328125
1 0.88046875 0.18828125 0.009375 0.0296875
1 0.8734375 0.13359375 0.009375 0.034375
1 0.9390625 0.12890625 0.009375 0.028125
1 0.96484375 0.1859375 0.009375 0.0296875
1 0.9421875 0.21328125 0.0109375 0.03125
1 0.89140625 0.23125 0.009375 0.028125
1 0.88203125 0.2515625 0.0109375 0.0234375
1 0.884375 0.27734375 0.0125 0.0265625
1 0.90703125 0.25 0.009375 0.028125
1 0.984375 0.25390625 0.009375 0.025
1 0.0109375 0.91875 0.0125 0.0359375
1 0.03046875 0.88046875 0.015625 0.0484375
1 0.0484375 0.83984375 0.0140625 0.046875
1 0.1296875 0.88984375 0.0140625 0.04375
1 0.16640625 0.8234375 0.01875 0.0578125
1 0.17578125 0.825 0.0171875 0.0546875
1 0.18515625 0.90078125 0.009375 0.0375
1 0.21875 0.86875 0.0140625 0.0484375
1 0.2390625 0.86015625 0.0140625 0.040625
1 0.29375 0.790625 0.015625 0.05625
1 0.4671875 0.70390625 0.015625 0.0515625
1 0.646875 0.6921875 0.0140625 0.04375
1 0.6640625 0.63515625 0.0203125 0.0515625
1 0.68515625 0.75234375 0.0140625 0.0453125
1 0.740625 0.6921875 0.0140625 0.0484375
1 0.765625 0.625 0.01875 0.0578125
1 0.83828125 0.66640625 0.0140625 0.04375
1 0.8015625 0.7609375 0.0125 0.0328125
1 0.86171875 0.740625 0.0109375 0.028125
1 0.85859375 0.7046875 0.0140625 0.04375
1 0.86953125 0.66953125 0.0140625 0.040625
1 0.89453125 0.596875 0.01875 0.0546875
1 0.93515625 0.5796875 0.01875 0.0546875
1 0.9421875 0.63046875 0.0171875 0.05
1 0.921875 0.678125 0.0203125 0.0546875
1 0.99765625 0.63515625 0.0046875 0.0484375