1 0.15859375 0.415625 0.0625 0.028125
1 0.2984375 0.3453125 0.0578125 0.021875
1 0.3671875 0.3625 0.0546875 0.021875
1 0.4015625 0.36640625 0.0609375 0.0265625
1 0.453125 0.3875 0.0625 0.0265625
1 0.43515625 0.22421875 0.0546875 0.021875
1 0.33125 0.159375 0.05 0.0234375
1 0.246875 0.2671875 0.0546875 0.025
1 0.2671875 0.2015625 0.0515625 0.0203125
1 0.28984375 0.0046875 0.0515625 0.009375
1 0.36796875 0.0703125 0.040625 0.0125
0 0.77109375 0.1078125 0.0234375 0.0125
1 0.92578125 0.41171875 0.0546875 0.021875
1 0.8640625 0.396875 0.059375 0.028125
1 0.89140625 0.375 0.0546875 0.0203125
1 0.94609375 0.328125 0.0515625 0.01875
1 0.88046875 0.3171875 0.0671875 0.021875
1 0.8140625 0.303125 0.0765625 0.028125
1 0.88046875 0.28671875 0.04375 0.0234375
1 0.915625 0.25234375 0.0609375 0.0203125
1 0.89453125 0.1890625 0.0546875 0.021875
1 0.84140625 0.15234375 0.0609375 0.0203125
1 0.79765625 0.15 0.0640625 0.0265625
1 0.7984375 0.078125 0.0578125 0.025
1 0.70390625 0.12734375 0.0828125 0.0296875
1 0.7265625 0.13984375 0.0765625 0.028125
1 0.83984375 0.00390625 0.0578125 0.0078125
1 0.79140625 0.3828125 0.0703125 0.0265625
0 0.30078125 0.471875 0.0078125 0.00625
1 0.31640625 0.47265625 0.0390625 0.0078125
1 0.2953125 0.584375 0.0484375 0.0171875
1 0.38125 0.59921875 0.034375 0.0125
1 0.06015625 0.621875 0.0671875 0.0234375
1 0.2390625 0.71328125 0.0515625 0.021875
1 0.328125 0.75625 0.0421875 0.01875
1 0.3359375 0.7671875 0.046875 0.0171875
1 0.25859375 0.8109375 0.046875 0.01875
1 0.36796875 0.8171875 0.04375 0.015625
1 0.39921875 0.80078125 0.0390625 0.015625
1 0.4296875 0.7984375 0.0359375 0.0140625
1 0.4234375 0.90078125 0.0390625 0.015625
1 0.36796875 0.84296875 0.04375 0.0140625
1 0.31640625 0.85859375 0.0453125 0.0171875
1 0.221875 0.95078125 0.0546875 0.021875
1 0.3 0.953125 0.0515625 0.0203125
1 0.35546875 0.940625 0.04375 0.015625
1 0.34609375 0.984375 0.0515625 0.0171875
1 0.296875 0.98125 0.0515625 0.0171875
1 0.40546875 0.9875 0.040625 0.0125
1 0.59296875 0.9375 0.0828125 0.0296875
1 0.52890625 0.640625 0.0578125 0.034375
1 0.54921875 0.6859375 0.0859375 0.0296875
1 0.6453125 0.634375 0.0734375 0.03125
1 0.665625 0.653125 0.0703125 0.0265625
1 0.7875 0.71953125 0.053125 0.021875
1 0.75234375 0.75703125 0.0703125 0.0265625
1 0.76484375 0.828125 0.0546875 0.0203125
1 0.7828125 0.85703125 0.053125 0.0203125
1 0.84375 0.7890625 0.053125 0.0234375
1 0.85234375 0.80859375 0.0578125 0.01875
1 0.78359375 0.565625 0.0578125 0.021875
1 0.8984375 0.996875 0.053125 0.00625
1 0.625 0.92109375 0.0859375 0.0296875