1 0.03828125 0.49609375 0.034375 0.0625
1 0.01171875 0.35625 0.0234375 0.06875
1 0.1171875 0.3328125 0.0296875 0.0625
1 0.1921875 0.46953125 0.0234375 0.0578125
1 0.17734375 0.5390625 0.0234375 0.0546875
1 0.17421875 0.57109375 0.0296875 0.0578125
1 0.31796875 0.5875 0.0234375 0.025
1 0.3796875 0.49609375 0.025 0.05
1 0.26875 0.415625 0.0265625 0.0546875
1 0.33515625 0.43359375 0.021875 0.0515625
1 0.540625 0.44921875 0.028125 0.0515625
1 0.46953125 0.5296875 0.0140625 0.040625
1 0.58671875 0.5390625 0.0234375 0.0578125
1 0.60546875 0.51484375 0.0078125 0.0546875
1 0.58046875 0.2359375 0.0296875 0.0625
0 0.99453125 0.29765625 0.0109375 0.0203125
1 0.63046875 0.53984375 0.0328125 0.0828125
1 0.7046875 0.428125 0.0296875 0.0703125
1 0.64140625 0.26953125 0.0359375 0.0828125
1 0.7640625 0.46015625 0.034375 0.0765625
1 0.840625 0.465625 0.0296875 0.0671875
1 0.859375 0.48359375 0.0203125 0.0546875
1 0.92734375 0.4796875 0.0265625 0.0609375
1 0.9953125 0.48828125 0.009375 0.0609375
1 0.915625 0.29453125 0.0296875 0.0734375
1 0.9140625 0.290625 0.028125 0.05
1 0.86484375 0.3546875 0.03125 0.078125
0 0.5015625 0.64296875 0.0046875 0.009375
1 0.5109375 0.6609375 0.01875 0.0453125
1 0.48671875 0.61328125 0.0203125 0.0265625
1 0.41171875 0.725 0.0171875 0.0390625
1 0.29453125 0.69140625 0.01875 0.046875
1 0.24765625 0.85625 0.0125 0.0328125
1 0.196875 0.7875 0.0171875 0.0421875
1 0.18125 0.66796875 0.01875 0.0484375
1 0.15859375 0.6671875 0.0203125 0.0484375
1 0.11640625 0.69453125 0.01875 0.0484375
1 0.05703125 0.71015625 0.01875 0.0453125
1 0.03671875 0.78515625 0.0171875 0.0421875
1 0.02265625 0.81875 0.0171875 0.04375
1 0.67890625 0.928125 0.034375 0.0859375
1 0.76875 0.8453125 0.034375 0.09375
1 0.95390625 0.97734375 0.0421875 0.0453125