1 0.4 0.60078125 0.025 0.0703125
1 0.24921875 0.58671875 0.021875 0.0546875
1 0.134375 0.59375 0.025 0.0546875
1 0.06953125 0.50234375 0.021875 0.0625
1 0.2359375 0.4453125 0.0203125 0.0515625
1 0.3 0.409375 0.01875 0.046875
1 0.19140625 0.33046875 0.015625 0.0453125
1 0.2390625 0.2984375 0.015625 0.0453125
1 0.26171875 0.2796875 0.01875 0.0421875
1 0.59375 0.35390625 0.0234375 0.0453125
1 0.4953125 0.39140625 0.021875 0.0453125
1 0.5578125 0.50703125 0.025 0.0671875
1 0.40546875 0.4203125 0.01875 0.05
0 0.8546875 0.3375 0.00625 0.0140625
0 0.9953125 0.37890625 0.009375 0.0171875
0 0.93984375 0.19453125 0.0109375 0.0140625
0 0.86328125 0.1234375 0.0109375 0.01875
0 0.77734375 0.196875 0.0078125 0.0125
0 0.721875 0.29921875 0.0125 0.0203125
0 0.7078125 0.14765625 0.009375 0.0109375
0 0.7484375 0.03515625 0.0078125 0.0140625
0 0.65703125 0.10625 0.009375 0.0171875
0 0.9515625 0.02578125 0.0078125 0.0109375
1 0.9046875 0.01484375 0.015625 0.0296875
1 0.92265625 0.03984375 0.015625 0.0515625
1 0.92109375 0.071875 0.015625 0.0484375
1 0.88515625 0.246875 0.03125 0.0953125
1 0.92734375 0.30703125 0.028125 0.0734375
1 0.7265625 0.58203125 0.046875 0.1140625
1 0.70390625 0.05703125 0.0203125 0.0546875
1 0.82578125 0.02734375 0.015625 0.0421875
1 0.8375 0.0859375 0.021875 0.0578125
1 0.82421875 0.1328125 0.0234375 0.0546875
1 0.79609375 0.09140625 0.01875 0.0625
0 0.58828125 0.93125 0.0078125 0.0140625
0 0.44609375 0.91484375 0.0078125 0.0140625
0 0.38515625 0.83515625 0.00625 0.0125
0 0.28828125 0.86796875 0.00625 0.0125
0 0.109375 0.915625 0.009375 0.0125
0 0.03671875 0.93828125 0.009375 0.0171875
1 0.2953125 0.91953125 0.015625 0.0453125
1 0.215625 0.86640625 0.0125 0.046875
1 0.165625 0.99375 0.015625 0.0125
1 0.265625 0.96015625 0.015625 0.0515625
1 0.1859375 0.91328125 0.015625 0.0453125
1 0.509375 0.9546875 0.015625 0.0453125
1 0.4828125 0.825 0.0125 0.046875
1 0.32578125 0.984375 0.0171875 0.03125
1 0.3953125 0.97890625 0.01875 0.0421875
1 0.8296875 0.690625 0.03125 0.021875
1 0.8671875 0.690625 0.034375 0.021875