1 0.065625 0.46484375 0.0484375 0.01875
1 0.071875 0.48359375 0.0609375 0.028125
1 0.16328125 0.40625 0.0703125 0.0296875
1 0.125 0.26015625 0.0546875 0.025
1 0.0796875 0.1546875 0.05625 0.028125
1 0.14296875 0.0625 0.0625 0.0265625
1 0.25390625 0.19921875 0.0515625 0.0234375
1 0.309375 0.24765625 0.046875 0.021875
1 0.346875 0.11796875 0.0453125 0.01875
1 0.39296875 0.15234375 0.0453125 0.01875
1 0.41796875 0.1671875 0.0421875 0.0203125
1 0.4625 0.50390625 0.046875 0.0265625
1 0.39296875 0.425 0.0453125 0.025
1 0.30546875 0.5234375 0.0671875 0.0296875
1 0.34765625 0.64296875 0.0453125 0.021875
1 0.33515625 0.35 0.05 0.021875
1 0.63125 0.39453125 0.04375 0.0296875
1 0.62734375 0.453125 0.0359375 0.0375
1 0.72734375 0.0109375 0.0609375 0.021875
1 0.62265625 0.07421875 0.0265625 0.0265625
1 0.6484375 0.06015625 0.0546875 0.0265625
1 0.721875 0.11875 0.059375 0.028125
1 0.659375 0.12421875 0.0609375 0.0265625
1 0.66015625 0.09296875 0.0671875 0.028125
1 0.64765625 0.1078125 0.0640625 0.0234375
1 0.6875 0.2265625 0.0578125 0.0234375
1 0.7828125 0.25 0.0546875 0.0265625
1 0.6328125 0.25625 0.046875 0.028125
1 0.6984375 0.31875 0.065625 0.03125
1 0.7359375 0.365625 0.065625 0.0328125
1 0.03359375 0.6828125 0.0671875 0.034375
1 0.0484375 0.7703125 0.0859375 0.03125
1 0.14296875 0.66328125 0.0828125 0.0078125
1 0.21875 0.67421875 0.0640625 0.0265625
1 0.32734375 0.7703125 0.0609375 0.025
1 0.31796875 0.728125 0.0515625 0.021875
1 0.26640625 0.80390625 0.0640625 0.0234375
1 0.375 0.94296875 0.0375 0.0171875
1 0.3828125 0.9640625 0.05625 0.0203125
1 0.41328125 0.94765625 0.0390625 0.0171875
1 0.453125 0.946875 0.0421875 0.01875
1 0.98671875 0.99453125 0.0265625 0.0109375
1 0.98671875 0.86953125 0.0265625 0.0265625