1 0.353125 0.06015625 0.0484375 0.01875
1 0.3515625 0.07890625 0.05625 0.0265625
1 0.23984375 0.04453125 0.0703125 0.028125
1 0.01328125 0.2515625 0.0265625 0.025
1 0.03671875 0.15078125 0.0453125 0.0234375
1 0.1546875 0.20703125 0.0671875 0.028125
1 0.1625 0.334375 0.0453125 0.0203125
1 0.2921875 0.340625 0.065625 0.0296875
1 0.321875 0.36953125 0.0640625 0.0296875
1 0.06015625 0.059375 0.05 0.021875
1 0.584375 0.15625 0.0703125 0.028125
1 0.61796875 0.20546875 0.078125 0.0359375
1 0.7296875 0.0390625 0.084375 0.040625
1 0.4546875 0.028125 0.0578125 0.0234375
1 0.39140625 0.0875 0.0234375 0.025
1 0.52578125 0.03125 0.0671875 0.0265625
1 0.48046875 0.1171875 0.065625 0.0296875
1 0.4640625 0.175 0.065625 0.03125
1 0.040625 0.9203125 0.0796875 0.0359375
1 0.05390625 0.73046875 0.0875 0.040625
1 0.91875 0.9515625 0.0640625 0.0265625
1 0.79921875 0.99609375 0.0609375 0.0078125
1 0.746875 0.82734375 0.0453125 0.01875
1 0.7984375 0.78046875 0.0515625 0.01875
1 0.71953125 0.81015625 0.0421875 0.0203125
1 0.7625 0.6703125 0.0546875 0.01875
1 0.7953125 0.61328125 0.0546875 0.01875
1 0.76015625 0.56328125 0.0484375 0.021875
1 0.71796875 0.54765625 0.0453125 0.0203125
1 0.7015625 0.5078125 0.0546875 0.0203125
1 0.71171875 0.48125 0.0515625 0.025
1 0.7578125 0.465625 0.0484375 0.01875
1 0.77265625 0.4734375 0.0546875 0.01875
1 0.73671875 0.60546875 0.040625 0.015625
1 0.746875 0.6296875 0.0453125 0.021875
1 0.72734375 0.6375 0.0453125 0.0234375
1 0.6859375 0.60234375 0.0484375 0.021875
1 0.68359375 0.68515625 0.0453125 0.0171875
1 0.6625 0.66953125 0.0375 0.0140625