1 0.2578125 0.0375 0.0453125 0.0203125
1 0.23984375 0.03984375 0.0421875 0.015625
1 0.20234375 0.04921875 0.0421875 0.015625
1 0.26328125 0.24375 0.0546875 0.025
1 0.25859375 0.15625 0.0484375 0.0203125
1 0.25 0.12734375 0.0484375 0.0234375
1 0.2109375 0.1203125 0.040625 0.01875
1 0.2140625 0.2125 0.053125 0.021875
1 0.221875 0.26953125 0.0375 0.0234375
1 0.178125 0.3015625 0.0421875 0.0171875
1 0.21328125 0.4 0.0453125 0.0234375
1 0.2203125 0.36640625 0.0375 0.021875
1 0.1640625 0.20859375 0.028125 0.0109375
1 0.16171875 0.21640625 0.03125 0.0109375
1 0.16640625 0.22421875 0.028125 0.0109375
1 0.1671875 0.15859375 0.025 0.015625
0 0.17109375 0.16484375 0.0125 0.0078125
1 0.47734375 0.41015625 0.0359375 0.0359375
1 0.56015625 0.13828125 0.0828125 0.0296875
1 0.4984375 0.2796875 0.078125 0.034375
1 0.34453125 0.74453125 0.075 0.0375
1 0.01171875 0.81875 0.0234375 0.025
1 0.04921875 0.90703125 0.0640625 0.0296875
1 0.025 0.7921875 0.05 0.025
1 0.1609375 0.484375 0.06875 0.03125
1 0.35859375 0.64609375 0.08125 0.0375
1 0.24296875 0.540625 0.06875 0.03125
1 0.1578125 0.68828125 0.06875 0.0265625
1 0.1078125 0.8125 0.0734375 0.0296875
0 0.0046875 0.46328125 0.009375 0.0078125
1 0.50078125 0.9515625 0.0625 0.0265625
1 0.5296875 0.84765625 0.065625 0.0234375
1 0.471875 0.51953125 0.025 0.0171875