1 0.003125 0.19453125 0.00625 0.0578125
1 0.03984375 0.2359375 0.021875 0.0453125
1 0.04140625 0.2546875 0.0171875 0.0421875
1 0.05 0.2921875 0.0171875 0.0421875
1 0.24609375 0.23828125 0.0265625 0.0546875
1 0.15859375 0.23984375 0.021875 0.0484375
1 0.1296875 0.246875 0.025 0.0484375
1 0.12109375 0.2859375 0.0203125 0.040625
1 0.21328125 0.28671875 0.0234375 0.053125
1 0.27109375 0.28046875 0.0234375 0.0375
1 0.3015625 0.325 0.01875 0.0421875
1 0.40078125 0.29375 0.025 0.0453125
1 0.3671875 0.2859375 0.0234375 0.0390625
1 0.4515625 0.33515625 0.0265625 0.04375
1 0.2078125 0.33671875 0.0125 0.028125
1 0.215625 0.3390625 0.0125 0.03125
1 0.2234375 0.334375 0.0125 0.028125
1 0.1578125 0.33125 0.0171875 0.025
0 0.1640625 0.32734375 0.0078125 0.0125
0 0.78203125 0.11796875 0.009375 0.015625
1 0.71484375 0.02265625 0.0328125 0.0453125
1 0.7828125 0.13515625 0.0234375 0.0546875
1 0.81015625 0.12890625 0.0265625 0.0578125
1 0.85 0.15390625 0.0234375 0.05
1 0.8765625 0.21640625 0.025 0.0546875
1 0.96171875 0.16640625 0.0234375 0.0578125
1 0.98515625 0.15234375 0.0234375 0.0609375
1 0.99609375 0.20078125 0.0078125 0.0546875
1 0.3375 0.83515625 0.03125 0.065625
1 0.26875 0.984375 0.021875 0.03125
1 0.19765625 0.9796875 0.0140625 0.040625
1 0.12890625 0.92890625 0.021875 0.0515625
1 0.07578125 0.92890625 0.01875 0.0484375
1 0.11015625 0.98203125 0.0171875 0.0359375
1 0.13515625 0.99609375 0.0171875 0.0078125
1 0.815625 0.8828125 0.0265625 0.0734375
1 0.8984375 0.946875 0.028125 0.0625
1 0.71015625 0.99453125 0.0265625 0.0109375
1 0.66796875 0.95859375 0.0296875 0.05625
1 0.76796875 0.99375 0.0203125 0.0125
0 0.8296875 0.99765625 0.009375 0.0046875