1 0.24921875 0.009375 0.0671875 0.01875
1 0.22734375 0.03828125 0.0578125 0.025
1 0.20703125 0.096875 0.0453125 0.0203125
1 0.190625 0.10546875 0.0421875 0.0171875
1 0.15859375 0.128125 0.0421875 0.0171875
1 0.28515625 0.2875 0.0546875 0.025
1 0.25 0.2078125 0.0484375 0.021875
1 0.23203125 0.18359375 0.0484375 0.025
1 0.19296875 0.19140625 0.040625 0.0203125
1 0.228125 0.2765625 0.053125 0.021875
1 0.25625 0.3265625 0.0375 0.0234375
1 0.22734375 0.371875 0.0421875 0.01875
1 0.2953125 0.4515625 0.0453125 0.0234375
1 0.2890625 0.4171875 0.0375 0.021875
1 0.18046875 0.290625 0.028125 0.0109375
1 0.18125 0.2984375 0.03125 0.0125
1 0.18828125 0.30390625 0.028125 0.0109375
1 0.165625 0.24296875 0.025 0.0171875
0 0.171875 0.246875 0.0125 0.0078125
1 0.9265625 0.3171875 0.0609375 0.0265625
1 0.90234375 0.40859375 0.0515625 0.028125
1 0.89921875 0.4546875 0.0546875 0.025
1 0.86875 0.4421875 0.0484375 0.01875
1 0.86015625 0.4546875 0.0453125 0.0171875
1 0.83984375 0.4640625 0.0484375 0.009375
1 0.84453125 0.446875 0.04375 0.0140625
1 0.84609375 0.43359375 0.0421875 0.0171875
1 0.84453125 0.4296875 0.0453125 0.01875
1 0.8390625 0.41171875 0.0421875 0.0171875
1 0.83203125 0.39375 0.0265625 0.028125
1 0.82265625 0.38203125 0.0421875 0.0234375
1 0.7921875 0.36875 0.0421875 0.0171875
1 0.78828125 0.325 0.0453125 0.0203125
1 0.7625 0.29921875 0.040625 0.0140625
1 0.828125 0.28671875 0.0484375 0.021875
1 0.82265625 0.2515625 0.0453125 0.0171875
1 0.790625 0.2015625 0.0421875 0.0171875
0 0.80078125 0.29765625 0.0171875 0.0125
1 0.77421875 0.10546875 0.053125 0.0234375
1 0.2734375 0.5515625 0.05 0.0265625
1 0.346875 0.55703125 0.0484375 0.021875
1 0.41171875 0.54296875 0.0453125 0.0203125
1 0.45859375 0.55390625 0.05625 0.028125
1 0.45390625 0.51015625 0.0609375 0.0265625
1 0.4640625 0.471875 0.053125 0.00625
1 0.51484375 0.4765625 0.0296875 0.015625
1 0.31015625 0.63984375 0.0484375 0.0234375
1 0.2890625 0.68125 0.0484375 0.0234375
1 0.31328125 0.6765625 0.0421875 0.0203125
1 0.36171875 0.675 0.0546875 0.01875
1 0.48515625 0.65390625 0.05625 0.028125
1 0.52421875 0.9390625 0.0109375 0.021875
1 0.39765625 0.99453125 0.0453125 0.0109375
1 0.4265625 0.87890625 0.053125 0.01875
1 0.2859375 0.8109375 0.0421875 0.0171875
1 0.35703125 0.7953125 0.0484375 0.021875
0 0.3515625 0.5890625 0.0234375 0.0171875
1 0.615625 0.87109375 0.0578125 0.0265625
1 0.59453125 0.75 0.0609375 0.0234375
1 0.61171875 0.52421875 0.0578125 0.0234375
1 0.84453125 0.49296875 0.0703125 0.03125