0 0.5515625 0.0609375 0.021875 0.0140625
1 0.74765625 0.0171875 0.0984375 0.0296875
1 0.58359375 0.0703125 0.0828125 0.0234375
1 0.55546875 0.04140625 0.071875 0.015625
1 0.54921875 0.09375 0.0671875 0.0234375
1 0.5515625 0.1046875 0.0546875 0.025
1 0.45859375 0.003125 0.0828125 0.00625
1 0.3890625 0.121875 0.040625 0.021875
1 0.38203125 0.34296875 0.0265625 0.0171875
1 0.6640625 0.3578125 0.10625 0.021875
0 0.05 0.86953125 0.0109375 0.0046875
0 0.02421875 0.7171875 0.009375 0.00625
0 0.10078125 0.775 0.0109375 0.00625
0 0.190625 0.80625 0.009375 0.00625
0 0.32109375 0.75859375 0.0125 0.009375
0 0.184375 0.70703125 0.0078125 0.0046875
0 0.30703125 0.63515625 0.009375 0.0046875
0 0.19609375 0.54765625 0.009375 0.00625
0 0.27421875 0.51171875 0.0078125 0.0046875
0 0.3265625 0.453125 0.009375 0.00625
0 0.18671875 0.46328125 0.0125 0.0046875
0 0.13359375 0.49453125 0.009375 0.0046875
0 0.08984375 0.56171875 0.0125 0.00625
0 0.028125 0.62890625 0.0078125 0.00625
0 0.01015625 0.55390625 0.009375 0.0046875
1 0.00703125 0.67890625 0.0140625 0.0171875
1 0.11328125 0.66328125 0.0828125 0.0234375
1 0.1234375 0.61796875 0.06875 0.028125
1 0.0171875 0.52578125 0.034375 0.0140625
1 0.0203125 0.50078125 0.040625 0.0109375
1 0.00625 0.4890625 0.0125 0.0125
1 0.0125 0.478125 0.025 0.009375
1 0.0140625 0.43203125 0.028125 0.0140625
1 0.05546875 0.409375 0.05625 0.0125
1 0.0421875 0.3734375 0.059375 0.009375
1 0.08828125 0.37109375 0.0578125 0.0046875
1 0.8140625 0.4328125 0.0796875 0.0234375
1 0.60625 0.61484375 0.0625 0.015625
1 0.71796875 0.69765625 0.071875 0.01875
1 0.721875 0.73828125 0.065625 0.01875
1 0.56640625 0.9859375 0.059375 0.01875
1 0.51015625 0.94609375 0.0625 0.0171875
1 0.44453125 0.8125 0.053125 0.01875
1 0.5890625 0.7765625 0.05625 0.01875
1 0.84296875 0.9546875 0.0828125 0.0234375
1 0.8203125 0.884375 0.078125 0.01875
1 0.778125 0.86328125 0.0859375 0.0234375
1 0.92421875 0.9734375 0.0734375 0.0296875
1 0.9703125 0.97734375 0.059375 0.0203125