1 0.05546875 0.28984375 0.0734375 0.0203125
1 0.02578125 0.3890625 0.0515625 0.021875
1 0.96171875 0.54609375 0.0484375 0.0171875
1 0.9359375 0.5328125 0.0453125 0.0140625
1 0.89609375 0.39609375 0.046875 0.0140625
1 0.928125 0.3609375 0.0484375 0.0171875
1 0.88359375 0.29453125 0.0359375 0.0125
1 0.865625 0.2953125 0.0375 0.0125
1 0.96796875 0.246875 0.046875 0.0171875
1 0.90546875 0.20625 0.0484375 0.015625
1 0.95390625 0.0703125 0.053125 0.0171875
1 0.9296875 0.05703125 0.046875 0.0140625
1 0.8921875 0.05 0.040625 0.015625
1 0.875 0.0421875 0.040625 0.0125
1 0.8265625 0.009375 0.040625 0.0140625
1 0.0125 0.9828125 0.025 0.015625
1 0.02265625 0.92578125 0.0453125 0.0171875
1 0.17109375 0.66875 0.0640625 0.025
1 0.00546875 0.78828125 0.0109375 0.0171875
1 0.0109375 0.65 0.021875 0.01875
1 0.00546875 0.58125 0.0109375 0.009375
1 0.63046875 0.9640625 0.0703125 0.0234375