1 0.36875 0.48359375 0.0734375 0.0296875
1 0.3015625 0.40234375 0.0625 0.0296875
1 0.21015625 0.3703125 0.046875 0.0234375
1 0.13984375 0.36796875 0.0453125 0.021875
1 0.1296875 0.3515625 0.0390625 0.01875
1 0.1578125 0.2296875 0.0515625 0.0234375
1 0.14453125 0.2171875 0.05625 0.0234375
1 0.1921875 0.21171875 0.0453125 0.0234375
1 0.2546875 0.1515625 0.05625 0.021875
1 0.246875 0.1578125 0.0515625 0.021875
1 0.19921875 0.44765625 0.046875 0.0203125
1 0.17890625 0.5 0.0453125 0.0203125
1 0.22265625 0.55 0.0421875 0.021875
1 0.24765625 0.534375 0.0375 0.021875
1 0.23046875 0.46953125 0.0453125 0.0203125
1 0.2328125 0.496875 0.0421875 0.01875
0 0.2484375 0.47265625 0.0140625 0.009375
1 0.965625 0.3328125 0.0609375 0.028125
1 0.96640625 0.25 0.0578125 0.025
1 0.96484375 0.225 0.0640625 0.0296875
1 0.87265625 0.1921875 0.0515625 0.0265625
1 0.859375 0.27734375 0.0453125 0.025
1 0.828125 0.26953125 0.0578125 0.028125
1 0.8125 0.20546875 0.05 0.0265625
1 0.76484375 0.1578125 0.0453125 0.0234375
1 0.74140625 0.2078125 0.0421875 0.021875
1 0.7296875 0.078125 0.0453125 0.0234375
1 0.77421875 0.06015625 0.0546875 0.0265625
1 0.7796875 0.046875 0.0453125 0.021875
1 0.825 0.01328125 0.0625 0.0265625
1 0.8796875 0.00859375 0.059375 0.0171875
1 0.85859375 0.0625 0.0640625 0.0296875
1 0.86640625 0.14453125 0.05625 0.0234375
1 0.840625 0.39375 0.0625 0.0234375
1 0.75859375 0.33515625 0.0453125 0.021875
1 0.76015625 0.30546875 0.0421875 0.021875
1 0.33203125 0.97734375 0.109375 0.0421875
1 0.02578125 0.8515625 0.0515625 0.028125
1 0.0375 0.81484375 0.075 0.0359375
1 0.58984375 0.603125 0.0453125 0.021875
1 0.615625 0.63828125 0.040625 0.021875
1 0.66640625 0.61796875 0.0515625 0.0234375
1 0.62109375 0.67578125 0.0390625 0.01875
1 0.665625 0.7328125 0.0453125 0.021875
1 0.7453125 0.71015625 0.0625 0.025
1 0.6671875 0.74765625 0.0484375 0.0203125
1 0.62265625 0.7890625 0.0375 0.0171875
1 0.628125 0.79765625 0.0390625 0.0171875
1 0.66328125 0.84140625 0.0390625 0.01875
1 0.659375 0.84609375 0.0359375 0.0171875
1 0.709375 0.90078125 0.0546875 0.0234375
1 0.81015625 0.89140625 0.0640625 0.0265625
0 0.63203125 0.76875 0.0140625 0.009375