1 0.82890625 0.0296875 0.065625 0.0296875
1 0.73125 0.04296875 0.0578125 0.0234375
1 0.73125 0.078125 0.059375 0.0328125
1 0.8265625 0.09921875 0.0640625 0.0234375
1 0.83359375 0.1359375 0.0546875 0.0265625
1 0.8421875 0.153125 0.0546875 0.0265625
1 0.834375 0.2296875 0.0578125 0.0234375
1 0.77578125 0.26875 0.0515625 0.015625
1 0.75390625 0.2734375 0.0453125 0.01875
1 0.71015625 0.25234375 0.0578125 0.0234375
1 0.6265625 0.19453125 0.0390625 0.0203125
0 0.86796875 0.15625 0.0234375 0.0125
1 0.29921875 0.3265625 0.0828125 0.015625
1 0.23984375 0.4609375 0.0703125 0.028125
1 0.271875 0.6796875 0.0671875 0.0234375
1 0.24296875 0.7046875 0.0734375 0.021875
1 0.29453125 0.8078125 0.0859375 0.0296875
1 0.20390625 0.90546875 0.0640625 0.0203125
1 0.33984375 0.87890625 0.0765625 0.0265625
1 0.4890625 0.49140625 0.0578125 0.021875
1 0.81640625 0.82109375 0.08125 0.0328125
1 0.89453125 0.79765625 0.078125 0.0359375
1 0.89921875 0.66953125 0.0796875 0.0296875
1 0.84375 0.734375 0.0984375 0.0375
1 0.82578125 0.671875 0.0921875 0.03125
1 0.82109375 0.65546875 0.078125 0.0296875
1 0.78125 0.6296875 0.078125 0.0328125
1 0.73515625 0.61796875 0.08125 0.0328125
1 0.7421875 0.5984375 0.0796875 0.0328125
1 0.8078125 0.56953125 0.0828125 0.0296875
1 0.77578125 0.5234375 0.0734375 0.025
1 0.77734375 0.4828125 0.0890625 0.03125
1 0.69296875 0.39140625 0.0671875 0.0296875
1 0.74921875 0.36796875 0.078125 0.028125
1 0.89453125 0.40703125 0.090625 0.0375
1 0.921875 0.490625 0.0953125 0.0390625