1 0.44453125 0.25546875 0.053125 0.015625
1 0.46015625 0.209375 0.053125 0.015625
1 0.26875 0.09765625 0.06875 0.015625
1 0.27578125 0.065625 0.05625 0.0171875
1 0.31953125 0.03984375 0.0640625 0.015625
1 0.446875 0.08515625 0.0640625 0.01875
0 0.4125 0.12109375 0.0375 0.0171875
1 0.76328125 0.29609375 0.0296875 0.0140625
1 0.4921875 0.92578125 0.071875 0.01875
1 0.3953125 0.9140625 0.0875 0.0203125
1 0.1609375 0.815625 0.0859375 0.0265625
1 0.2484375 0.69765625 0.0796875 0.0234375
1 0.47265625 0.71953125 0.0796875 0.021875
1 0.4140625 0.5484375 0.08125 0.0171875
1 0.39765625 0.53515625 0.075 0.0171875
1 0.5796875 0.7484375 0.040625 0.01875
1 0.57734375 0.85 0.0453125 0.01875
1 0.58203125 0.8546875 0.0359375 0.021875
1 0.94375 0.97578125 0.071875 0.01875
1 0.928125 0.94140625 0.075 0.0265625
1 0.99140625 0.765625 0.0171875 0.021875