1 0.05078125 0.52109375 0.0171875 0.0171875
1 0.00390625 0.45859375 0.0078125 0.0734375
1 0.11875 0.440625 0.021875 0.0640625
1 0.08359375 0.35390625 0.0171875 0.071875
1 0.14375 0.34921875 0.015625 0.053125
1 0.27734375 0.484375 0.015625 0.05625
1 0.30390625 0.41640625 0.0203125 0.0625
1 0.27890625 0.3875 0.021875 0.0609375
1 0.30078125 0.3453125 0.0171875 0.0578125
1 0.28984375 0.2953125 0.01875 0.0546875
1 0.41328125 0.3109375 0.015625 0.053125
1 0.5734375 0.40546875 0.0171875 0.06875
1 0.66015625 0.40234375 0.0203125 0.0625
1 0.67109375 0.3390625 0.0234375 0.0546875
1 0.69375 0.334375 0.0171875 0.065625
1 0.7171875 0.3625 0.0171875 0.059375
1 0.71875 0.3203125 0.0140625 0.065625
1 0.75703125 0.33828125 0.0171875 0.0640625
1 0.78984375 0.31015625 0.015625 0.0515625
1 0.8421875 0.4203125 0.015625 0.053125
1 0.8015625 0.27578125 0.0140625 0.059375
1 0.82578125 0.30546875 0.0125 0.0515625
1 0.8671875 0.29765625 0.0140625 0.059375
1 0.903125 0.3015625 0.015625 0.0296875
1 0.93515625 0.2375 0.0140625 0.05
1 0.9265625 0.3140625 0.0125 0.05
1 0.99296875 0.37109375 0.0140625 0.0578125
1 0.49765625 0.3625 0.0125 0.06875
0 0.5015625 0.3453125 0.0078125 0.01875
1 0.08984375 0.61171875 0.021875 0.0859375
1 0.4984375 0.753125 0.015625 0.0625
1 0.55 0.68125 0.0171875 0.05
1 0.5421875 0.65859375 0.0140625 0.0328125
1 0.55 0.63828125 0.015625 0.0390625
1 0.56484375 0.6484375 0.015625 0.04375
1 0.59609375 0.63828125 0.0125 0.04375
1 0.6015625 0.6234375 0.0109375 0.040625
1 0.61171875 0.60859375 0.0125 0.040625
1 0.70234375 0.64921875 0.01875 0.0484375
1 0.715625 0.615625 0.0078125 0.04375
1 0.71015625 0.60703125 0.0125 0.04375
1 0.8375 0.590625 0.0171875 0.0453125
1 0.878125 0.565625 0.015625 0.04375
1 0.92421875 0.61015625 0.015625 0.046875
1 0.91875 0.6703125 0.0125 0.0546875
1 0.95625 0.62109375 0.0125 0.0453125
1 0.9671875 0.76484375 0.009375 0.05
1 0.97109375 0.7734375 0.0125 0.053125