1 0.1265625 0.375 0.0546875 0.028125
1 0.01875 0.24375 0.0375 0.028125
1 0.0921875 0.1890625 0.0515625 0.025
1 0.2921875 0.28125 0.0671875 0.0328125
1 0.3484375 0.390625 0.075 0.0359375
1 0.303125 0.096875 0.071875 0.0359375
1 0.22421875 0.028125 0.0703125 0.034375
1 0.72265625 0.41484375 0.0515625 0.0078125
1 0.60859375 0.37734375 0.034375 0.015625
1 0.57109375 0.28203125 0.0296875 0.0109375
1 0.61640625 0.265625 0.040625 0.0171875
1 0.6640625 0.2328125 0.0484375 0.021875
1 0.72421875 0.2140625 0.053125 0.0234375
1 0.79140625 0.23984375 0.065625 0.034375
1 0.740625 0.28203125 0.0515625 0.025
1 0.75 0.3515625 0.0546875 0.0265625
1 0.78984375 0.38984375 0.059375 0.025
1 0.54375 0.08828125 0.0375 0.0140625
1 0.553125 0.06796875 0.040625 0.0171875
1 0.7578125 0.1078125 0.071875 0.028125
1 0.7546875 0.12890625 0.075 0.03125
1 0.0703125 0.4578125 0.0890625 0.0375
1 0.05703125 0.48359375 0.090625 0.0359375
1 0.0265625 0.8140625 0.053125 0.0375
1 0.03671875 0.86015625 0.0734375 0.034375
1 0.0859375 0.9296875 0.084375 0.0421875
1 0.24140625 0.8984375 0.1015625 0.046875
1 0.33984375 0.83359375 0.0984375 0.0484375
1 0.40546875 0.98984375 0.0328125 0.0203125
1 0.45078125 0.98359375 0.0578125 0.0328125
1 0.496875 0.93828125 0.0546875 0.0265625
1 0.56171875 0.8078125 0.0703125 0.0328125
1 0.5890625 0.9421875 0.0671875 0.03125
1 0.62421875 0.98515625 0.0703125 0.0296875
1 0.51796875 0.60234375 0.071875 0.0328125
1 0.85390625 0.7765625 0.084375 0.0421875
1 0.43828125 0.4296875 0.0703125 0.021875