1 0.01796875 0.35078125 0.021875 0.0671875
1 0.19765625 0.30859375 0.025 0.0703125
1 0.38203125 0.3703125 0.0234375 0.059375
1 0.27890625 0.36953125 0.0234375 0.0609375
1 0.5015625 0.096875 0.003125 0.05
1 0.53046875 0.115625 0.0140625 0.05625
1 0.57890625 0.1828125 0.0140625 0.0484375
1 0.5875 0.18046875 0.009375 0.0328125
1 0.7109375 0.14296875 0.0140625 0.046875
1 0.734375 0.071875 0.0140625 0.046875
1 0.765625 0.059375 0.0140625 0.0453125
1 0.8984375 0.134375 0.0109375 0.0453125
1 0.8234375 0.2 0.015625 0.034375
1 0.8875 0.24921875 0.0125 0.0375
1 0.9265625 0.128125 0.0140625 0.053125
1 0.978125 0.0453125 0.0171875 0.0609375
1 0.3625 0.66171875 0.0171875 0.0578125
1 0.371875 0.68828125 0.0171875 0.0609375
1 0.31953125 0.70546875 0.0171875 0.0515625
1 0.30546875 0.7296875 0.0171875 0.0484375
1 0.271875 0.7453125 0.0203125 0.0515625
1 0.2265625 0.7078125 0.015625 0.0421875
1 0.2140625 0.68046875 0.0140625 0.053125
1 0.33984375 0.5828125 0.021875 0.0703125
1 0.1015625 0.54765625 0.0171875 0.0640625
1 0.0109375 0.58359375 0.0203125 0.0671875
1 0.075 0.6265625 0.0171875 0.0640625
1 0.0234375 0.75078125 0.015625 0.0453125
1 0.071875 0.7390625 0.015625 0.0390625
1 0.103125 0.71171875 0.0171875 0.0546875
1 0.06484375 0.77109375 0.0171875 0.0484375
1 0.9875 0.9109375 0.0234375 0.0609375
1 0.94765625 0.89921875 0.0203125 0.0671875
1 0.91796875 0.9234375 0.01875 0.0578125
1 0.8609375 0.95 0.015625 0.0453125
1 0.85390625 0.96796875 0.0125 0.040625
1 0.834375 0.990625 0.0125 0.01875
1 0.66328125 0.8921875 0.0203125 0.0546875
1 0.74609375 0.91875 0.0171875 0.0484375
1 0.77265625 0.934375 0.0203125 0.0484375
1 0.76875 0.97421875 0.015625 0.040625
1 0.68046875 0.94765625 0.0171875 0.053125
1 0.62734375 0.925 0.0203125 0.0359375
1 0.58515625 0.959375 0.0140625 0.0421875
1 0.50390625 0.89921875 0.0078125 0.0453125
1 0.53359375 0.90234375 0.01875 0.0375
1 0.6703125 0.99140625 0.009375 0.0171875
1 0.6625 0.990625 0.009375 0.01875
1 0.65625 0.98828125 0.009375 0.0234375
1 0.71953125 0.996875 0.0140625 0.00625
0 0.71484375 0.99765625 0.0078125 0.0046875