1 0.45390625 0.3515625 0.0171875 0.053125
1 0.35546875 0.2265625 0.0171875 0.05
1 0.29609375 0.278125 0.0171875 0.05
1 0.265625 0.3703125 0.0140625 0.05
1 0.409375 0.53671875 0.0171875 0.065625
1 0.23515625 0.59765625 0.0203125 0.06875
1 0.04375 0.5484375 0.01875 0.071875
1 0.14765625 0.54140625 0.01875 0.06875
1 0.50390625 0.33828125 0.0125 0.04375
1 0.49609375 0.39921875 0.0171875 0.046875
1 0.4953125 0.415625 0.0125 0.04375
1 0.61015625 0.55078125 0.0234375 0.06875
1 0.6390625 0.5046875 0.0171875 0.078125
1 0.7828125 0.484375 0.0140625 0.071875
1 0.84453125 0.5453125 0.015625 0.071875
1 0.93359375 0.49765625 0.015625 0.059375
1 0.92265625 0.415625 0.0234375 0.059375
1 0.78359375 0.375 0.015625 0.053125
1 0.77265625 0.39453125 0.0125 0.040625
1 0.7609375 0.31015625 0.0171875 0.046875
1 0.6703125 0.27578125 0.0125 0.04375
1 0.05390625 0.87890625 0.0109375 0.05
1 0.1640625 0.85546875 0.0109375 0.040625
1 0.2015625 0.77890625 0.0125 0.05
1 0.184375 0.99296875 0.015625 0.0140625
1 0.22890625 0.9859375 0.0140625 0.028125
1 0.3625 0.81640625 0.0125 0.040625
1 0.6015625 0.78125 0.0203125 0.0734375
1 0.90703125 0.965625 0.0265625 0.06875
1 0.678125 0.7484375 0.021875 0.059375
1 0.80703125 0.96328125 0.0265625 0.0734375
1 0.721875 0.83515625 0.021875 0.065625
1 0.88046875 0.77421875 0.0171875 0.0671875