1 0.53046875 0.015625 0.0953125 0.03125
1 0.23515625 0.1109375 0.0578125 0.025
1 0.27890625 0.1734375 0.0671875 0.0296875
1 0.2171875 0.28984375 0.0546875 0.0234375
1 0.20546875 0.33515625 0.05 0.021875
1 0.1171875 0.33046875 0.0421875 0.01875
1 0.11953125 0.3109375 0.0421875 0.021875
1 0.1328125 0.25390625 0.0546875 0.0265625
1 0.1296875 0.184375 0.0578125 0.0234375
0 0.14140625 0.36875 0.0265625 0.0140625
1 0.1546875 0.46796875 0.046875 0.0234375
1 0.171875 0.509375 0.0484375 0.025
1 0.23515625 0.446875 0.0484375 0.0203125
1 0.35 0.50625 0.0671875 0.0265625
1 0.44296875 0.60546875 0.0640625 0.0078125
1 0.503125 0.58671875 0.0703125 0.028125
1 0.63203125 0.57578125 0.0546875 0.0390625
1 0.3703125 0.36953125 0.0671875 0.0265625
1 0.80390625 0.03515625 0.084375 0.0375
1 0.72734375 0.08828125 0.071875 0.0328125
1 0.91328125 0.02578125 0.08125 0.0296875
1 0.80546875 0.240625 0.078125 0.0359375
1 0.92109375 0.2609375 0.090625 0.0421875
1 0.79140625 0.4921875 0.0828125 0.04375
0 0.87578125 0.02890625 0.0203125 0.015625
1 0.2625 0.8671875 0.0609375 0.025
1 0.10703125 0.73515625 0.0640625 0.0296875
1 0.04921875 0.75546875 0.0484375 0.025
1 0.046875 0.778125 0.053125 0.0203125
1 0.0109375 0.871875 0.021875 0.01875
1 0.05546875 0.98046875 0.0484375 0.0203125
1 0.06875 0.99296875 0.04375 0.0140625
1 0.86796875 0.61484375 0.0578125 0.0109375
1 0.871875 0.65703125 0.0625 0.0296875
1 0.903125 0.98046875 0.0640625 0.025