1 0.18515625 0.2296875 0.046875 0.025
1 0.18203125 0.18515625 0.0484375 0.025
1 0.26640625 0.21171875 0.0484375 0.0203125
1 0.3421875 0.10703125 0.0671875 0.028125
1 0.2421875 0.00703125 0.05 0.0140625
1 0.3984375 0.2203125 0.021875 0.028125
0 0.99765625 0.1234375 0.0046875 0.009375
1 0.73203125 0.22734375 0.0703125 0.034375
1 0.6234375 0.234375 0.059375 0.03125
1 0.653125 0.16328125 0.0609375 0.0328125
1 0.48125 0.06015625 0.0640625 0.0296875
1 0.67890625 0.1015625 0.06875 0.0375
1 0.66796875 0.03359375 0.0671875 0.03125
1 0.98515625 0.1625 0.0296875 0.040625
1 0.95859375 0.1578125 0.0625 0.0390625
1 0.9765625 0.1296875 0.046875 0.034375
0 0.03828125 0.88125 0.0203125 0.0140625
0 0.00703125 0.7765625 0.0140625 0.0125
1 0.00625 0.8265625 0.0125 0.025
1 0.13984375 0.721875 0.0890625 0.0359375
1 0.0078125 0.69453125 0.015625 0.0328125
1 0.01875 0.953125 0.0375 0.03125
1 0.10078125 0.98984375 0.0796875 0.0203125
0 0.73671875 0.6828125 0.015625 0.009375
1 0.865625 0.871875 0.1 0.0515625
1 0.78203125 0.87421875 0.0921875 0.04375
1 0.65859375 0.89453125 0.0859375 0.0359375
1 0.46484375 0.78671875 0.0703125 0.034375
1 0.42734375 0.6609375 0.0359375 0.0375
1 0.421875 0.5921875 0.025 0.03125
1 0.5453125 0.5328125 0.078125 0.03125
1 0.43671875 0.4828125 0.0546875 0.034375
1 0.5390625 0.35703125 0.0828125 0.040625
1 0.74453125 0.72265625 0.0828125 0.040625
1 0.69140625 0.7171875 0.0625 0.0390625
1 0.71875 0.68984375 0.065625 0.034375