1 0.49765625 0.0734375 0.0953125 0.0375
1 0.19921875 0.00859375 0.0671875 0.0171875
1 0.196875 0.159375 0.0578125 0.021875
1 0.2375 0.2234375 0.0671875 0.0265625
1 0.16953125 0.33671875 0.0546875 0.021875
1 0.15625 0.38125 0.05 0.01875
1 0.06796875 0.37265625 0.0421875 0.015625
1 0.071875 0.353125 0.0421875 0.01875
1 0.0875 0.296875 0.0546875 0.025
1 0.08828125 0.2265625 0.0578125 0.0203125
0 0.08984375 0.41171875 0.0265625 0.0140625
1 0.31796875 0.42109375 0.0671875 0.0171875
1 0.7859375 0.1546875 0.046875 0.0203125
1 0.81953125 0.1796875 0.0546875 0.021875
1 0.8515625 0.028125 0.0515625 0.0296875
1 0.95859375 0.209375 0.0546875 0.025
1 0.9296875 0.26171875 0.0625 0.0296875
1 0.98046875 0.16015625 0.0390625 0.0296875
1 0.95 0.0375 0.0546875 0.025
1 0.07890625 0.97890625 0.046875 0.0171875
1 0.00625 0.80625 0.0125 0.015625
1 0.04609375 0.77578125 0.0453125 0.0171875
1 0.15 0.76015625 0.0578125 0.021875
1 0.06953125 0.6546875 0.0515625 0.0203125
1 0.02421875 0.63984375 0.0453125 0.0171875
1 0.0171875 0.7125 0.034375 0.015625
1 0.01796875 0.4640625 0.0359375 0.021875
1 0.99140625 0.7359375 0.0171875 0.03125
1 0.98203125 0.9 0.0359375 0.021875