1 0.184375 0.51640625 0.065625 0.028125
1 0.18046875 0.41953125 0.065625 0.0265625
1 0.2296875 0.07890625 0.01875 0.0265625
1 0.6609375 0.0703125 0.0640625 0.0265625
1 0.6671875 0.1171875 0.0703125 0.025
1 0.81015625 0.0671875 0.0640625 0.0328125
1 0.81640625 0.0921875 0.0546875 0.01875
1 0.8609375 0.16875 0.0390625 0.021875
1 0.8765625 0.1609375 0.0453125 0.01875
1 0.8609375 0.31484375 0.05 0.0234375
1 0.815625 0.22890625 0.0390625 0.015625
1 0.73671875 0.22421875 0.0578125 0.0203125
1 0.70703125 0.22890625 0.059375 0.028125
1 0.653125 0.3703125 0.0578125 0.021875
1 0.65625 0.409375 0.0640625 0.034375
1 0.7359375 0.409375 0.0546875 0.01875
1 0.78828125 0.40078125 0.0515625 0.0203125
1 0.7828125 0.371875 0.0515625 0.0234375
1 0.925 0.0859375 0.0375 0.0125
0 0.9078125 0.08828125 0.0109375 0.0078125
1 0.09609375 0.94453125 0.0515625 0.0203125
1 0.175 0.8796875 0.0421875 0.01875
1 0.03125 0.8015625 0.0625 0.021875
1 0.1578125 0.721875 0.053125 0.0265625
1 0.075 0.63984375 0.0546875 0.021875
1 0.065625 0.621875 0.053125 0.021875
1 0.23046875 0.55078125 0.0171875 0.0203125
0 0.08359375 0.91953125 0.0234375 0.0109375
1 0.7484375 0.55 0.08125 0.021875
1 0.609375 0.5796875 0.090625 0.0375
1 0.696875 0.71328125 0.071875 0.03125
1 0.7671875 0.71015625 0.0640625 0.0265625
1 0.8328125 0.8 0.0578125 0.021875
1 0.69140625 0.84375 0.0765625 0.028125
1 0.8375 0.675 0.065625 0.025
1 0.8453125 0.63828125 0.065625 0.0234375
1 0.85703125 0.6171875 0.05625 0.01875
1 0.81015625 0.5453125 0.0734375 0.0125
1 0.86015625 0.54375 0.0484375 0.009375
1 0.8671875 0.59921875 0.05 0.0171875