1 0.45 0.05703125 0.0578125 0.0203125
1 0.38125 0.0953125 0.059375 0.028125
1 0.32734375 0.08984375 0.0578125 0.025
1 0.37265625 0.13984375 0.0578125 0.021875
1 0.40390625 0.1234375 0.0609375 0.021875
1 0.42578125 0.146875 0.0609375 0.025
1 0.46640625 0.20546875 0.0546875 0.025
1 0.3640625 0.22265625 0.0578125 0.021875
1 0.49296875 0.30234375 0.0515625 0.0234375
1 0.51328125 0.31796875 0.0328125 0.0234375
1 0.47890625 0.40078125 0.065625 0.0234375
1 0.3796875 0.44296875 0.0546875 0.021875
1 0.2328125 0.403125 0.065625 0.028125
1 0.196875 0.49296875 0.065625 0.0265625
1 0.7390625 0.08046875 0.0828125 0.0328125
1 0.8875 0.15234375 0.0734375 0.028125
1 0.89921875 0.13203125 0.0640625 0.0234375
1 0.9265625 0.29296875 0.053125 0.0171875
1 0.83671875 0.36796875 0.0703125 0.025
1 0.72421875 0.303125 0.0859375 0.028125
1 0.80234375 0.4875 0.0578125 0.0203125
1 0.89765625 0.52265625 0.0609375 0.0234375
1 0.640625 0.41015625 0.0953125 0.034375
1 0.99453125 0.48359375 0.0109375 0.0140625
1 0.98671875 0.50234375 0.0265625 0.0140625
1 0.9875 0.53359375 0.025 0.0109375
1 0.95078125 0.5359375 0.0484375 0.00625
0 0.00625 0.94765625 0.0125 0.0109375
1 0.0359375 0.9625 0.071875 0.028125
1 0.0375 0.97421875 0.0734375 0.028125
1 0.171875 0.9546875 0.08125 0.0296875
1 0.1421875 0.8546875 0.0859375 0.0296875
1 0.22734375 0.79765625 0.08125 0.03125
1 0.10859375 0.71796875 0.090625 0.0375
1 0.23671875 0.62265625 0.071875 0.03125
1 0.3015625 0.64921875 0.0640625 0.0265625
1 0.39375 0.5875 0.0578125 0.021875
1 0.35546875 0.70625 0.065625 0.025
1 0.35078125 0.74375 0.065625 0.0234375
1 0.3546875 0.7671875 0.05625 0.01875
1 0.28359375 0.82421875 0.0734375 0.025
1 0.30859375 0.85234375 0.0625 0.025
1 0.29453125 0.88984375 0.0625 0.0265625
1 0.28984375 0.990625 0.0515625 0.01875
1 0.33125 0.83984375 0.0484375 0.015625
1 0.3578125 0.7875 0.05 0.0171875
1 0.978125 0.9828125 0.04375 0.015625
1 0.859375 0.9484375 0.0484375 0.0203125
1 0.97265625 0.90078125 0.0453125 0.0203125
1 0.98671875 0.73359375 0.0265625 0.0203125
1 0.97890625 0.6640625 0.0421875 0.015625
1 0.90546875 0.696875 0.05 0.0171875
1 0.9046875 0.621875 0.046875 0.0171875
1 0.853125 0.675 0.05 0.0203125
1 0.771875 0.734375 0.0546875 0.021875
1 0.778125 0.75703125 0.0484375 0.0203125