1 0.01171875 0.3078125 0.0234375 0.021875
1 0.86171875 0.42734375 0.0546875 0.0171875
1 0.77734375 0.54140625 0.0484375 0.0171875
1 0.75625 0.4015625 0.040625 0.0125
1 0.66015625 0.384375 0.0453125 0.0109375
1 0.61875 0.44453125 0.040625 0.0125
1 0.59609375 0.33984375 0.0328125 0.015625
1 0.63125 0.25078125 0.03125 0.0125
1 0.625 0.1640625 0.0390625 0.01875
1 0.68671875 0.12734375 0.040625 0.0125
1 0.70546875 0.1078125 0.040625 0.0109375
1 0.91640625 0.103125 0.05 0.0203125
1 0.92421875 0.11953125 0.0546875 0.0171875
1 0.81796875 0.18046875 0.0546875 0.0203125
1 0.7109375 0.32265625 0.0390625 0.015625
1 0.7078125 0.34921875 0.0453125 0.015625
1 0.678125 0.80234375 0.0609375 0.0171875
1 0.746875 0.8 0.0671875 0.01875
1 0.6640625 0.778125 0.05 0.015625
1 0.65546875 0.7578125 0.05 0.0140625
1 0.6375 0.734375 0.04375 0.0125
1 0.6171875 0.72578125 0.04375 0.0125
1 0.6421875 0.71484375 0.0453125 0.01875
1 0.73515625 0.7109375 0.0640625 0.0171875
1 0.7546875 0.7625 0.0515625 0.0171875
1 0.80234375 0.659375 0.0671875 0.025
1 0.69921875 0.6578125 0.059375 0.015625
1 0.6609375 0.65234375 0.05625 0.0140625
1 0.7 0.6171875 0.0609375 0.0203125