1 0.02265625 0.36171875 0.0453125 0.0140625
1 0.078125 0.3609375 0.040625 0.0140625
1 0.02109375 0.29921875 0.0421875 0.0140625
1 0.05546875 0.278125 0.053125 0.015625
1 0.11875 0.25859375 0.0421875 0.015625
1 0.07734375 0.13203125 0.0515625 0.0171875
1 0.1140625 0.05390625 0.046875 0.0140625
1 0.03203125 0.13671875 0.0578125 0.0203125
1 0.66640625 0.06640625 0.05 0.0140625
1 0.68203125 0.1359375 0.0484375 0.0140625
1 0.73125 0.1625 0.053125 0.015625
1 0.6859375 0.375 0.05 0.009375
1 0.6734375 0.2640625 0.0484375 0.0140625
1 0.60625 0.29375 0.0515625 0.0109375
1 0.6125 0.28984375 0.053125 0.0140625
1 0.59140625 0.22734375 0.053125 0.015625
1 0.60390625 0.221875 0.0484375 0.0171875
1 0.61171875 0.19921875 0.0515625 0.0171875
1 0.5625 0.17109375 0.05625 0.0171875
1 0.3484375 0.81953125 0.05 0.021875
1 0.22890625 0.76015625 0.0578125 0.021875
1 0.2390625 0.6375 0.0609375 0.01875
1 0.203125 0.41484375 0.0578125 0.01875
1 0.38828125 0.609375 0.0234375 0.015625
1 0.39375 0.75 0.0125 0.021875
1 0.83671875 0.403125 0.0453125 0.0171875
1 0.77734375 0.3890625 0.0484375 0.01875
1 0.76015625 0.38671875 0.0453125 0.0140625
1 0.61328125 0.4828125 0.0703125 0.0296875
1 0.65546875 0.51640625 0.0796875 0.0234375
1 0.6578125 0.6625 0.0734375 0.0203125
1 0.590625 0.715625 0.0734375 0.021875
1 0.6265625 0.81015625 0.0609375 0.0203125
1 0.61328125 0.91875 0.0703125 0.0234375
1 0.6203125 0.9296875 0.0703125 0.0328125
1 0.709375 0.809375 0.0609375 0.028125
1 0.76640625 0.67578125 0.0546875 0.0203125
1 0.7484375 0.66328125 0.0421875 0.0171875
1 0.834375 0.66171875 0.0484375 0.0203125
1 0.87890625 0.57578125 0.0453125 0.0171875
1 0.77734375 0.9625 0.0515625 0.021875
0 0.61328125 0.92109375 0.0203125 0.0078125