1 0.1828125 0.0015625 0.06875 0.003125
1 0.1328125 0.0234375 0.046875 0.0125
1 0.0765625 0.028125 0.040625 0.0109375
1 0.140625 0.0859375 0.05 0.0125
1 0.10390625 0.109375 0.053125 0.0125
1 0.04140625 0.13203125 0.040625 0.0125
1 0.0890625 0.25625 0.05 0.015625
1 0.05703125 0.33671875 0.046875 0.0125
1 0.134375 0.24921875 0.05625 0.0171875
1 0.2171875 0.146875 0.059375 0.0171875
1 0.25234375 0.11015625 0.0515625 0.0203125
1 0.31328125 0.11796875 0.0609375 0.021875
1 0.490625 0.21796875 0.0859375 0.0234375
1 0.59375 0.34140625 0.0875 0.0203125
1 0.58515625 0.31953125 0.0703125 0.0171875
1 0.40859375 0.43984375 0.05625 0.015625
1 0.46328125 0.4421875 0.053125 0.0125
1 0.41875 0.57265625 0.059375 0.01875
1 0.38671875 0.57734375 0.059375 0.0171875
1 0.50625 0.63359375 0.06875 0.015625
1 0.46796875 0.68125 0.0828125 0.021875
1 0.40546875 0.73828125 0.053125 0.01875
1 0.37890625 0.76484375 0.0546875 0.021875
1 0.30859375 0.753125 0.05625 0.015625
1 0.30546875 0.64140625 0.0453125 0.015625
1 0.26953125 0.603125 0.040625 0.0140625
1 0.22578125 0.54296875 0.040625 0.0171875
0 0.465625 0.63046875 0.021875 0.0140625
1 0.21484375 0.7640625 0.04375 0.0140625
1 0.2859375 0.84609375 0.05625 0.0171875
1 0.26796875 0.85703125 0.05625 0.015625
1 0.30859375 0.91171875 0.05625 0.0171875
1 0.38828125 0.925 0.06875 0.0125
1 0.4125 0.9484375 0.071875 0.0171875
1 0.1859375 0.97578125 0.05 0.0125
1 0.7125 0.4203125 0.0375 0.003125
1 0.690625 0.42265625 0.040625 0.0078125
1 0.69296875 0.45703125 0.03125 0.0109375
1 0.659375 0.46171875 0.034375 0.0078125
1 0.6734375 0.48046875 0.03125 0.0109375
1 0.70078125 0.4875 0.03125 0.009375
1 0.734375 0.49375 0.0375 0.0078125
1 0.71328125 0.45703125 0.03125 0.009375
1 0.7171875 0.49296875 0.0265625 0.0078125
1 0.72890625 0.44375 0.0390625 0.0109375
0 0.6296875 0.44765625 0.0140625 0.00625
0 0.7125 0.48046875 0.0109375 0.00625