1 0.21875 0.5046875 0.053125 0.0125
1 0.23125 0.47265625 0.06875 0.0109375
1 0.18203125 0.44453125 0.046875 0.0109375
1 0.12578125 0.4390625 0.040625 0.009375
1 0.19140625 0.3828125 0.05 0.0109375
1 0.15625 0.35859375 0.053125 0.0109375
1 0.09453125 0.3328125 0.040625 0.0109375
1 0.14609375 0.2109375 0.05 0.0140625
1 0.11640625 0.1296875 0.046875 0.0109375
1 0.246875 0.00234375 0.0625 0.0046875
1 0.19140625 0.21953125 0.05625 0.015625
1 0.2703125 0.32421875 0.059375 0.015625
1 0.28984375 0.3625 0.0203125 0.01875
1 0.465625 0.5796875 0.0625 0.0203125
1 0.48046875 0.503125 0.0625 0.0234375
1 0.61875 0.440625 0.0765625 0.0203125
1 0.709375 0.0921875 0.078125 0.0328125
1 0.51015625 0.228125 0.0625 0.0203125
1 0.45859375 0.22734375 0.05625 0.0140625
1 0.3796875 0.21328125 0.059375 0.0234375
1 0.3125 0.2015625 0.025 0.015625
1 0.371875 0.3125 0.0515625 0.0203125
1 0.34609375 0.4921875 0.046875 0.0140625
1 0.334375 0.48046875 0.04375 0.0125
1 0.30859375 0.37890625 0.0171875 0.0140625
0 0.37578125 0.59453125 0.0125 0.00625
1 0.128125 0.95 0.0609375 0.0171875
1 0.10625 0.903125 0.0609375 0.0140625
1 0.09609375 0.85234375 0.05 0.0140625
1 0.24140625 0.7859375 0.06875 0.0234375
1 0.02890625 0.8703125 0.04375 0.0125
1 0.01328125 0.76875 0.0265625 0.0125
1 0.01640625 0.6625 0.0328125 0.0125
1 0.0109375 0.603125 0.021875 0.00625
1 0.0703125 0.62421875 0.040625 0.0140625
1 0.13828125 0.64609375 0.05625 0.0203125
1 0.38046875 0.9890625 0.0578125 0.0203125
1 0.41875 0.934375 0.065625 0.0234375
1 0.42421875 0.86640625 0.065625 0.0171875
1 0.578125 0.840625 0.078125 0.0140625
1 0.478125 0.765625 0.065625 0.0203125
1 0.38828125 0.66015625 0.065625 0.015625
1 0.61171875 0.6671875 0.0796875 0.0234375