1 0.36640625 0.51953125 0.1125 0.046875
1 0.5234375 0.55 0.03125 0.05
1 0.4671875 0.42265625 0.1046875 0.04375
1 0.48828125 0.34375 0.096875 0.0359375
1 0.353125 0.33984375 0.103125 0.0359375
1 0.3078125 0.4296875 0.0828125 0.034375
1 0.25546875 0.44140625 0.08125 0.0296875
1 0.36953125 0.2421875 0.0984375 0.0375
1 0.4515625 0.21484375 0.1 0.0359375
1 0.3765625 0.17265625 0.1015625 0.0375
1 0.38046875 0.13046875 0.084375 0.028125
1 0.3421875 0.07890625 0.0875 0.03125
1 0.56171875 0.28359375 0.0453125 0.0234375
1 0.54921875 0.478125 0.0203125 0.01875
1 0.653125 0.54296875 0.0484375 0.021875
1 0.71796875 0.509375 0.0328125 0.015625
1 0.6890625 0.44453125 0.0359375 0.0171875
1 0.69765625 0.4125 0.0359375 0.0171875
1 0.73046875 0.39296875 0.0390625 0.015625
1 0.79140625 0.4046875 0.0328125 0.015625
1 0.690625 0.340625 0.0359375 0.01875
1 0.640625 0.3296875 0.0484375 0.021875
1 0.64609375 0.309375 0.0390625 0.0171875
1 0.69296875 0.31875 0.040625 0.015625
1 0.7578125 0.33359375 0.03125 0.0140625
1 0.784375 0.32734375 0.034375 0.0140625
1 0.7671875 0.30703125 0.0359375 0.0171875
1 0.7171875 0.30390625 0.0375 0.0171875
1 0.68203125 0.24453125 0.0421875 0.0203125
1 0.715625 0.1328125 0.0453125 0.01875
1 0.7578125 0.17265625 0.040625 0.0171875
0 0.509375 0.8578125 0.0109375 0.00625
1 0.4734375 0.63046875 0.0484375 0.025
1 0.42890625 0.73203125 0.05625 0.0296875
1 0.34609375 0.68203125 0.0671875 0.0296875
1 0.5109375 0.73984375 0.0484375 0.021875
1 0.528125 0.76171875 0.021875 0.0234375
1 0.52578125 0.834375 0.0265625 0.01875
1 0.53125 0.84375 0.015625 0.015625
1 0.49453125 0.82734375 0.0453125 0.01875
1 0.4453125 0.884375 0.0546875 0.025
1 0.5140625 0.91328125 0.0453125 0.0203125
1 0.2125 0.91953125 0.06875 0.034375
1 0.63984375 0.9828125 0.06875 0.0328125
1 0.74921875 0.8984375 0.0671875 0.028125
1 0.84921875 0.81328125 0.0640625 0.028125
1 0.6828125 0.65078125 0.0703125 0.0328125
1 0.5546875 0.85859375 0.03125 0.0390625