0 0.80703125 0.209375 0.0046875 0.003125
1 0.69296875 0.359375 0.040625 0.0140625
1 0.70859375 0.30234375 0.040625 0.015625
1 0.63984375 0.26171875 0.046875 0.015625
1 0.75859375 0.3234375 0.0390625 0.0109375
1 0.76484375 0.26796875 0.0375 0.0140625
1 0.80390625 0.20859375 0.028125 0.0078125
1 0.7671875 0.2 0.03125 0.0078125
1 0.75703125 0.20078125 0.028125 0.009375
1 0.7859375 0.16875 0.03125 0.0109375
1 0.75859375 0.1375 0.034375 0.009375
1 0.73125 0.14609375 0.040625 0.015625
1 0.73203125 0.159375 0.040625 0.0125
1 0.725 0.09140625 0.040625 0.0125
1 0.70078125 0.0796875 0.046875 0.0125
1 0.684375 0.10625 0.034375 0.0125
1 0.7 0.0453125 0.034375 0.0125
1 0.6203125 0.0015625 0.04375 0.003125
0 0.2890625 0.47734375 0.0078125 0.00625
0 0.33046875 0.55703125 0.0046875 0.00625
0 0.3375 0.66328125 0.00625 0.003125
0 0.2015625 0.7265625 0.009375 0.003125
1 0.33046875 0.790625 0.0390625 0.01875
1 0.34140625 0.84765625 0.0171875 0.0140625
1 0.36171875 0.48046875 0.0234375 0.0265625
1 0.50859375 0.73515625 0.065625 0.01875
1 0.5671875 0.64296875 0.0609375 0.0171875
1 0.66171875 0.61875 0.0546875 0.01875
1 0.66328125 0.6453125 0.0546875 0.01875
1 0.69921875 0.4296875 0.053125 0.015625
1 0.71015625 0.4125 0.0515625 0.00625
1 0.62421875 0.4671875 0.05625 0.0125
1 0.6140625 0.471875 0.0625 0.0171875
1 0.57734375 0.428125 0.0640625 0.0203125