1 0.12109375 0.1875 0.0421875 0.1125
1 0.1734375 0.3625 0.046875 0.075
1 0.32578125 0.384375 0.0265625 0.03125
1 0.25078125 0.23984375 0.040625 0.1046875
1 0.3265625 0.2265625 0.025 0.096875
1 0.2796875 0.10234375 0.03125 0.103125
1 0.1796875 0.096875 0.0328125 0.0828125
1 0.146875 0.05390625 0.028125 0.0828125
1 0.49609375 0.071875 0.0296875 0.059375
1 0.41328125 0.053125 0.0328125 0.065625
1 0.403125 0.1015625 0.0265625 0.0578125
1 0.45234375 0.1421875 0.0296875 0.0625
1 0.5734375 0.178125 0.0234375 0.0578125
1 0.6 0.1640625 0.0234375 0.0453125
1 0.6171875 0.0296875 0.0265625 0.0546875
1 0.65625 0.121875 0.0203125 0.0453125
1 0.70078125 0.1578125 0.0265625 0.05
1 0.87734375 0.0421875 0.01875 0.0515625
1 0.90859375 0.021875 0.0234375 0.04375
1 0.98515625 0.00859375 0.0265625 0.0171875
1 0.98046875 0.07109375 0.0265625 0.0546875
1 0.96640625 0.08828125 0.025 0.0515625
0 0.91484375 0.00859375 0.0140625 0.0171875
1 0.01640625 0.93828125 0.025 0.0515625
1 0.03046875 0.84296875 0.021875 0.0515625
1 0.02109375 0.61328125 0.03125 0.0703125
1 0.21796875 0.628125 0.03125 0.0734375
1 0.1171875 0.653125 0.0296875 0.0703125
1 0.390625 0.98203125 0.021875 0.0359375
1 0.45625 0.875 0.025 0.0703125
1 0.55859375 0.896875 0.0296875 0.0640625
1 0.60859375 0.6640625 0.028125 0.0828125
1 0.79765625 0.6515625 0.0296875 0.0875
1 0.94375 0.790625 0.0234375 0.071875
1 0.93046875 0.784375 0.0296875 0.0734375
1 0.9203125 0.89921875 0.0265625 0.0734375
1 0.8546875 0.91171875 0.028125 0.065625
1 0.86171875 0.98125 0.0203125 0.0375
1 0.69609375 0.92109375 0.0265625 0.065625
1 0.57578125 0.9828125 0.0234375 0.034375
1 0.58984375 0.99296875 0.0171875 0.0140625