1 0.034375 0.0625 0.025 0.0703125
1 0.03984375 0.0890625 0.03125 0.075
1 0.059375 0.18125 0.0265625 0.0640625
1 0.146875 0.11015625 0.025 0.0890625
1 0.09296875 0.27734375 0.0234375 0.0640625
1 0.11015625 0.31953125 0.0234375 0.0640625
1 0.171875 0.22890625 0.01875 0.0515625
1 0.27421875 0.40703125 0.0171875 0.05625
1 0.3359375 0.36953125 0.021875 0.0578125
0 0.4578125 0.28359375 0.0140625 0.0265625
1 0.62578125 0.171875 0.0328125 0.0890625
1 0.671875 0.33828125 0.025 0.0796875
1 0.5375 0.353125 0.0265625 0.0671875
1 0.4328125 0.303125 0.025 0.0765625
1 0.4265625 0.36640625 0.0234375 0.0703125
1 0.6515625 0.42265625 0.025 0.0546875
1 0.92890625 0.390625 0.0234375 0.0859375
1 0.97109375 0.38125 0.0265625 0.0765625
1 0.10390625 0.9578125 0.021875 0.0703125
1 0.3171875 0.88671875 0.025 0.0859375
1 0.9296875 0.53984375 0.025 0.078125
1 0.83125 0.52421875 0.0265625 0.0703125
1 0.575 0.46171875 0.025 0.0234375
1 0.60078125 0.45390625 0.0328125 0.0078125
1 0.49765625 0.5453125 0.01875 0.046875
1 0.590625 0.61796875 0.0234375 0.0578125
1 0.63515625 0.6796875 0.025 0.0515625
1 0.80859375 0.70390625 0.015625 0.0515625
1 0.55546875 0.66484375 0.0234375 0.0515625
1 0.50546875 0.7078125 0.0171875 0.046875
1 0.44296875 0.67265625 0.0234375 0.046875
1 0.4125 0.6234375 0.0234375 0.05