1 0.42109375 0.28203125 0.034375 0.075
1 0.32421875 0.209375 0.03125 0.0703125
1 0.32109375 0.23671875 0.0375 0.0765625
1 0.309375 0.3296875 0.0328125 0.065625
1 0.21640625 0.2671875 0.03125 0.0875
1 0.284375 0.42890625 0.0296875 0.0640625
1 0.27109375 0.46484375 0.0296875 0.0484375
1 0.2015625 0.3875 0.0234375 0.0515625
0 0.4375 0.21328125 0.0171875 0.0234375
0 0.89296875 0.17421875 0.0109375 0.0171875
1 0.51796875 0.39296875 0.021875 0.0421875
1 0.6359375 0.3109375 0.021875 0.0484375
1 0.61640625 0.28828125 0.01875 0.0421875
1 0.5 0.01328125 0.021875 0.0265625
1 0.6734375 0.196875 0.0203125 0.0421875
1 0.73203125 0.17421875 0.0203125 0.0453125
1 0.76796875 0.1515625 0.021875 0.0484375
1 0.86484375 0.15234375 0.0203125 0.046875
1 0.86953125 0.13125 0.01875 0.03125
1 0.825 0.25546875 0.0265625 0.0515625
1 0.80078125 0.3140625 0.01875 0.046875
1 0.7875 0.31015625 0.0203125 0.0484375
1 0.99609375 0.23515625 0.0078125 0.0359375
1 0.4390625 0.971875 0.025 0.0484375
1 0.3359375 0.984375 0.01875 0.03125
1 0.2765625 0.95546875 0.0203125 0.0484375
1 0.2515625 0.97578125 0.028125 0.0484375
1 0.1859375 0.7640625 0.034375 0.0828125
1 0.0375 0.821875 0.0328125 0.0703125
1 0.09765625 0.990625 0.0265625 0.01875
0 0.5125 0.95390625 0.009375 0.015625
1 0.52109375 0.96875 0.0234375 0.0546875
1 0.5421875 0.9515625 0.028125 0.0578125
1 0.58984375 0.9578125 0.025 0.05
1 0.6390625 0.9875 0.025 0.025
1 0.69609375 0.921875 0.025 0.0578125
1 0.71171875 0.89921875 0.0234375 0.0609375
1 0.74921875 0.93515625 0.0234375 0.0546875
1 0.7609375 0.953125 0.0203125 0.053125
1 0.7671875 0.92734375 0.0265625 0.0625
1 0.80078125 0.8421875 0.025 0.0625
1 0.80546875 0.7546875 0.0296875 0.0734375
1 0.84140625 0.68359375 0.0390625 0.0875
1 0.8140625 0.57734375 0.0359375 0.090625
1 0.91484375 0.77265625 0.0265625 0.0640625
1 0.91796875 0.80078125 0.0265625 0.0671875
1 0.88671875 0.78515625 0.0328125 0.078125
1 0.865625 0.8796875 0.025 0.0609375
1 0.8578125 0.88359375 0.0234375 0.0640625