1 0.2546875 0.33515625 0.021875 0.0296875
1 0.2734375 0.31171875 0.021875 0.0640625
1 0.43984375 0.23046875 0.015625 0.05625
1 0.50078125 0.26953125 0.0203125 0.0578125
1 0.971875 0.20546875 0.0296875 0.0734375
1 0.66640625 0.22890625 0.0203125 0.065625
1 0.56640625 0.1859375 0.0140625 0.0625
1 0.50234375 0.6875 0.01875 0.0546875
1 0.47421875 0.58203125 0.0140625 0.040625
1 0.4546875 0.48671875 0.0109375 0.0453125
1 0.51484375 0.44375 0.0140625 0.040625
1 0.41015625 0.42265625 0.015625 0.0328125
1 0.32109375 0.459375 0.0125 0.0328125
1 0.234375 0.4546875 0.01875 0.0390625
1 0.19921875 0.5171875 0.0140625 0.040625
1 0.1796875 0.53671875 0.0125 0.040625
1 0.0265625 0.61796875 0.0203125 0.0484375
1 0.02109375 0.6609375 0.0171875 0.046875
1 0.03046875 0.70859375 0.0203125 0.0546875
1 0.178125 0.746875 0.0203125 0.05
1 0.1953125 0.7546875 0.01875 0.0546875
1 0.2546875 0.64765625 0.0203125 0.0546875
1 0.39453125 0.53828125 0.015625 0.0390625
1 0.42109375 0.534375 0.015625 0.046875
1 0.81796875 0.47578125 0.0171875 0.0484375
1 0.7203125 0.46484375 0.015625 0.053125
1 0.71015625 0.46171875 0.01875 0.0421875
1 0.73203125 0.4234375 0.0140625 0.05
1 0.66328125 0.42265625 0.0171875 0.0484375
1 0.64609375 0.43828125 0.0140625 0.040625
1 0.57265625 0.44296875 0.0140625 0.0390625
1 0.57890625 0.49296875 0.015625 0.05625