1 0.55 0.3265625 0.0265625 0.078125
1 0.6015625 0.203125 0.015625 0.071875
1 0.35390625 0.10078125 0.021875 0.0609375
1 0.3265625 0.10234375 0.0140625 0.05625
1 0.18203125 0.15078125 0.01875 0.0625
1 0.19921875 0.20546875 0.025 0.084375
1 0.05390625 0.0265625 0.0140625 0.0484375
1 0.096875 0.09921875 0.0171875 0.05625
1 0.01484375 0.28671875 0.0171875 0.075
1 0.0015625 0.0390625 0.003125 0.053125
0 0.51015625 0.34765625 0.0171875 0.0328125
1 0.92890625 0.27265625 0.01875 0.071875
1 0.97890625 0.0125 0.0140625 0.025
1 0.94921875 0.01328125 0.0171875 0.0265625
1 0.90234375 0.1328125 0.01875 0.053125
1 0.88515625 0.03359375 0.0140625 0.04375
1 0.85 0.00546875 0.01875 0.0109375
1 0.640625 0.16484375 0.0109375 0.0625
1 0.65234375 0.0609375 0.0109375 0.05
1 0.6171875 0.075 0.015625 0.04375
0 0.6109375 0.08984375 0.003125 0.0265625
0 0.140625 0.49140625 0.0046875 0.0125
1 0.11953125 0.49765625 0.0140625 0.040625
1 0.128125 0.4828125 0.0125 0.028125
1 0.246875 0.5578125 0.0140625 0.05625
1 0.25 0.60078125 0.0140625 0.053125
1 0.3953125 0.484375 0.0125 0.03125
1 0.38125 0.47890625 0.0125 0.0203125
1 0.4265625 0.52890625 0.0125 0.05
1 0.40390625 0.68671875 0.01875 0.0625
1 0.35703125 0.66640625 0.015625 0.065625
1 0.5203125 0.4828125 0.0125 0.028125
1 0.55390625 0.48046875 0.0109375 0.0234375
1 0.759375 0.7 0.0140625 0.059375
1 0.790625 0.6453125 0.0109375 0.0625
1 0.815625 0.57421875 0.0109375 0.04375
1 0.83515625 0.6546875 0.01875 0.053125
1 0.8375 0.7546875 0.0203125 0.0640625
1 0.93671875 0.84296875 0.03125 0.0734375
1 0.9578125 0.73125 0.0140625 0.05625
1 0.99765625 0.74375 0.0046875 0.05
1 0.92890625 0.6234375 0.0140625 0.053125