1 0.24140625 0.3421875 0.028125 0.0625
1 0.21484375 0.33515625 0.01875 0.0578125
1 0.07890625 0.265625 0.025 0.0640625
1 0.10546875 0.2140625 0.03125 0.0859375
1 0.040625 0.42421875 0.01875 0.0109375
1 0.42578125 0.10078125 0.0140625 0.1109375
1 0.6765625 0.16640625 0.025 0.10625
1 0.66640625 0.16875 0.0234375 0.115625
1 0.68984375 0.196875 0.0203125 0.0890625
1 0.71015625 0.196875 0.025 0.109375
1 0.70390625 0.1984375 0.0265625 0.1078125
1 0.721875 0.190625 0.0234375 0.0859375
1 0.72734375 0.13359375 0.025 0.103125
1 0.85390625 0.19453125 0.0359375 0.096875
1 0.896875 0.11640625 0.0296875 0.1203125
1 0.88046875 0.06953125 0.0390625 0.109375
1 0.89609375 0.04453125 0.0359375 0.0890625
1 0.93046875 0.05234375 0.0359375 0.1046875
1 0.9421875 0.096875 0.0359375 0.1296875
1 0.96484375 0.03984375 0.0390625 0.0796875
1 0.98046875 0.06484375 0.0390625 0.1296875
1 0.9921875 0.0609375 0.015625 0.11875
1 0.37421875 0.56484375 0.0375 0.1078125
1 0.1125 0.66484375 0.0265625 0.0984375
1 0.11875 0.62734375 0.034375 0.1046875
1 0.15078125 0.60546875 0.040625 0.109375
1 0.10625 0.88359375 0.028125 0.0859375
1 0.0890625 0.94765625 0.0265625 0.06875
1 0.29765625 0.98984375 0.0265625 0.0203125
1 0.29609375 0.80625 0.0265625 0.0890625
1 0.61171875 0.625 0.0234375 0.078125
1 0.5390625 0.58203125 0.021875 0.0734375
1 0.54296875 0.7234375 0.01875 0.0609375
1 0.53359375 0.73203125 0.0171875 0.0578125
1 0.50390625 0.73828125 0.0203125 0.0625
1 0.47578125 0.7921875 0.021875 0.0453125
1 0.603125 0.71328125 0.015625 0.053125
1 0.60234375 0.75234375 0.015625 0.0453125
1 0.62578125 0.7671875 0.015625 0.05
1 0.64140625 0.76640625 0.0234375 0.0671875
1 0.6984375 0.76953125 0.0171875 0.059375
1 0.6953125 0.734375 0.01875 0.0484375
1 0.725 0.734375 0.021875 0.0671875
1 0.68828125 0.7 0.015625 0.05625
1 0.79375 0.8015625 0.015625 0.0453125
1 0.7921875 0.80859375 0.0109375 0.040625
1 0.8 0.81171875 0.0140625 0.046875
1 0.75625 0.83046875 0.015625 0.0484375
1 0.7609375 0.79296875 0.0203125 0.0390625
1 0.5640625 0.95625 0.0171875 0.0421875
0 0.56171875 0.94140625 0.0078125 0.009375