1 0.21875 0.4640625 0.078125 0.0265625
1 0.3421875 0.51796875 0.071875 0.01875
1 0.44453125 0.26796875 0.0609375 0.021875
1 0.44296875 0.240625 0.05625 0.0140625
1 0.39453125 0.09609375 0.0625 0.01875
1 0.33984375 0.11328125 0.084375 0.025
1 0.44609375 0.0109375 0.05625 0.0171875
0 0.19765625 0.42421875 0.0328125 0.0171875
1 0.68984375 0.03046875 0.059375 0.0171875
1 0.784375 0.12578125 0.05 0.0140625
1 0.5171875 0.246875 0.034375 0.021875
1 0.58671875 0.2390625 0.06875 0.021875
1 0.6625 0.21015625 0.0625 0.0171875
1 0.7265625 0.31796875 0.05 0.015625
1 0.63125 0.29140625 0.05 0.015625
1 0.6890625 0.37578125 0.059375 0.0171875
1 0.6671875 0.38515625 0.04375 0.0171875
1 0.56484375 0.4265625 0.065625 0.015625
1 0.55078125 0.41484375 0.065625 0.0171875
1 0.74140625 0.53515625 0.04375 0.0140625
1 0.77734375 0.4796875 0.05625 0.015625
0 0.50703125 0.00625 0.0140625 0.0125
1 0.4734375 0.73125 0.053125 0.015625
1 0.7625 0.68984375 0.053125 0.0171875
1 0.78515625 0.60546875 0.046875 0.0140625
1 0.79921875 0.578125 0.046875 0.0171875
1 0.8390625 0.5796875 0.0390625 0.0140625
1 0.8171875 0.66953125 0.0515625 0.0140625
1 0.796875 0.7234375 0.034375 0.01875
1 0.83359375 0.7640625 0.040625 0.0125
1 0.77890625 0.853125 0.04375 0.0171875
1 0.77890625 0.81875 0.0359375 0.0171875
1 0.80703125 0.9125 0.040625 0.0203125
1 0.8671875 0.67578125 0.028125 0.0078125
1 0.8671875 0.68359375 0.03125 0.0078125
1 0.8609375 0.690625 0.028125 0.0078125
1 0.87421875 0.6265625 0.0234375 0.0140625
0 0.86875 0.63125 0.0109375 0.00625