1 0.0140625 0.1859375 0.028125 0.075
1 0.0484375 0.253125 0.0375 0.0875
1 0.08671875 0.209375 0.0265625 0.0765625
1 0.19296875 0.346875 0.028125 0.0671875
1 0.2234375 0.3640625 0.0203125 0.0640625
1 0.24765625 0.4140625 0.0234375 0.0546875
1 0.27421875 0.41015625 0.0265625 0.0546875
0 0.2890625 0.39765625 0.0109375 0.015625
1 0.3640625 0.31171875 0.0265625 0.0640625
1 0.415625 0.1890625 0.028125 0.0734375
1 0.3921875 0.25625 0.025 0.06875
0 0.896875 0.30234375 0.0078125 0.0078125
0 0.87421875 0.353125 0.0078125 0.0140625
0 0.85078125 0.409375 0.0078125 0.0171875
0 0.87734375 0.46875 0.0078125 0.0140625
0 0.921875 0.42890625 0.0078125 0.009375
0 0.903125 0.5453125 0.0078125 0.0140625
0 0.66953125 0.53984375 0.00625 0.0140625
0 0.6515625 0.446875 0.009375 0.01875
0 0.6265625 0.49140625 0.0078125 0.009375
0 0.61953125 0.42109375 0.0078125 0.0125
1 0.4890625 0.48984375 0.021875 0.0671875
1 0.58515625 0.4234375 0.025 0.0703125
1 0.6828125 0.25234375 0.0375 0.090625
1 0.728125 0.3734375 0.028125 0.0734375
1 0.63359375 0.58828125 0.0203125 0.0234375
1 0.96953125 0.5765625 0.0171875 0.046875
1 0.98515625 0.50703125 0.01875 0.0640625
1 0.990625 0.34453125 0.01875 0.0796875
1 0.796875 0.484375 0.025 0.0671875
1 0.79140625 0.57265625 0.0203125 0.0546875
1 0.79765625 0.5671875 0.0203125 0.0609375
1 0.14609375 0.88203125 0.0234375 0.0640625
1 0.0140625 0.95390625 0.0234375 0.0640625
1 0.29375 0.878125 0.0296875 0.0859375
1 0.834375 0.69765625 0.0234375 0.0546875
1 0.92109375 0.70546875 0.01875 0.0484375
1 0.95 0.71484375 0.021875 0.0484375
1 0.95546875 0.75390625 0.0171875 0.040625
1 0.86328125 0.7484375 0.0203125 0.053125
1 0.80625 0.73828125 0.021875 0.0359375
1 0.7734375 0.78046875 0.0171875 0.0421875
1 0.6765625 0.7421875 0.021875 0.0453125
1 0.71015625 0.73671875 0.0203125 0.0375
1 0.62265625 0.78046875 0.025 0.0421875
1 0.865625 0.7984375 0.009375 0.028125
1 0.8578125 0.8 0.0109375 0.03125
1 0.85 0.7953125 0.009375 0.028125
1 0.915625 0.796875 0.015625 0.025
0 0.909375 0.7921875 0.0078125 0.0109375