1 0.434375 0.19375 0.109375 0.053125
1 0.1359375 0.4921875 0.06875 0.03125
1 0.109375 0.46953125 0.0640625 0.025
1 0.0546875 0.46328125 0.0546875 0.0265625
1 0.04921875 0.4375 0.05625 0.0296875
0 0.05546875 0.41953125 0.015625 0.0125
1 0.1109375 0.31875 0.065625 0.03125
1 0.20859375 0.22890625 0.0734375 0.0328125
1 0.153125 0.27421875 0.06875 0.0296875
1 0.1015625 0.21015625 0.0765625 0.03125
1 0.09765625 0.13671875 0.0703125 0.0328125
1 0.103125 0.0859375 0.0703125 0.0328125
1 0.15859375 0.1 0.0796875 0.025
1 0.11328125 0.01953125 0.08125 0.028125
1 0.95859375 0.06875 0.0484375 0.0234375
1 0.93828125 0.11015625 0.0484375 0.0234375
1 0.9625 0.10546875 0.0421875 0.0203125
1 0.99140625 0.10234375 0.0171875 0.0203125
1 0.9375 0.23984375 0.0421875 0.0171875
1 0.99140625 0.221875 0.0171875 0.021875
0 0.99375 0.01640625 0.0125 0.0171875
1 0.3328125 0.9609375 0.0375 0.015625
1 0.33984375 0.91875 0.0390625 0.0171875
1 0.40625 0.93203125 0.0421875 0.0171875
1 0.475 0.62109375 0.028125 0.0265625
1 0.34609375 0.77890625 0.0421875 0.0171875
1 0.26796875 0.76640625 0.0390625 0.01875
1 0.38046875 0.6296875 0.0421875 0.0171875
1 0.36171875 0.56953125 0.04375 0.0171875
1 0.26875 0.5859375 0.0375 0.0140625
1 0.740625 0.8078125 0.05625 0.0296875
1 0.68515625 0.8765625 0.053125 0.0265625
1 0.57734375 0.884375 0.0421875 0.0171875
1 0.55859375 0.82421875 0.04375 0.0171875
1 0.58828125 0.5359375 0.0484375 0.0125
1 0.553125 0.53515625 0.05 0.0109375
1 0.65859375 0.5359375 0.0546875 0.0125
0 0.65 0.53828125 0.0140625 0.0109375