1 0.49140625 0.115625 0.075 0.0234375
1 0.41953125 0.1375 0.0859375 0.03125
1 0.45546875 0.184375 0.075 0.01875
1 0.29921875 0.26171875 0.0671875 0.021875
1 0.2765625 0.28828125 0.0625 0.015625
1 0.2234375 0.30234375 0.053125 0.01875
1 0.22265625 0.32890625 0.0546875 0.021875
0 0.23125 0.34609375 0.0140625 0.009375
1 0.3015625 0.43671875 0.0640625 0.021875
1 0.4125 0.51015625 0.0734375 0.021875
1 0.35078125 0.47421875 0.0671875 0.01875
1 0.309375 0.54296875 0.075 0.0140625
1 0.928125 0.54375 0.0625 0.0125
1 0.85703125 0.51875 0.04375 0.0109375
1 0.93828125 0.5 0.0546875 0.0203125
1 0.99375 0.378125 0.0125 0.015625
1 0.9015625 0.05234375 0.0484375 0.01875
1 0.90546875 0.13359375 0.046875 0.01875
1 0.946875 0.17421875 0.0578125 0.0203125
1 0.9703125 0.2 0.059375 0.01875
1 0.87265625 0.2640625 0.0375 0.0140625
1 0.8140625 0.3078125 0.0375 0.0125
1 0.8859375 0.2890625 0.053125 0.0125
1 0.90859375 0.40625 0.053125 0.015625
1 0.32890625 0.9 0.0859375 0.03125
1 0.325 0.85703125 0.0859375 0.0296875
1 0.2609375 0.83828125 0.08125 0.01875
1 0.2546875 0.81328125 0.0734375 0.0203125
1 0.42109375 0.61953125 0.090625 0.0328125
1 0.4328125 0.559375 0.090625 0.01875
1 0.175 0.6265625 0.0640625 0.015625
0 0.71328125 0.92578125 0.0265625 0.0125
1 0.790625 0.83203125 0.0875 0.0203125
1 0.771875 0.81015625 0.090625 0.0171875
1 0.6015625 0.721875 0.025 0.015625
1 0.6078125 0.68125 0.0375 0.021875