1 0.53515625 0.6359375 0.06875 0.034375
1 0.4203125 0.17578125 0.0609375 0.0234375
1 0.390625 0.265625 0.05 0.025
1 0.3859375 0.31171875 0.0546875 0.0234375
1 0.35625 0.296875 0.0484375 0.015625
1 0.346875 0.309375 0.0453125 0.015625
1 0.32578125 0.325 0.0484375 0.01875
1 0.33125 0.30078125 0.04375 0.0125
1 0.33359375 0.2875 0.0421875 0.015625
1 0.33203125 0.284375 0.0453125 0.0171875
1 0.328125 0.265625 0.0421875 0.015625
1 0.32109375 0.24765625 0.025 0.028125
1 0.3125 0.23515625 0.0421875 0.021875
1 0.2828125 0.2203125 0.0421875 0.015625
1 0.28125 0.1765625 0.0453125 0.01875
1 0.25703125 0.14921875 0.040625 0.0125
1 0.3234375 0.13984375 0.0484375 0.01875
1 0.31953125 0.10546875 0.0453125 0.015625
1 0.28984375 0.053125 0.0421875 0.015625
0 0.29609375 0.14921875 0.0171875 0.0109375
1 0.98515625 0.6734375 0.0296875 0.015625
1 0.93046875 0.54140625 0.034375 0.0109375
1 0.98359375 0.3859375 0.0328125 0.01875
1 0.97890625 0.375 0.0421875 0.015625
1 0.95078125 0.3234375 0.04375 0.0140625
1 0.91953125 0.3390625 0.0390625 0.0140625
1 0.8890625 0.340625 0.034375 0.0125
1 0.89921875 0.2390625 0.0390625 0.0140625
1 0.95234375 0.2984375 0.04375 0.0125
1 0.990625 0.284375 0.01875 0.015625
1 0.96796875 0.2015625 0.04375 0.0140625
1 0.9765625 0.1578125 0.046875 0.015625
1 0.91953125 0.15234375 0.040625 0.0125
1 0.6046875 0.86796875 0.06875 0.0359375
1 0.4734375 0.8765625 0.0640625 0.0265625
1 0.4125 0.95625 0.0625 0.0203125
1 0.1390625 0.94921875 0.0453125 0.01875
1 0.209375 0.86015625 0.0515625 0.0171875
1 0.2375 0.9015625 0.0484375 0.01875
1 0.24609375 0.89296875 0.046875 0.0203125
1 0.27109375 0.88515625 0.046875 0.0203125
1 0.2859375 0.8890625 0.0578125 0.0203125
1 0.16484375 0.7515625 0.0546875 0.0171875
1 0.071875 0.75390625 0.0421875 0.0171875
1 0.2265625 0.72890625 0.0578125 0.0234375
1 0.98203125 0.88125 0.0359375 0.040625
1 0.76328125 0.79296875 0.0625 0.025