1 0.52109375 0.19921875 0.0609375 0.0234375
1 0.55234375 0.2875 0.05 0.025
1 0.55859375 0.334375 0.0546875 0.021875
1 0.5875 0.31875 0.0484375 0.015625
1 0.59765625 0.33125 0.0453125 0.0140625
1 0.61796875 0.34609375 0.0484375 0.01875
1 0.6125 0.321875 0.04375 0.0109375
1 0.61015625 0.30859375 0.0421875 0.0140625
1 0.61171875 0.30546875 0.0453125 0.015625
1 0.615625 0.28671875 0.0421875 0.0140625
1 0.621875 0.26875 0.025 0.028125
1 0.63046875 0.25625 0.0421875 0.0203125
1 0.659375 0.23984375 0.0421875 0.0140625
1 0.66015625 0.196875 0.0453125 0.0171875
1 0.6765625 0.16953125 0.025 0.0109375
1 0.6171875 0.1609375 0.0484375 0.01875
1 0.62109375 0.12578125 0.0453125 0.0140625
1 0.64921875 0.0734375 0.0421875 0.0140625
0 0.6453125 0.1703125 0.0171875 0.0109375
1 0.45078125 0.56875 0.0609375 0.0203125
1 0.446875 0.59140625 0.0640625 0.0171875
1 0.49140625 0.5890625 0.065625 0.0234375
1 0.4421875 0.6046875 0.059375 0.015625
1 0.46171875 0.61484375 0.0609375 0.0203125
1 0.42734375 0.7 0.0609375 0.0171875
1 0.45 0.72265625 0.0703125 0.0203125
1 0.47109375 0.7125 0.059375 0.0171875
1 0.44140625 0.76015625 0.0671875 0.01875
1 0.42265625 0.78984375 0.065625 0.0234375
1 0.31015625 0.8609375 0.0640625 0.021875
1 0.23671875 0.9875 0.0828125 0.025
1 0.42578125 0.86953125 0.0671875 0.0234375
1 0.984375 0.784375 0.03125 0.028125