0 0.67109375 0.45625 0.0171875 0.015625
1 0.70703125 0.15234375 0.0640625 0.028125
1 0.64140625 0.1359375 0.0546875 0.0234375
1 0.6734375 0.17890625 0.0625 0.03125
1 0.64765625 0.2015625 0.0640625 0.0265625
1 0.715625 0.234375 0.0609375 0.0265625
1 0.7734375 0.2328125 0.0390625 0.0171875
1 0.8078125 0.33125 0.0390625 0.0171875
1 0.74765625 0.3015625 0.0421875 0.0171875
1 0.7421875 0.3796875 0.04375 0.0234375
1 0.70234375 0.3359375 0.059375 0.021875
1 0.64453125 0.32578125 0.0484375 0.021875
1 0.6765625 0.29453125 0.059375 0.021875
1 0.54765625 0.32109375 0.071875 0.0265625
1 0.6390625 0.46015625 0.05625 0.0234375
1 0.6703125 0.475 0.0609375 0.025
1 0.35703125 0.4875 0.090625 0.03125
0 0.215625 0.659375 0.0140625 0.009375
1 0.0125 0.53984375 0.025 0.0171875
1 0.0359375 0.58046875 0.0359375 0.015625
1 0.05390625 0.615625 0.0328125 0.015625
1 0.04609375 0.66015625 0.03125 0.0125
1 0.01484375 0.63515625 0.0296875 0.0171875
1 0.40703125 0.8796875 0.0515625 0.0375
1 0.59609375 0.95390625 0.08125 0.0421875
1 0.60859375 0.89375 0.0703125 0.040625
1 0.76796875 0.82890625 0.0453125 0.021875
1 0.78125 0.60625 0.04375 0.0234375
1 0.48671875 0.68671875 0.1046875 0.046875
1 0.8234375 0.57890625 0.0625 0.034375
1 0.84609375 0.68984375 0.0421875 0.021875
1 0.8703125 0.5953125 0.0421875 0.0203125
1 0.85625 0.56796875 0.0453125 0.025
1 0.86015625 0.5546875 0.046875 0.025