1 0.5265625 0.11796875 0.0203125 0.0609375
1 0.5859375 0.18671875 0.0140625 0.053125
1 0.58671875 0.22578125 0.0140625 0.053125
1 0.42890625 0.2625 0.0140625 0.034375
1 0.49140625 0.2734375 0.0140625 0.0125
1 0.43828125 0.1859375 0.0171875 0.05
1 0.5203125 0.225 0.0140625 0.0484375
1 0.375 0.14140625 0.0171875 0.046875
1 0.23046875 0.01015625 0.0234375 0.0203125
1 0.2125 0.22421875 0.0140625 0.05625
0 0.2390625 0.20234375 0.00625 0.021875
1 0.30859375 0.26484375 0.0109375 0.0296875
1 0.36171875 0.26953125 0.0171875 0.0203125
1 0.80078125 0.0515625 0.0109375 0.040625
1 0.803125 0.0640625 0.0109375 0.0390625
1 0.84375 0.08359375 0.0125 0.046875
1 0.89765625 0.075 0.0109375 0.0390625
1 0.9140625 0.071875 0.0109375 0.04375
1 0.93125 0.0875 0.0109375 0.04375
1 0.92109375 0.0421875 0.0140625 0.0578125
1 0.91015625 0.12734375 0.0109375 0.0390625
1 0.9984375 0.11328125 0.003125 0.0453125
0 0.040625 0.6546875 0.00625 0.0140625
0 0.1484375 0.3578125 0.00625 0.0140625
0 0.21328125 0.496875 0.00625 0.0125
0 0.28828125 0.33359375 0.0078125 0.0125
0 0.384375 0.48828125 0.009375 0.0125
0 0.465625 0.35546875 0.0078125 0.0125
0 0.56875 0.45234375 0.00625 0.009375
0 0.425 0.6203125 0.00625 0.015625
0 0.46015625 0.7609375 0.00625 0.009375
1 0.20859375 0.69296875 0.015625 0.046875
1 0.2 0.61328125 0.0125 0.06875
1 0.3 0.69609375 0.0171875 0.05
1 0.34375 0.73046875 0.0109375 0.04375
1 0.4328125 0.69765625 0.0140625 0.05
1 0.39453125 0.63671875 0.0140625 0.0640625
1 0.50859375 0.6390625 0.0203125 0.053125
1 0.53046875 0.6609375 0.0171875 0.053125
1 0.40546875 0.77578125 0.0109375 0.0375
1 0.5171875 0.7375 0.0109375 0.046875
1 0.5515625 0.72265625 0.0140625 0.040625
1 0.5671875 0.715625 0.0109375 0.05625
1 0.5875 0.6921875 0.0140625 0.046875
1 0.59765625 0.6765625 0.0046875 0.05625
1 0.5796875 0.62265625 0.0125 0.0625
1 0.54765625 0.62109375 0.0125 0.0640625
1 0.115625 0.59140625 0.015625 0.071875
1 0.709375 0.2984375 0.015625 0.0375
1 0.75234375 0.55078125 0.0140625 0.059375
1 0.9046875 0.49609375 0.0171875 0.0609375
1 0.85703125 0.59140625 0.0140625 0.0609375
1 0.88125 0.61484375 0.0140625 0.059375
1 0.70703125 0.62421875 0.0140625 0.046875
1 0.634375 0.52578125 0.015625 0.05625
1 0.60234375 0.73125 0.0046875 0.040625
1 0.61328125 0.803125 0.0140625 0.04375
1 0.72109375 0.8359375 0.0109375 0.034375
1 0.73203125 0.78671875 0.0109375 0.040625
1 0.75078125 0.81484375 0.0109375 0.040625
1 0.81328125 0.75546875 0.0109375 0.04375
1 0.72734375 0.70625 0.0109375 0.046875
1 0.7125 0.68671875 0.0171875 0.046875