1 0.3296875 0.5578125 0.040625 0.0125
1 0.2734375 0.53046875 0.0484375 0.0171875
1 0.32734375 0.4453125 0.0453125 0.0140625
1 0.39921875 0.41171875 0.0375 0.015625
1 0.3703125 0.47265625 0.046875 0.015625
1 0.4203125 0.503125 0.01875 0.015625
1 0.3484375 0.2296875 0.0375 0.015625
1 0.2234375 0.2640625 0.040625 0.015625
1 0.39140625 0.29140625 0.053125 0.0125
1 0.38515625 0.34296875 0.0453125 0.01875
1 0.28828125 0.3859375 0.053125 0.0140625
1 0.76875 0.55703125 0.0484375 0.0140625
1 0.746875 0.56484375 0.05 0.0078125
1 0.73046875 0.5515625 0.04375 0.015625
1 0.68828125 0.51796875 0.0453125 0.0109375
1 0.6765625 0.47578125 0.040625 0.0125
1 0.83125 0.49921875 0.05625 0.0140625
1 0.753125 0.43359375 0.046875 0.0125
1 0.73203125 0.4265625 0.046875 0.009375
1 0.69296875 0.396875 0.0359375 0.0125
1 0.68359375 0.40078125 0.034375 0.009375
1 0.65390625 0.35625 0.03125 0.0078125
1 0.75078125 0.38828125 0.046875 0.015625
1 0.74453125 0.37265625 0.04375 0.0125
1 0.828125 0.359375 0.05625 0.01875
1 0.7578125 0.321875 0.034375 0.0125
1 0.72421875 0.30625 0.0375 0.009375
1 0.725 0.29921875 0.040625 0.0125
1 0.73046875 0.278125 0.0375 0.0109375
1 0.7015625 0.26328125 0.034375 0.009375
0 0.734375 0.30078125 0.00625 0.003125
1 0.0359375 0.659375 0.0421875 0.0171875
1 0.05 0.571875 0.046875 0.00625
1 0.08515625 0.72578125 0.0515625 0.0171875
1 0.05546875 0.7296875 0.046875 0.0125
1 0.015625 0.903125 0.03125 0.009375
1 0.0640625 0.92578125 0.046875 0.0125
1 0.12734375 0.9328125 0.053125 0.0125
1 0.18828125 0.8953125 0.0640625 0.0234375
1 0.1296875 0.8625 0.05 0.015625
1 0.12578125 0.79296875 0.0546875 0.0171875
1 0.15859375 0.74765625 0.059375 0.0140625
0 0.6171875 0.82109375 0.0140625 0.00625
0 0.64921875 0.67734375 0.015625 0.0109375
0 0.6390625 0.57734375 0.015625 0.009375
0 0.4734375 0.65078125 0.0140625 0.0109375
0 0.46796875 0.74609375 0.0125 0.0109375
0 0.48125 0.90859375 0.0125 0.0078125
0 0.5875 0.95625 0.01875 0.0109375
0 0.4375 0.98125 0.009375 0.0078125
1 0.459375 0.57578125 0.05625 0.0140625
1 0.52421875 0.796875 0.0953125 0.025
1 0.58125 0.75078125 0.0734375 0.0234375
1 0.8703125 0.93125 0.1125 0.0390625
1 0.4359375 0.865625 0.0125 0.01875