1 0.02109375 0.2296875 0.0421875 0.03125
1 0.06328125 0.3046875 0.0546875 0.0234375
1 0.1015625 0.315625 0.0546875 0.0234375
1 0.203125 0.33125 0.0421875 0.0171875
1 0.26484375 0.3203125 0.0484375 0.0234375
1 0.23671875 0.22421875 0.046875 0.0203125
1 0.1765625 0.171875 0.0390625 0.0203125
1 0.1875 0.23828125 0.0484375 0.021875
1 0.09765625 0.1609375 0.0515625 0.025
1 0.11640625 0.25078125 0.05 0.021875
1 0.0703125 0.0890625 0.0484375 0.025
1 0.2765625 0.0109375 0.0390625 0.0203125
1 0.38671875 0.078125 0.0421875 0.0203125
1 0.2171875 0.0578125 0.0546875 0.0203125
1 0.209375 0.11015625 0.0453125 0.025
1 0.290625 0.17734375 0.0546875 0.021875
1 0.79765625 0.153125 0.065625 0.03125
1 0.99296875 0.09453125 0.0140625 0.0203125
1 0.95078125 0.221875 0.0375 0.021875
1 0.94375 0.29296875 0.04375 0.0140625
1 0.89140625 0.36171875 0.0515625 0.021875
1 0.89140625 0.41484375 0.0484375 0.01875
1 0.9484375 0.3796875 0.0421875 0.0171875
1 0.975 0.3546875 0.0390625 0.0171875
1 0.9828125 0.340625 0.034375 0.01875
0 0.50390625 0.52421875 0.0140625 0.009375
1 0.184375 0.6578125 0.084375 0.0375
1 0.27890625 0.76328125 0.06875 0.028125
1 0.4640625 0.696875 0.05625 0.0296875
1 0.5734375 0.71796875 0.0390625 0.01875
1 0.51953125 0.778125 0.0515625 0.025
1 0.47421875 0.83046875 0.046875 0.025
1 0.48671875 0.925 0.0421875 0.0203125
1 0.35 0.9953125 0.065625 0.009375
1 0.375 0.97265625 0.065625 0.03125
1 0.2875 0.91953125 0.0640625 0.028125
1 0.45546875 0.5234375 0.053125 0.0203125
1 0.54140625 0.4578125 0.0515625 0.021875
1 0.5265625 0.53671875 0.03125 0.01875
1 0.5140625 0.54921875 0.0421875 0.0203125
1 0.6875 0.84375 0.075 0.0375
1 0.74296875 0.94296875 0.084375 0.0296875
1 0.80859375 0.9921875 0.0796875 0.015625
1 0.98125 0.9796875 0.0375 0.021875
1 0.98984375 0.971875 0.0203125 0.025
1 0.97734375 0.9328125 0.0453125 0.025
1 0.98046875 0.89765625 0.0390625 0.0203125
1 0.971875 0.70859375 0.05625 0.0265625
1 0.959375 0.671875 0.078125 0.0328125