0 0.40625 0.12421875 0.00625 0.0078125
0 0.3390625 0.2 0.009375 0.0078125
0 0.275 0.2921875 0.009375 0.00625
0 0.19765625 0.3046875 0.009375 0.00625
0 0.1703125 0.16328125 0.0078125 0.0078125
0 0.19296875 0.115625 0.009375 0.00625
0 0.26953125 0.06328125 0.0109375 0.0046875
0 0.109375 0.1796875 0.0078125 0.0046875
0 0.14296875 0.19140625 0.009375 0.00625
0 0.05 0.32421875 0.0109375 0.0046875
0 0.09296875 0.41328125 0.0125 0.00625
0 0.0671875 0.334375 0.009375 0.0078125
1 0.16015625 0.00234375 0.0515625 0.0046875
1 0.2234375 0.04296875 0.059375 0.028125
1 0.20078125 0.065625 0.0578125 0.01875
1 0.175 0.08671875 0.053125 0.0203125
1 0.13671875 0.14375 0.0578125 0.0203125
1 0.1 0.240625 0.0515625 0.01875
1 0.071875 0.253125 0.04375 0.0125
1 0.1109375 0.3359375 0.05 0.0171875
1 0.20546875 0.38515625 0.053125 0.01875
1 0.23359375 0.16640625 0.0625 0.021875
1 0.228125 0.0796875 0.0609375 0.0203125
1 0.28046875 0.0328125 0.0640625 0.0203125
1 0.35625 0.35234375 0.0640625 0.01875
1 0.378125 0.44296875 0.0625 0.0234375
1 0.03515625 0.3375 0.0421875 0.015625
1 0.15 0.55078125 0.0515625 0.021875
0 0.60703125 0.0734375 0.025 0.009375
1 0.64453125 0.14765625 0.053125 0.015625
1 0.59609375 0.0984375 0.05 0.015625
1 0.63984375 0.05546875 0.0609375 0.025
1 0.678125 0.1328125 0.0578125 0.01875
1 0.73046875 0.06796875 0.0671875 0.0296875
1 0.79296875 0.1984375 0.0671875 0.0234375
1 0.8015625 0.21328125 0.0484375 0.025
1 0.78125 0.4203125 0.065625 0.0234375
1 0.8609375 0.39609375 0.075 0.0359375
1 0.91796875 0.54609375 0.0734375 0.028125
1 0.940625 0.571875 0.0859375 0.028125
1 0.79296875 0.01953125 0.0671875 0.0234375
1 0.753125 0.03359375 0.05 0.025
1 0.74296875 0.00546875 0.0671875 0.0109375
1 0.2875 0.68515625 0.0453125 0.0171875
1 0.2625 0.721875 0.0546875 0.021875
1 0.21171875 0.77578125 0.0484375 0.015625
1 0.34296875 0.8140625 0.0546875 0.021875
1 0.22890625 0.925 0.0515625 0.021875
1 0.2859375 0.978125 0.0515625 0.021875
1 0.38046875 0.99453125 0.0515625 0.0109375
1 0.9125 0.87265625 0.08125 0.025
1 0.946875 0.775 0.0859375 0.0265625
1 0.86484375 0.71328125 0.08125 0.0265625
1 0.74375 0.65625 0.065625 0.0125
1 0.73984375 0.67578125 0.05625 0.015625
1 0.8078125 0.73671875 0.0734375 0.021875
1 0.78125 0.76328125 0.0625 0.021875
1 0.79296875 0.8015625 0.0625 0.0234375
1 0.79140625 0.90546875 0.0515625 0.021875
1 0.75859375 0.75 0.0484375 0.0140625
1 0.73515625 0.69609375 0.05 0.015625