0 0.25234375 0.02890625 0.009375 0.0046875
0 0.17421875 0.03203125 0.009375 0.0046875
0 0.025 0.03359375 0.0109375 0.003125
0 0.05703125 0.12734375 0.0125 0.0046875
0 0.040625 0.04609375 0.009375 0.00625
1 0.084375 0.053125 0.0484375 0.0109375
1 0.171875 0.11328125 0.0515625 0.0125
1 0.32578125 0.09921875 0.0625 0.0109375
1 0.33984375 0.1921875 0.0671875 0.015625
1 0.0140625 0.04453125 0.028125 0.0109375
1 0.334375 0.5453125 0.0703125 0.01875
1 0.096875 0.27109375 0.05 0.015625
1 0.1875 0.415625 0.05625 0.015625
1 0.153125 0.45546875 0.0546875 0.0171875
1 0.23515625 0.53046875 0.0625 0.015625
1 0.32109375 0.5203125 0.06875 0.015625
1 0.8421875 0.28046875 0.09375 0.025
1 0.70859375 0.15 0.0875 0.01875
1 0.14296875 0.99140625 0.03125 0.009375
1 0.20390625 0.95390625 0.053125 0.00625
1 0.3328125 0.94140625 0.046875 0.0125
1 0.22890625 0.875 0.04375 0.0125
1 0.234375 0.70625 0.04375 0.0125
1 0.17578125 0.696875 0.034375 0.0125
1 0.2609375 0.63984375 0.0484375 0.0078125
1 0.33046875 0.6859375 0.0484375 0.009375
1 0.34453125 0.6125 0.0453125 0.009375
1 0.3859375 0.6734375 0.0484375 0.0125
1 0.45546875 0.74609375 0.053125 0.0125
1 0.44609375 0.7671875 0.046875 0.0125