0 0.49921875 0.03125 0.009375 0.00625
0 0.42109375 0.0234375 0.009375 0.00625
0 0.2734375 0.0046875 0.0109375 0.0046875
0 0.29140625 0.1015625 0.0125 0.00625
0 0.28671875 0.01875 0.009375 0.0078125
1 0.32890625 0.03203125 0.05 0.0171875
1 0.40703125 0.10390625 0.053125 0.0203125
1 0.25546875 0.0140625 0.0421875 0.0171875
1 0.3109375 0.25 0.0515625 0.021875
1 0.38046875 0.40546875 0.0578125 0.0234375
1 0.34140625 0.43984375 0.05625 0.025
1 0.66484375 0.0015625 0.0453125 0.003125
1 0.678125 0.04609375 0.0546875 0.021875
1 0.6171875 0.078125 0.0328125 0.0140625
1 0.58515625 0.0234375 0.03125 0.0109375
1 0.57421875 0.034375 0.0328125 0.0140625
1 0.58046875 0.2078125 0.0296875 0.0140625
1 0.61796875 0.14296875 0.0421875 0.0203125
1 0.67109375 0.2234375 0.0421875 0.0203125
1 0.76015625 0.32890625 0.0578125 0.0234375
1 0.7046875 0.415625 0.0578125 0.01875
1 0.68671875 0.49375 0.0546875 0.0125
1 0.63828125 0.24453125 0.0375 0.0109375
1 0.60390625 0.23125 0.0421875 0.015625
1 0.59609375 0.246875 0.0421875 0.015625
1 0.58671875 0.2625 0.0515625 0.0171875
1 0.58828125 0.33125 0.046875 0.0140625
1 0.478125 0.9640625 0.0734375 0.025
1 0.4875 0.97734375 0.075 0.021875
1 0.42734375 0.9875 0.0609375 0.0203125
1 0.36796875 0.9921875 0.0515625 0.015625
1 0.36640625 0.93671875 0.0546875 0.021875
1 0.42265625 0.93984375 0.0546875 0.021875
1 0.28125 0.9171875 0.0578125 0.01875
1 0.24765625 0.82265625 0.0421875 0.01875
1 0.33203125 0.734375 0.0453125 0.021875
1 0.446875 0.6375 0.0625 0.01875
1 0.39296875 0.540625 0.0421875 0.0203125
1 0.840625 0.534375 0.0546875 0.0203125
1 0.68828125 0.55390625 0.0421875 0.015625
0 0.68046875 0.5578125 0.0140625 0.00625
1 0.66171875 0.5828125 0.0421875 0.015625
1 0.67734375 0.64140625 0.0421875 0.01875
1 0.728125 0.61484375 0.0546875 0.0203125
1 0.78046875 0.69765625 0.0515625 0.01875
1 0.72734375 0.7140625 0.0609375 0.0234375
1 0.621875 0.71015625 0.0375 0.0125
1 0.659375 0.79453125 0.046875 0.021875
1 0.64921875 0.8984375 0.0453125 0.015625
1 0.68984375 0.95390625 0.0484375 0.015625
1 0.66640625 0.98046875 0.0578125 0.0234375
1 0.60703125 0.88515625 0.0453125 0.01875
1 0.603125 0.89453125 0.046875 0.01875