1 0.53828125 0.053125 0.0828125 0.0296875
1 0.4875 0.296875 0.0765625 0.021875
1 0.44765625 0.27890625 0.0546875 0.025
1 0.4203125 0.3453125 0.0734375 0.028125
1 0.31796875 0.22578125 0.06875 0.01875
1 0.30625 0.20625 0.06875 0.01875
1 0.16796875 0.23515625 0.0640625 0.01875
0 0.603125 0.25234375 0.028125 0.0171875
1 0.85625 0.0390625 0.065625 0.01875
1 0.90234375 0.18125 0.0515625 0.0171875
0 0.35703125 0.97734375 0.01875 0.009375
1 0.603125 0.65078125 0.09375 0.0328125
1 0.45234375 0.47734375 0.0859375 0.028125
1 0.3203125 0.62890625 0.071875 0.015625
1 0.26328125 0.58125 0.053125 0.01875
1 0.21875 0.47265625 0.05625 0.01875
1 0.18828125 0.44453125 0.05625 0.0125
1 0.10859375 0.47578125 0.0375 0.0109375
1 0.04921875 0.41875 0.046875 0.0125
1 0.0171875 0.44140625 0.034375 0.0109375
1 0.0890625 0.53046875 0.05 0.0125
1 0.04921875 0.66328125 0.04375 0.0125
1 0.134375 0.703125 0.05625 0.0125
1 0.11953125 0.778125 0.05625 0.0125
1 0.2703125 0.87578125 0.078125 0.0203125
1 0.31484375 0.97734375 0.0890625 0.0328125
1 0.08671875 0.9109375 0.05 0.01875
1 0.0140625 0.7328125 0.028125 0.009375
1 0.8046875 0.98515625 0.059375 0.021875
1 0.82890625 0.97734375 0.0609375 0.0140625
1 0.70546875 0.97578125 0.0578125 0.0125
1 0.6921875 0.99296875 0.04375 0.0109375
1 0.6875 0.9875 0.046875 0.0140625
1 0.78359375 0.921875 0.05625 0.0140625
1 0.8015625 0.84921875 0.05625 0.015625
1 0.82109375 0.7 0.0328125 0.0109375
1 0.80390625 0.6875 0.0546875 0.0125
1 0.7984375 0.68046875 0.0546875 0.0140625
1 0.66796875 0.67734375 0.0359375 0.0109375
1 0.6859375 0.8390625 0.040625 0.0109375
1 0.6953125 0.7890625 0.04375 0.0109375
1 0.6890625 0.778125 0.04375 0.0140625
1 0.6625 0.4046875 0.025 0.009375