1 0.171875 0.1390625 0.0515625 0.0203125
1 0.01015625 0.175 0.0203125 0.021875
1 0.0078125 0.259375 0.015625 0.025
1 0.14296875 0.2046875 0.0703125 0.0234375
0 0.3390625 0.12578125 0.0296875 0.015625
1 0.37109375 0.06484375 0.0765625 0.028125
1 0.63671875 0.23125 0.0609375 0.028125
1 0.50703125 0.2921875 0.0828125 0.03125
1 0.7421875 0.34453125 0.0453125 0.0171875
1 0.7875 0.315625 0.0546875 0.0203125
1 0.77734375 0.29609375 0.0515625 0.0265625
1 0.8265625 0.28359375 0.0453125 0.0171875
1 0.853125 0.27578125 0.0546875 0.0234375
1 0.87421875 0.26484375 0.0609375 0.0203125
1 0.853125 0.2515625 0.05 0.0203125
1 0.878125 0.25 0.0421875 0.015625
1 0.89140625 0.24375 0.0515625 0.0171875
1 0.9171875 0.22734375 0.0515625 0.0203125
1 0.9109375 0.2140625 0.05 0.021875
1 0.88671875 0.21953125 0.053125 0.0203125
1 0.840625 0.2328125 0.0546875 0.0171875
1 0.8125 0.1125 0.0609375 0.025
1 0.89296875 0.14375 0.0609375 0.0203125
1 0.00546875 0.78203125 0.0109375 0.0140625
1 0.00625 0.70078125 0.0125 0.0140625
1 0.71484375 0.63359375 0.0421875 0.01875
1 0.69140625 0.6375 0.028125 0.021875
1 0.6453125 0.6328125 0.059375 0.025
1 0.49765625 0.7234375 0.0609375 0.028125
1 0.4171875 0.83046875 0.075 0.0328125
1 0.67421875 0.80546875 0.0609375 0.025
1 0.71953125 0.84296875 0.0546875 0.021875
1 0.61796875 0.96171875 0.0640625 0.028125
1 0.753125 0.9296875 0.0546875 0.021875
1 0.76796875 0.9109375 0.0421875 0.021875
1 0.81640625 0.91640625 0.046875 0.01875
1 0.79140625 0.7921875 0.0453125 0.021875
1 0.74921875 0.74765625 0.0515625 0.0265625
1 0.74140625 0.725 0.046875 0.01875
1 0.75078125 0.70703125 0.0421875 0.0171875
1 0.7203125 0.703125 0.0484375 0.0203125
1 0.7078125 0.7015625 0.0484375 0.021875
1 0.70703125 0.69140625 0.046875 0.01875
1 0.69921875 0.67578125 0.0453125 0.0234375
1 0.6671875 0.67265625 0.0546875 0.021875