1 0.25703125 0.175 0.0515625 0.025
1 0.4265625 0.2265625 0.046875 0.028125
1 0.425 0.31171875 0.05 0.0296875
1 0.27890625 0.24375 0.0703125 0.028125
1 0.7984375 0.13125 0.0890625 0.040625
1 0.58203125 0.084375 0.078125 0.0359375
1 0.5578125 0.209375 0.0828125 0.040625
1 0.584375 0.0375 0.06875 0.034375
1 0.14453125 0.4546875 0.065625 0.0328125
1 0.8578125 0.5375 0.0734375 0.0328125
1 0.746875 0.440625 0.059375 0.03125
1 0.690625 0.5390625 0.0703125 0.0296875
1 0.728125 0.5828125 0.0640625 0.0296875
1 0.66953125 0.63203125 0.0546875 0.028125
1 0.73046875 0.6984375 0.0703125 0.028125
1 0.60703125 0.73984375 0.0515625 0.021875
1 0.5953125 0.7359375 0.0515625 0.025
1 0.5453125 0.63046875 0.046875 0.01875
1 0.54140625 0.546875 0.0484375 0.0203125
1 0.60234375 0.6 0.0453125 0.0234375
1 0.6328125 0.559375 0.05 0.0265625
1 0.6375 0.796875 0.0640625 0.0296875
1 0.66875 0.84375 0.0765625 0.0328125
1 0.67890625 0.8640625 0.0765625 0.0328125
1 0.8078125 0.990625 0.078125 0.01875