1 0.346875 0.565625 0.028125 0.046875
1 0.22109375 0.4515625 0.021875 0.0875
1 0.078125 0.20703125 0.021875 0.071875
1 0.11875 0.23203125 0.0265625 0.075
1 0.109375 0.1640625 0.021875 0.0625
1 0.0875 0.1515625 0.01875 0.071875
1 0.12109375 0.08125 0.0234375 0.0671875
1 0.32578125 0.2375 0.0140625 0.0625
1 0.3015625 0.315625 0.0140625 0.0671875
1 0.5 0.35 0.01875 0.06875
1 0.64140625 0.475 0.028125 0.0859375
1 0.64453125 0.0109375 0.0171875 0.021875
1 0.50390625 0.0375 0.015625 0.0515625
1 0.47109375 0.240625 0.015625 0.0453125
1 0.46015625 0.2546875 0.0203125 0.0578125
1 0.34453125 0.25625 0.01875 0.071875
0 0.48515625 0.38359375 0.0140625 0.0234375
1 0.95546875 0.40546875 0.0171875 0.0765625
1 0.87421875 0.475 0.025 0.08125
1 0.83046875 0.28671875 0.0203125 0.06875
1 0.69453125 0.23671875 0.015625 0.0484375
1 0.73359375 0.3078125 0.0140625 0.05625
1 0.6859375 0.353125 0.01875 0.05625
1 0.7 0.3421875 0.0296875 0.0296875
1 0.671875 0.325 0.00625 0.040625
0 0.68046875 0.353125 0.0140625 0.028125
0 0.33046875 0.815625 0.00625 0.009375
1 0.53359375 0.903125 0.0109375 0.046875
1 0.37578125 0.95859375 0.0140625 0.05
1 0.359375 0.834375 0.0109375 0.0375
1 0.35625 0.81015625 0.009375 0.03125
1 0.30234375 0.8671875 0.0109375 0.04375
1 0.22109375 0.83359375 0.0078125 0.0359375
1 0.209375 0.8265625 0.0078125 0.034375
1 0.19765625 0.88359375 0.009375 0.04375
1 0.1796875 0.88828125 0.0140625 0.046875
1 0.1140625 0.8671875 0.009375 0.040625
1 0.10078125 0.8640625 0.0125 0.0375
1 0.0890625 0.8296875 0.0109375 0.034375
1 0.0140625 0.9234375 0.0109375 0.0484375
0 0.98046875 0.79609375 0.009375 0.01875
1 0.98359375 0.70703125 0.0171875 0.0671875
1 0.86953125 0.76875 0.021875 0.06875
1 0.8375 0.64453125 0.0203125 0.065625
1 0.86328125 0.61328125 0.0171875 0.0484375
1 0.80625 0.93203125 0.028125 0.0828125