1 0.02734375 0.1578125 0.025 0.075
1 0.0140625 0.225 0.021875 0.0625
1 0.02109375 0.30859375 0.0234375 0.0671875
1 0.234375 0.16328125 0.0140625 0.0625
1 0.2140625 0.084375 0.0140625 0.0671875
1 0.4140625 0.06015625 0.0171875 0.06875
1 0.540625 0.428125 0.0171875 0.065625
1 0.4015625 0.37265625 0.015625 0.0515625
1 0.3796875 0.1671875 0.015625 0.0453125
1 0.36953125 0.153125 0.0203125 0.0578125
1 0.25390625 0.1453125 0.0171875 0.071875
0 0.4015625 0.02578125 0.0125 0.0234375
1 0.65859375 0.1109375 0.015625 0.0609375
1 0.70234375 0.11171875 0.0203125 0.0578125
1 0.71171875 0.0890625 0.0125 0.0609375
1 0.70390625 0.2125 0.0109375 0.0578125
1 0.6859375 0.2234375 0.009375 0.04375
1 0.69140625 0.22890625 0.0125 0.046875
1 0.72421875 0.28359375 0.009375 0.04375
1 0.76328125 0.1375 0.0125 0.05625
1 0.83671875 0.12421875 0.0140625 0.05625
1 0.98828125 0.115625 0.009375 0.0328125
1 0.99609375 0.13359375 0.0078125 0.0546875
1 0.996875 0.2765625 0.00625 0.05
1 0.93125 0.32421875 0.009375 0.0375
1 0.8953125 0.32109375 0.009375 0.0375
1 0.8453125 0.28984375 0.009375 0.040625
1 0.83984375 0.24140625 0.009375 0.040625
1 0.88984375 0.23515625 0.009375 0.04375
1 0.90078125 0.2421875 0.0125 0.04375
1 0.03046875 0.9703125 0.0171875 0.059375
1 0.07734375 0.98125 0.0140625 0.0375
1 0.12890625 0.9890625 0.0140625 0.021875
1 0.1953125 0.85859375 0.0234375 0.06875
1 0.33515625 0.96171875 0.0203125 0.05625
1 0.57734375 0.98046875 0.0140625 0.0390625
1 0.58828125 0.99140625 0.0140625 0.0171875
1 0.78984375 0.85 0.00625 0.0375
1 0.79453125 0.87265625 0.009375 0.040625
1 0.8296875 0.86875 0.009375 0.03125
1 0.8359375 0.90234375 0.00625 0.034375
1 0.85390625 0.8875 0.009375 0.03125
1 0.86015625 0.86015625 0.0078125 0.03125
1 0.86484375 0.82578125 0.00625 0.0375
1 0.82890625 0.8484375 0.0078125 0.03125
1 0.86484375 0.84296875 0.00625 0.0265625
1 0.81484375 0.83359375 0.009375 0.0390625
0 0.7515625 0.85078125 0.00625 0.015625
0 0.82265625 0.93203125 0.00625 0.0140625
0 0.85234375 0.8484375 0.00625 0.0109375