1 0.09375 0.30234375 0.0375 0.0890625
1 0.3078125 0.1546875 0.0359375 0.06875
1 0.1875 0.0359375 0.034375 0.071875
1 0.15234375 0.0671875 0.0390625 0.078125
1 0.1484375 0.015625 0.034375 0.03125
1 0.1671875 0.009375 0.03125 0.01875
0 0.4875 0.3484375 0.00625 0.0109375
1 0.9953125 0.3453125 0.009375 0.078125
1 0.93515625 0.11484375 0.03125 0.0734375
1 0.95078125 0.06171875 0.0328125 0.0765625
1 0.79296875 0.06484375 0.0296875 0.05625
1 0.75390625 0.01484375 0.0296875 0.0296875
1 0.73125 0.15703125 0.03125 0.0703125
1 0.75703125 0.3484375 0.0328125 0.06875
1 0.6078125 0.33984375 0.03125 0.078125
1 0.59609375 0.34296875 0.0375 0.0796875
1 0.5078125 0.309375 0.0390625 0.071875
1 0.48359375 0.32734375 0.034375 0.075
1 0.36640625 0.184375 0.0140625 0.065625
1 0.36796875 0.396875 0.0171875 0.065625
1 0.0375 0.89296875 0.040625 0.090625
1 0.11015625 0.70078125 0.03125 0.0703125
1 0.0421875 0.5140625 0.0234375 0.0546875
1 0.14453125 0.453125 0.0234375 0.0375
1 0.19765625 0.49296875 0.0171875 0.0390625
1 0.215625 0.49921875 0.0234375 0.0578125
1 0.175 0.5796875 0.025 0.0546875
1 0.16640625 0.59296875 0.0234375 0.0578125
1 0.33359375 0.62890625 0.025 0.0578125
1 0.31640625 0.5515625 0.0203125 0.0484375
1 0.30078125 0.5078125 0.021875 0.0546875
1 0.265625 0.4546875 0.025 0.046875
1 0.26640625 0.52890625 0.025 0.0546875
0 0.71796875 0.4890625 0.00625 0.0109375
1 0.43359375 0.48203125 0.0203125 0.053125
1 0.46640625 0.4625 0.0203125 0.0484375
1 0.5265625 0.5125 0.0234375 0.0546875
1 0.54609375 0.4765625 0.021875 0.0421875
1 0.59921875 0.453125 0.0203125 0.046875
1 0.609375 0.453125 0.0171875 0.0390625
1 0.61171875 0.48984375 0.021875 0.0515625
1 0.63046875 0.46171875 0.0171875 0.0453125
1 0.6765625 0.53125 0.0328125 0.059375
1 0.75546875 0.496875 0.0265625 0.05
1 0.7171875 0.46953125 0.0265625 0.0484375
1 0.78359375 0.45859375 0.021875 0.0390625
1 0.76640625 0.44921875 0.0203125 0.0390625
1 0.7515625 0.44609375 0.015625 0.0328125
1 0.7453125 0.4453125 0.015625 0.03125
1 0.74765625 0.4421875 0.0203125 0.025