1 0.1203125 0.1359375 0.04375 0.0140625
1 0.0625 0.17734375 0.05 0.0125
1 0.1453125 0.15703125 0.040625 0.015625
1 0.08515625 0.290625 0.053125 0.0125
1 0.04609375 0.34296875 0.053125 0.0125
1 0.10234375 0.3578125 0.040625 0.0109375
1 0.0953125 0.3328125 0.0453125 0.0171875
1 0.11640625 0.32734375 0.0453125 0.01875
1 0.15234375 0.3671875 0.046875 0.015625
1 0.165625 0.28515625 0.04375 0.0125
1 0.184375 0.303125 0.0375 0.009375
1 0.5640625 0.1453125 0.1125 0.0296875
1 0.76484375 0.1453125 0.1109375 0.034375
1 0.86875 0.10625 0.096875 0.028125
1 0.84140625 0.28828125 0.096875 0.025
1 0.64921875 0.25703125 0.1046875 0.0296875
1 0.65703125 0.3375 0.096875 0.021875
1 0.5234375 0.3203125 0.103125 0.0203125
1 0.49609375 0.22421875 0.0734375 0.0234375
1 0.47109375 0.2046875 0.0234375 0.01875
1 0.33046875 0.44375 0.0640625 0.0234375
1 0.2203125 0.46484375 0.0703125 0.0234375
1 0.33203125 0.603125 0.0671875 0.0203125
1 0.453125 0.615625 0.0125 0.01875
1 0.36953125 0.7453125 0.0625 0.0171875
1 0.2671875 0.821875 0.059375 0.021875
1 0.39765625 0.83828125 0.059375 0.021875
1 0.27265625 0.99140625 0.0578125 0.0171875
1 0.0640625 0.97578125 0.0828125 0.021875
1 0.11484375 0.659375 0.0671875 0.021875
1 0.09453125 0.66953125 0.0609375 0.0234375
0 0.084375 0.68125 0.021875 0.0109375
1 0.71015625 0.815625 0.05625 0.015625
1 0.5046875 0.8015625 0.0671875 0.0265625
1 0.50859375 0.7640625 0.0703125 0.0296875
1 0.5703125 0.42421875 0.053125 0.0125
1 0.77109375 0.40703125 0.0546875 0.01875
1 0.7421875 0.428125 0.0484375 0.0140625
1 0.70625 0.41640625 0.05625 0.0109375
1 0.578125 0.4015625 0.0578125 0.01875
1 0.68984375 0.6421875 0.0640625 0.015625
1 0.73984375 0.50546875 0.05 0.015625
1 0.77421875 0.4890625 0.046875 0.015625