1 0.31640625 0.32578125 0.0046875 0.0515625
1 0.31484375 0.23984375 0.0078125 0.0421875
1 0.209375 0.33515625 0.0203125 0.0546875
1 0.1703125 0.38671875 0.0203125 0.0546875
1 0.11015625 0.375 0.021875 0.0484375
1 0.07890625 0.34140625 0.021875 0.0453125
1 0.0359375 0.3421875 0.021875 0.0546875
1 0.015625 0.3625 0.025 0.0515625
1 0.01953125 0.41015625 0.01875 0.0484375
1 0.03203125 0.42109375 0.0203125 0.0546875
1 0.140625 0.33671875 0.015625 0.040625
1 0.165625 0.33671875 0.0234375 0.0453125
1 0.165625 0.315625 0.025 0.0453125
1 0.1171875 0.29140625 0.021875 0.0484375
1 0.19296875 0.25625 0.01875 0.0453125
1 0.1703125 0.24375 0.0140625 0.0375
1 0.62734375 0.31953125 0.0265625 0.0734375
1 0.68046875 0.3171875 0.025 0.0640625
1 0.66875 0.27421875 0.021875 0.0578125
1 0.6921875 0.2359375 0.0265625 0.059375
1 0.71484375 0.22734375 0.021875 0.0484375
1 0.81875 0.265625 0.0203125 0.0484375
1 0.82109375 0.30859375 0.0234375 0.0578125
1 0.8421875 0.2953125 0.0265625 0.0578125
1 0.84140625 0.23203125 0.0234375 0.0546875
1 0.8578125 0.22578125 0.0265625 0.053125
1 0.90234375 0.25 0.025 0.0578125
1 0.94453125 0.2265625 0.0234375 0.0546875
1 0.96796875 0.2640625 0.0265625 0.059375
1 0.9859375 0.21796875 0.0234375 0.053125
1 0.9953125 0.17109375 0.009375 0.0421875
1 0.08046875 0.96875 0.0296875 0.0625
1 0.121875 0.9203125 0.034375 0.0765625
1 0.190625 0.88359375 0.0296875 0.0671875
1 0.2 0.859375 0.0203125 0.0546875
1 0.26328125 0.8359375 0.0265625 0.0609375
1 0.25625 0.96796875 0.03125 0.0640625
0 0.634375 0.56796875 0.00625 0.0109375
1 0.35 0.55546875 0.0203125 0.0546875
1 0.3828125 0.53671875 0.01875 0.0484375
1 0.4421875 0.58828125 0.0234375 0.0546875
1 0.4625 0.55234375 0.0203125 0.0421875
1 0.51640625 0.5296875 0.01875 0.0484375
1 0.5265625 0.53046875 0.0171875 0.0390625
1 0.52734375 0.56640625 0.021875 0.0515625
1 0.54765625 0.53828125 0.0171875 0.0453125
1 0.5921875 0.609375 0.03125 0.059375
1 0.671875 0.57578125 0.025 0.05
1 0.63359375 0.5484375 0.0265625 0.0484375
1 0.70078125 0.5390625 0.021875 0.0390625
1 0.68359375 0.528125 0.0203125 0.040625
1 0.66953125 0.521875 0.0140625 0.040625
1 0.66328125 0.52109375 0.015625 0.0390625
1 0.66484375 0.509375 0.01875 0.0484375
1 0.89609375 0.49765625 0.01875 0.0484375