1 0.28046875 0.38984375 0.0453125 0.015625
1 0.2171875 0.359375 0.05 0.0140625
1 0.3015625 0.36484375 0.0421875 0.0171875
1 0.21953125 0.24375 0.053125 0.015625
1 0.171875 0.19921875 0.053125 0.015625
1 0.18984375 0.140625 0.0484375 0.0171875
1 0.2265625 0.11328125 0.0453125 0.0171875
1 0.23046875 0.0703125 0.0546875 0.0171875
1 0.2125 0.04765625 0.0515625 0.0203125
1 0.1640625 0.046875 0.046875 0.0140625
1 0.15234375 0.0578125 0.053125 0.015625
1 0.225 0.175 0.040625 0.0125
1 0.221875 0.2 0.0453125 0.01875
1 0.24375 0.2015625 0.0453125 0.0203125
1 0.27265625 0.15625 0.0484375 0.0171875
1 0.3 0.23515625 0.04375 0.0140625
1 0.31484375 0.2140625 0.0375 0.009375
1 0.7328125 0.48125 0.040625 0.0140625
1 0.675 0.453125 0.0453125 0.0171875
1 0.5375 0.4234375 0.015625 0.015625
1 0.540625 0.41171875 0.021875 0.0171875
1 0.6609375 0.3390625 0.040625 0.0171875
1 0.8140625 0.32265625 0.0421875 0.0171875
1 0.7796875 0.2421875 0.04375 0.0125
1 0.57109375 0.23671875 0.0421875 0.015625
1 0.71875 0.22109375 0.0515625 0.0171875
1 0.57265625 0.146875 0.053125 0.015625
1 0.66640625 0.19765625 0.040625 0.0171875
1 0.20234375 0.6359375 0.090625 0.0421875
1 0.42109375 0.590625 0.071875 0.0265625
1 0.45234375 0.5890625 0.0734375 0.0234375
1 0.5 0.58984375 0.059375 0.0265625
1 0.48828125 0.73046875 0.075 0.028125
1 0.5015625 0.76328125 0.05625 0.0328125
1 0.49609375 0.9875 0.0671875 0.025
0 0.465625 0.7171875 0.01875 0.0109375
0 0.8125 0.51484375 0.0203125 0.0109375
1 0.79609375 0.53515625 0.053125 0.015625
1 0.8890625 0.56328125 0.0453125 0.0171875
1 0.896875 0.71328125 0.05 0.0171875
1 0.971875 0.72109375 0.0375 0.0125
1 0.984375 0.67578125 0.03125 0.0140625
1 0.99296875 0.734375 0.0140625 0.0125
1 0.921875 0.796875 0.046875 0.0140625
1 0.97265625 0.87734375 0.053125 0.0125
1 0.84609375 0.90390625 0.0484375 0.0171875
1 0.95625 0.95859375 0.0453125 0.0171875