1 0.40234375 0.5546875 0.05 0.015625
1 0.38125 0.4265625 0.0609375 0.0234375
1 0.3171875 0.42421875 0.05625 0.015625
1 0.303125 0.47265625 0.0578125 0.01875
1 0.2546875 0.40234375 0.0421875 0.0203125
1 0.228125 0.51953125 0.040625 0.015625
1 0.22421875 0.3109375 0.0484375 0.01875
1 0.3125 0.28828125 0.0640625 0.0203125
1 0.2203125 0.21875 0.040625 0.015625
1 0.1546875 0.271875 0.040625 0.0125
1 0.1671875 0.27578125 0.0375 0.0125
1 0.17734375 0.1390625 0.05 0.01875
1 0.2234375 0.03828125 0.04375 0.0125
1 0.24140625 0.03125 0.0515625 0.01875
1 0.25625 0.02578125 0.040625 0.015625
1 0.3203125 0.015625 0.0546875 0.021875
0 0.18125 0.26328125 0.015625 0.0078125
1 0.7859375 0.50703125 0.071875 0.0203125
1 0.76640625 0.321875 0.0328125 0.015625
1 0.75859375 0.1140625 0.0171875 0.015625
1 0.79765625 0.12578125 0.0609375 0.0203125
1 0.865625 0.14609375 0.0703125 0.0203125
1 0.9078125 0.1984375 0.0765625 0.0171875
0 0.63828125 0.57578125 0.009375 0.00625
0 0.284375 0.57421875 0.0125 0.00625
0 0.36796875 0.73984375 0.0109375 0.0078125
0 0.40546875 0.80625 0.015625 0.009375
0 0.484375 0.76875 0.0109375 0.009375
0 0.56953125 0.75234375 0.01875 0.009375
0 0.56171875 0.65546875 0.0109375 0.003125
0 0.546875 0.86875 0.0109375 0.003125
1 0.44609375 0.59921875 0.053125 0.0125
1 0.29765625 0.64609375 0.046875 0.009375
1 0.71796875 0.72265625 0.0640625 0.0140625
1 0.60390625 0.709375 0.053125 0.015625
1 0.4953125 0.66015625 0.046875 0.0125
1 0.4515625 0.66328125 0.05 0.0125
1 0.5546875 0.59296875 0.0546875 0.0171875
1 0.37890625 0.57734375 0.05 0.0125
1 0.35 0.66484375 0.04375 0.0125
0 0.81171875 0.8984375 0.00625 0.003125
1 0.91484375 0.9328125 0.046875 0.0140625
1 0.8890625 0.9640625 0.046875 0.0125
1 0.85625 0.91328125 0.04375 0.0125
1 0.8375 0.95625 0.0375 0.0125
1 0.8109375 0.93125 0.03125 0.009375
1 0.79375 0.915625 0.03125 0.0109375
1 0.86640625 0.83828125 0.040625 0.0125
1 0.88515625 0.86484375 0.0484375 0.0140625
1 0.971875 0.89609375 0.05 0.0109375
1 0.97734375 0.7953125 0.0453125 0.015625
1 0.85703125 0.7046875 0.040625 0.0125
1 0.84140625 0.76015625 0.034375 0.009375
1 0.8234375 0.8109375 0.0390625 0.0125
1 0.87578125 0.64453125 0.05 0.015625
1 0.9015625 0.57109375 0.040625 0.0046875