1 0.29921875 0.31875 0.0203125 0.01875
1 0.2703125 0.4328125 0.040625 0.0140625
1 0.28671875 0.22421875 0.0453125 0.0171875
1 0.29140625 0.13203125 0.0359375 0.0140625
1 0.22265625 0.17890625 0.040625 0.0109375
1 0.23515625 0.18359375 0.0375 0.0109375
1 0.259375 0.0484375 0.0484375 0.0171875
0 0.25 0.17265625 0.015625 0.00625
1 0.59296875 0.5375 0.078125 0.021875
1 0.45390625 0.49296875 0.071875 0.01875
1 0.43984375 0.4046875 0.0734375 0.0203125
1 0.7296875 0.3703125 0.1078125 0.028125
1 0.396875 0.05625 0.053125 0.0140625
1 0.3484375 0.0796875 0.053125 0.0109375
1 0.4 0.08671875 0.053125 0.0125
1 0.43359375 0.06328125 0.0171875 0.034375
1 0.43046875 0.06015625 0.0515625 0.0140625
1 0.51875 0.1765625 0.075 0.025
1 0.4671875 0.23984375 0.06875 0.01875
1 0.446875 0.24453125 0.065625 0.0171875
1 0.40625 0.19140625 0.05625 0.0109375
1 0.38203125 0.20078125 0.05625 0.0140625
1 0.3359375 0.2 0.04375 0.0078125
1 0.33359375 0.16484375 0.046875 0.0140625
1 0.35703125 0.29453125 0.059375 0.0140625
1 0.4234375 0.2828125 0.06875 0.015625
1 0.2390625 0.63984375 0.05 0.0140625
1 0.25859375 0.671875 0.05 0.0140625
1 0.253125 0.7640625 0.053125 0.0171875
1 0.1859375 0.725 0.0375 0.0140625
1 0.12890625 0.7140625 0.040625 0.0140625
1 0.1125 0.73203125 0.0375 0.0140625
1 0.090625 0.77265625 0.04375 0.0109375
1 0.159375 0.95625 0.046875 0.0125
1 0.103125 0.99609375 0.046875 0.0078125
1 0.7625 0.65234375 0.059375 0.0203125
1 0.85546875 0.7484375 0.071875 0.025
1 0.59765625 0.75546875 0.059375 0.0171875
1 0.55703125 0.79765625 0.053125 0.015625
1 0.671875 0.903125 0.0625 0.0203125
1 0.534375 0.88828125 0.053125 0.015625
1 0.5171875 0.87109375 0.040625 0.0171875
1 0.46953125 0.8828125 0.0453125 0.0140625
1 0.4796875 0.75546875 0.04375 0.0171875
1 0.515625 0.70703125 0.05 0.0203125
1 0.52109375 0.6828125 0.0453125 0.0140625
1 0.509375 0.6671875 0.040625 0.0125
1 0.5390625 0.659375 0.046875 0.0140625
1 0.5515625 0.65546875 0.046875 0.015625
1 0.5515625 0.6453125 0.0453125 0.0140625
1 0.55625 0.6296875 0.04375 0.01875
1 0.58828125 0.62265625 0.053125 0.015625