1 0.34140625 0.40625 0.05 0.015625
1 0.3203125 0.278125 0.0609375 0.0234375
1 0.25625 0.27578125 0.05625 0.015625
1 0.2421875 0.32421875 0.0578125 0.01875
1 0.19375 0.25390625 0.0421875 0.0203125
1 0.1671875 0.37109375 0.040625 0.015625
1 0.16328125 0.1625 0.0484375 0.01875
1 0.2515625 0.13984375 0.0640625 0.0203125
1 0.159375 0.0703125 0.040625 0.015625
1 0.09375 0.1234375 0.040625 0.0125
1 0.10625 0.12734375 0.0375 0.0125
0 0.1203125 0.11484375 0.015625 0.0078125
0 0.8171875 0.2375 0.00625 0.00625
1 0.86484375 0.20234375 0.0484375 0.0140625
1 0.8015625 0.2390625 0.0375 0.0140625
1 0.85 0.34609375 0.046875 0.0125
1 0.7703125 0.38203125 0.034375 0.009375
1 0.93515625 0.4578125 0.0515625 0.0171875
1 0.859375 0.515625 0.040625 0.00625
1 0.21171875 0.821875 0.0671875 0.0203125
1 0.0625 0.64921875 0.053125 0.0171875
1 0.01171875 0.86640625 0.0234375 0.0140625
1 0.03984375 0.91640625 0.040625 0.0125
1 0.77265625 0.66171875 0.0703125 0.0203125
1 0.6984375 0.7125 0.0609375 0.021875
1 0.67265625 0.884375 0.053125 0.015625
1 0.58515625 0.803125 0.0328125 0.015625
1 0.6109375 0.60546875 0.0453125 0.015625
1 0.60859375 0.58359375 0.053125 0.0140625
1 0.5765625 0.56796875 0.015625 0.0171875