1 0.4703125 0.49453125 0.0125 0.0453125
1 0.43125 0.43828125 0.0140625 0.04375
1 0.35234375 0.4046875 0.028125 0.0546875
1 0.303125 0.384375 0.01875 0.05625
1 0.22265625 0.3109375 0.0296875 0.0640625
0 0.153125 0.25078125 0.0078125 0.0171875
1 0.1984375 0.38203125 0.021875 0.0671875
1 0.09296875 0.46171875 0.0203125 0.0609375
1 0.16953125 0.55390625 0.0171875 0.0375
1 0.20546875 0.50546875 0.0140625 0.0484375
1 0.265625 0.58671875 0.0109375 0.03125
1 0.31640625 0.5328125 0.0078125 0.0328125
1 0.42421875 0.53828125 0.015625 0.0453125
1 0.3875 0.61171875 0.009375 0.0140625
1 0.38828125 0.5953125 0.009375 0.0296875
1 0.04609375 0.5578125 0.0140625 0.040625
1 0.58125 0.60390625 0.021875 0.0296875
1 0.75703125 0.54375 0.01875 0.0578125
1 0.8046875 0.42734375 0.021875 0.0640625
1 0.81171875 0.31640625 0.021875 0.0703125
1 0.96328125 0.41015625 0.01875 0.065625
1 0.8515625 0.5890625 0.01875 0.046875
1 0.99140625 0.5484375 0.0171875 0.053125
1 0.990625 0.18671875 0.01875 0.0671875
1 0.99453125 0.16640625 0.0109375 0.0609375
1 0.70234375 0.68828125 0.01875 0.0484375
1 0.78828125 0.709375 0.0140625 0.040625
1 0.84921875 0.7515625 0.01875 0.059375
1 0.6765625 0.87109375 0.015625 0.05
1 0.51015625 0.728125 0.0125 0.059375
1 0.50859375 0.828125 0.0125 0.04375
0 0.73125 0.72734375 0.0140625 0.021875