1 0.4453125 0.58515625 0.028125 0.0203125
1 0.4046875 0.62109375 0.05 0.0203125
1 0.3140625 0.54765625 0.0390625 0.0171875
1 0.3796875 0.47734375 0.046875 0.01875
1 0.428125 0.4296875 0.0453125 0.021875
1 0.4390625 0.34609375 0.040625 0.0359375
1 0.44453125 0.29375 0.0296875 0.028125
1 0.434375 0.18984375 0.05 0.0328125
1 0.346875 0.10078125 0.0625 0.0296875
1 0.26953125 0.1921875 0.040625 0.0234375
1 0.3234375 0.21875 0.05 0.021875
1 0.25390625 0.2921875 0.0328125 0.015625
1 0.315625 0.3328125 0.0328125 0.0140625
1 0.32890625 0.43984375 0.046875 0.021875
1 0.24453125 0.41875 0.0265625 0.0125
1 0.26640625 0.4140625 0.03125 0.0140625
1 0.24375 0.07109375 0.0421875 0.021875
1 0.98984375 0.6765625 0.0203125 0.028125
1 0.96875 0.2890625 0.0625 0.03125
1 0.98515625 0.125 0.0296875 0.034375
1 0.7796875 0.153125 0.0609375 0.028125
1 0.8640625 0.321875 0.0609375 0.025
1 0.81171875 0.39921875 0.0640625 0.025
1 0.92734375 0.5984375 0.0578125 0.025
1 0.9015625 0.63125 0.0609375 0.025
1 0.8703125 0.6640625 0.05625 0.021875
0 0.6765625 0.8828125 0.025 0.0140625
1 0.7203125 0.965625 0.0765625 0.04375
1 0.803125 0.8578125 0.0765625 0.0328125
1 0.7515625 0.91171875 0.0859375 0.0328125
1 0.98671875 0.92265625 0.0265625 0.0578125
1 0.6421875 0.71640625 0.06875 0.0140625
1 0.63203125 0.8625 0.05625 0.0296875
1 0.62890625 0.88671875 0.0640625 0.040625