1 0.1796875 0.03203125 0.0453125 0.0234375
1 0.19765625 0.11640625 0.0578125 0.0375
1 0.2078125 0.16796875 0.0578125 0.028125
1 0.26484375 0.2609375 0.0671875 0.040625
0 0.3109375 0.34140625 0.01875 0.0109375
1 0.190625 0.271875 0.06875 0.034375
1 0.0921875 0.36015625 0.0625 0.03125
1 0.01796875 0.2671875 0.0359375 0.025
1 0.07109375 0.240625 0.05 0.021875
1 0.009375 0.16640625 0.01875 0.0171875
1 0.06484375 0.1265625 0.0328125 0.0140625
1 0.0796875 0.0203125 0.046875 0.0234375
1 0.00390625 0.03984375 0.0078125 0.0140625
1 0.0171875 0.0453125 0.03125 0.0140625
1 0.0046875 0.3875 0.009375 0.021875
1 0.94765625 0.18046875 0.0609375 0.0296875
1 0.83125 0.24609375 0.0515625 0.025
1 0.9765625 0.409375 0.046875 0.034375
1 0.925 0.3609375 0.0640625 0.0296875
1 0.83359375 0.4421875 0.0515625 0.015625
1 0.93203125 0.4421875 0.0515625 0.015625
0 0.18359375 0.64140625 0.028125 0.0171875
1 0.1171875 0.53125 0.0703125 0.0328125
1 0.2296875 0.75390625 0.0890625 0.0359375
1 0.20546875 0.76953125 0.090625 0.034375
1 0.015625 0.796875 0.03125 0.028125
1 0.015625 0.840625 0.03125 0.034375
0 0.7796875 0.7203125 0.015625 0.0109375
1 0.84140625 0.45546875 0.0421875 0.0109375
1 0.71484375 0.4703125 0.0421875 0.01875
1 0.68359375 0.496875 0.0421875 0.0203125
1 0.67734375 0.559375 0.0421875 0.021875
1 0.7375 0.5625 0.0453125 0.0234375
1 0.77265625 0.63359375 0.0359375 0.0171875
1 0.66640625 0.659375 0.0421875 0.021875
1 0.596875 0.6953125 0.0359375 0.01875
1 0.6890625 0.74140625 0.0515625 0.025
1 0.725 0.7578125 0.046875 0.01875
1 0.72265625 0.790625 0.0453125 0.025
1 0.72265625 0.88671875 0.0421875 0.01875
1 0.8828125 0.778125 0.0640625 0.0296875
1 0.80703125 0.74609375 0.0484375 0.021875
1 0.7671875 0.70859375 0.053125 0.021875