0 0.40859375 0.42578125 0.0171875 0.0078125
0 0.1015625 0.3546875 0.0171875 0.0109375
0 0.29140625 0.31796875 0.025 0.0125
0 0.34921875 0.26171875 0.0171875 0.009375
0 0.4625 0.26328125 0.0140625 0.0109375
0 0.23125 0.14140625 0.0234375 0.0125
1 0.42734375 0.14921875 0.0546875 0.0203125
1 0.396875 0.20625 0.0484375 0.015625
1 0.3078125 0.09609375 0.05 0.025
1 0.37265625 0.05703125 0.0640625 0.021875
1 0.4171875 0.090625 0.05 0.0234375
1 0.2234375 0.20859375 0.0625 0.01875
1 0.0875 0.07421875 0.078125 0.025
1 0.03671875 0.1640625 0.0734375 0.025
0 0.5828125 0.19375 0.0203125 0.0125
1 0.56953125 0.25703125 0.0796875 0.0234375
1 0.59375 0.04375 0.0859375 0.025
1 0.6234375 0.05625 0.0703125 0.0234375
1 0.6203125 0.078125 0.0859375 0.0234375
1 0.6765625 0.18125 0.0734375 0.0234375
1 0.6484375 0.22578125 0.0796875 0.0265625
1 0.86640625 0.153125 0.059375 0.0171875
1 0.8125 0.2578125 0.0640625 0.0203125
1 0.81640625 0.30859375 0.0640625 0.01875
1 0.83046875 0.32265625 0.065625 0.021875
1 0.79140625 0.34921875 0.0609375 0.0203125
1 0.7828125 0.38359375 0.0546875 0.0171875
1 0.12109375 0.4890625 0.0796875 0.0265625
1 0.253125 0.63984375 0.0640625 0.0203125
1 0.2953125 0.60546875 0.0546875 0.01875
1 0.365625 0.63203125 0.0515625 0.01875
1 0.3921875 0.68046875 0.0359375 0.0171875
1 0.4140625 0.64375 0.0359375 0.0140625
1 0.43359375 0.675 0.0359375 0.0140625
1 0.43125 0.6890625 0.0359375 0.015625
1 0.36875 0.79296875 0.040625 0.0140625
1 0.40234375 0.83046875 0.0359375 0.0140625
1 0.421875 0.8640625 0.0328125 0.0140625
1 0.4171875 0.909375 0.03125 0.0109375
1 0.2984375 0.90390625 0.0484375 0.015625
1 0.3796875 0.88671875 0.040625 0.0140625
1 0.3265625 0.975 0.0484375 0.015625
1 0.11640625 0.96640625 0.0703125 0.0234375
1 0.8234375 0.99296875 0.0625 0.0140625
1 0.853125 0.97890625 0.0625 0.0359375
1 0.88671875 0.9515625 0.0671875 0.021875
1 0.92578125 0.98515625 0.0515625 0.021875
1 0.92734375 0.99453125 0.0515625 0.0109375
1 0.9625 0.9625 0.0546875 0.0171875
1 0.959375 0.9609375 0.05 0.015625
1 0.9703125 0.69375 0.059375 0.01875
1 0.903125 0.7046875 0.065625 0.021875
1 0.88203125 0.78359375 0.0625 0.0234375
1 0.85390625 0.88671875 0.0578125 0.0265625
1 0.81875 0.7171875 0.0640625 0.0296875
1 0.86015625 0.57109375 0.071875 0.03125
1 0.91328125 0.6140625 0.0703125 0.025
1 0.9859375 0.45625 0.028125 0.021875
1 0.7140625 0.4375 0.078125 0.015625