0 0.09765625 0.00625 0.025 0.0125
0 0.040625 0.06328125 0.0171875 0.009375
0 0.1609375 0.18125 0.0234375 0.0125
0 0.428125 0.24375 0.025 0.0125
0 0.3484375 0.328125 0.0234375 0.0140625
0 0.25625 0.371875 0.021875 0.009375
0 0.271875 0.4453125 0.0171875 0.0109375
1 0.00859375 0.11875 0.0171875 0.015625
1 0.08515625 0.228125 0.05 0.025
1 0.02578125 0.2671875 0.0515625 0.021875
1 0.1671875 0.11484375 0.0625 0.0171875
1 0.30546875 0.24609375 0.078125 0.0234375
1 0.4046875 0.39609375 0.0828125 0.0296875
1 0.175 0.39140625 0.0453125 0.0203125
1 0.1203125 0.4046875 0.0546875 0.0234375
1 0.1859375 0.465625 0.0609375 0.0171875
1 0.16640625 0.47265625 0.05 0.015625
1 0.2078125 0.50234375 0.05 0.028125
1 0.21796875 0.46171875 0.0484375 0.01875
1 0.2453125 0.46015625 0.053125 0.021875
1 0.28359375 0.459375 0.0609375 0.0296875
1 0.2546875 0.48125 0.0625 0.0296875
1 0.35859375 0.15546875 0.0828125 0.0234375
0 0.609375 0.58046875 0.0125 0.00625
0 0.51171875 0.66640625 0.009375 0.0078125
0 0.37734375 0.59375 0.009375 0.0046875
0 0.1875 0.640625 0.0125 0.0046875
0 0.26640625 0.6734375 0.009375 0.00625
0 0.58671875 0.75625 0.009375 0.0078125
0 0.159375 0.9046875 0.009375 0.0046875
0 0.2671875 0.94140625 0.009375 0.00625
0 0.2203125 0.99140625 0.0125 0.0046875
0 0.3859375 0.825 0.0140625 0.00625
1 0.50078125 0.9109375 0.0953125 0.0328125
1 0.346875 0.94765625 0.0859375 0.0265625
1 0.2375 0.83984375 0.059375 0.0203125
1 0.21796875 0.859375 0.0640625 0.0203125
1 0.19609375 0.7953125 0.0625 0.0203125
1 0.15703125 0.759375 0.0484375 0.0171875
1 0.134375 0.73125 0.040625 0.0140625
1 0.2265625 0.69296875 0.0515625 0.01875
1 0.1953125 0.590625 0.0515625 0.015625
1 0.19140625 0.58046875 0.0359375 0.015625
1 0.1515625 0.58828125 0.0328125 0.0109375
1 0.15078125 0.55703125 0.0375 0.0125
1 0.29765625 0.5328125 0.0609375 0.00625
1 0.978125 0.97109375 0.04375 0.0140625
1 0.990625 0.7390625 0.01875 0.03125
1 0.9859375 0.8203125 0.028125 0.015625
1 0.98828125 0.57578125 0.0234375 0.0140625
1 0.984375 0.63046875 0.03125 0.0140625
1 0.97734375 0.64375 0.040625 0.0140625
1 0.9640625 0.6578125 0.0296875 0.01875
1 0.9703125 0.6765625 0.0359375 0.0140625