0 0.50859375 0.07265625 0.0171875 0.0125
0 0.315625 0.0890625 0.025 0.0140625
0 0.253125 0.1390625 0.0171875 0.0109375
0 0.13984375 0.12578125 0.0140625 0.0125
0 0.3578125 0.27109375 0.0234375 0.0140625
0 0.52578125 0.4390625 0.0234375 0.015625
0 0.42890625 0.471875 0.0234375 0.0109375
0 0.43515625 0.546875 0.0171875 0.0125
1 0.14453125 0.4765625 0.0546875 0.0234375
1 0.16328125 0.24296875 0.0546875 0.025
1 0.19921875 0.1890625 0.0484375 0.0203125
1 0.2765625 0.3078125 0.0515625 0.0296875
1 0.2078125 0.33984375 0.0640625 0.028125
1 0.1671875 0.30234375 0.0515625 0.028125
1 0.37265625 0.20546875 0.0625 0.0234375
1 0.49296875 0.353125 0.078125 0.0328125
1 0.34609375 0.48046875 0.046875 0.025
1 0.28984375 0.4875 0.05625 0.0296875
1 0.34765625 0.55625 0.0609375 0.0234375
1 0.328125 0.5609375 0.0515625 0.021875
1 0.3796875 0.55625 0.0484375 0.0234375
1 0.4078125 0.5578125 0.053125 0.028125
1 0.4453125 0.56171875 0.0625 0.0359375
1 0.41328125 0.5703125 0.0640625 0.01875
1 0.52734375 0.26953125 0.0234375 0.0328125
1 0.6171875 0.39765625 0.0734375 0.0296875
1 0.63828125 0.34921875 0.0640625 0.0265625
1 0.59453125 0.340625 0.0578125 0.025
1 0.5703125 0.303125 0.059375 0.0296875
1 0.57265625 0.27890625 0.0484375 0.0234375
1 0.65234375 0.2015625 0.0484375 0.021875
1 0.6921875 0.21953125 0.0578125 0.025
1 0.68984375 0.19453125 0.0578125 0.028125
1 0.63203125 0.1671875 0.0546875 0.025
1 0.63359375 0.15 0.053125 0.028125
1 0.675 0.11953125 0.0578125 0.0265625
1 0.67265625 0.071875 0.0546875 0.025
1 0.71640625 0.0671875 0.059375 0.0296875
1 0.6828125 0.03046875 0.053125 0.025
1 0.64765625 0.003125 0.0421875 0.00625
1 0.7765625 0.00390625 0.065625 0.0078125
0 0.43046875 0.89140625 0.0171875 0.009375
0 0.28515625 0.896875 0.0109375 0.0078125
1 0.4046875 0.66484375 0.0484375 0.025
1 0.484375 0.6734375 0.06875 0.025
1 0.38203125 0.753125 0.0515625 0.0265625
1 0.33984375 0.7890625 0.0453125 0.0203125
1 0.353125 0.8828125 0.0515625 0.025
1 0.4203125 0.85859375 0.065625 0.028125
1 0.39453125 0.96953125 0.05625 0.03125
1 0.36796875 0.9859375 0.0546875 0.028125
1 0.2828125 0.840625 0.0390625 0.01875
1 0.296875 0.9578125 0.0484375 0.0203125
1 0.30390625 0.99140625 0.0421875 0.0171875
1 0.5125 0.59453125 0.053125 0.0296875
1 0.6828125 0.70703125 0.0515625 0.021875
1 0.67734375 0.68359375 0.053125 0.021875
0 0.69609375 0.68359375 0.0171875 0.009375
1 0.6859375 0.675 0.053125 0.021875
1 0.6625 0.671875 0.0484375 0.0171875
1 0.70546875 0.5953125 0.059375 0.0265625
1 0.71875 0.58515625 0.059375 0.0109375
1 0.825 0.64296875 0.0640625 0.025
1 0.78046875 0.7375 0.0640625 0.0265625
1 0.76796875 0.775 0.0640625 0.0296875
1 0.83515625 0.8359375 0.0609375 0.0375
1 0.71484375 0.8703125 0.065625 0.03125
1 0.753125 0.61875 0.0609375 0.025
1 0.725 0.61484375 0.04375 0.025
1 0.75078125 0.63125 0.0453125 0.0234375
1 0.76875 0.95234375 0.06875 0.034375