0 0.50546875 0.3390625 0.0125 0.00625
0 0.5859375 0.365625 0.00625 0.009375
0 0.565625 0.3921875 0.0140625 0.0078125
1 0.57265625 0.4046875 0.0328125 0.025
1 0.45859375 0.36796875 0.065625 0.0203125
1 0.33671875 0.43203125 0.0890625 0.0140625
1 0.1359375 0.28671875 0.096875 0.034375
1 0.334375 0.16875 0.0796875 0.0296875
1 0.36875 0.096875 0.0671875 0.0234375
1 0.26796875 0.05859375 0.090625 0.0375
1 0.51953125 0.01015625 0.0390625 0.0171875
1 0.42265625 0.0421875 0.0640625 0.0265625
1 0.55 0.053125 0.0421875 0.015625
1 0.44921875 0.1203125 0.0546875 0.0203125
1 0.43046875 0.22890625 0.0640625 0.0265625
1 0.94453125 0.05390625 0.0703125 0.0265625
1 0.22265625 0.6015625 0.05625 0.03125
1 0.1109375 0.6671875 0.0578125 0.021875
1 0.05703125 0.6765625 0.0546875 0.01875
1 0.11640625 0.80078125 0.0609375 0.025
1 0.1484375 0.8015625 0.0609375 0.0234375
1 0.0375 0.871875 0.0703125 0.025
1 0.08125 0.9140625 0.0828125 0.03125
1 0.15 0.96328125 0.0546875 0.025
1 0.1796875 0.9859375 0.05625 0.028125
1 0.24765625 0.96640625 0.0578125 0.021875
1 0.2375 0.8546875 0.046875 0.0203125
1 0.26875 0.81171875 0.0421875 0.01875
1 0.30390625 0.746875 0.0421875 0.021875
0 0.0765625 0.86328125 0.0234375 0.015625
1 0.3421875 0.965625 0.0453125 0.0203125
1 0.9671875 0.63671875 0.065625 0.0265625
1 0.9875 0.76953125 0.025 0.0203125