1 0.13203125 0.45234375 0.0890625 0.0140625
1 0.03828125 0.353125 0.0640625 0.021875
1 0.0140625 0.23359375 0.028125 0.0234375
1 0.11171875 0.18515625 0.0828125 0.0203125
1 0.140625 0.18203125 0.0640625 0.03125
1 0.21171875 0.11015625 0.0890625 0.021875
1 0.06484375 0.12109375 0.0671875 0.0234375
1 0.02578125 0.12578125 0.0515625 0.0203125
1 0.890625 0.07578125 0.046875 0.0125
1 0.9234375 0.109375 0.046875 0.015625
1 0.88125 0.17734375 0.034375 0.0125
1 0.86328125 0.1765625 0.0375 0.0125
1 0.9671875 0.221875 0.0453125 0.015625
1 0.90625 0.26484375 0.046875 0.0140625
1 0.959375 0.39921875 0.0515625 0.015625
1 0.9359375 0.41328125 0.046875 0.0125
1 0.8984375 0.42109375 0.0390625 0.0140625
1 0.88125 0.4296875 0.040625 0.0109375
1 0.0796875 0.7421875 0.0703125 0.0296875
1 0.0515625 0.76796875 0.0828125 0.021875
1 0.06640625 0.46953125 0.0859375 0.0203125
1 0.3390625 0.63671875 0.1046875 0.0359375
0 0.0875 0.58125 0.040625 0.015625
1 0.8390625 0.4671875 0.078125 0.015625
0 0.653125 0.496875 0.009375 0.00625
1 0.62734375 0.49375 0.053125 0.015625
1 0.67421875 0.48828125 0.05625 0.015625
1 0.64609375 0.5078125 0.05625 0.01875
1 0.625 0.5625 0.05625 0.0140625
1 0.67421875 0.61328125 0.0640625 0.0234375
1 0.63984375 0.7 0.0578125 0.0203125
1 0.67265625 0.78359375 0.0640625 0.025
1 0.87578125 0.64921875 0.0859375 0.03125
1 0.7375 0.49609375 0.075 0.01875
1 0.72734375 0.53828125 0.0640625 0.021875
1 0.72734375 0.56484375 0.071875 0.025