1 0.01875 0.32734375 0.0375 0.0203125
1 0.0109375 0.43671875 0.021875 0.0171875
1 0.046875 0.4390625 0.065625 0.0171875
1 0.08828125 0.3828125 0.053125 0.0109375
1 0.11953125 0.1203125 0.0375 0.0125
1 0.025 0.10234375 0.05 0.0171875
1 0.14375 0.07421875 0.040625 0.0109375
1 0.034375 0.02109375 0.053125 0.0125
1 0.6234375 0.5265625 0.0625 0.0203125
1 0.55078125 0.45078125 0.0734375 0.021875
1 0.46015625 0.36953125 0.06875 0.01875
1 0.48671875 0.3609375 0.0734375 0.025
1 0.57578125 0.33203125 0.0625 0.0203125
1 0.496875 0.25234375 0.0875 0.015625
1 0.66796875 0.28828125 0.0625 0.0171875
1 0.70859375 0.2671875 0.0625 0.0171875
1 0.61171875 0.21484375 0.05 0.0140625
1 0.778125 0.0953125 0.05625 0.0109375
1 0.73515625 0.0375 0.05625 0.015625
0 0.48671875 0.4796875 0.021875 0.0125
1 0.32109375 0.971875 0.0171875 0.015625
1 0.325 0.871875 0.009375 0.0125
1 0.2875 0.7390625 0.053125 0.0140625
1 0.86015625 0.6015625 0.071875 0.0171875
1 0.8765625 0.66875 0.05625 0.021875
1 0.9171875 0.6265625 0.0625 0.0140625
1 0.96328125 0.5859375 0.0625 0.0140625
1 0.9625 0.63984375 0.040625 0.0140625
1 0.9734375 0.6390625 0.046875 0.0140625
1 0.97890625 0.64765625 0.0421875 0.0203125
1 0.9921875 0.78671875 0.015625 0.0171875
1 0.946875 0.7984375 0.0625 0.0234375
1 0.9828125 0.86484375 0.034375 0.0171875
1 0.93125 0.9078125 0.05 0.0203125
1 0.7375 0.9765625 0.06875 0.025