1 0.40859375 0.3390625 0.0390625 0.015625
1 0.3921875 0.17265625 0.04375 0.0140625
1 0.37734375 0.08203125 0.0375 0.015625
1 0.321875 0.07265625 0.0359375 0.01875
1 0.33828125 0.04453125 0.0390625 0.01875
1 0.3640625 0.0390625 0.0265625 0.0140625
1 0.396875 0.0328125 0.034375 0.0125
1 0.31015625 0.0078125 0.0390625 0.0140625
1 0.2859375 0.01015625 0.0375 0.015625
1 0.28203125 0.0046875 0.0390625 0.009375
1 0.2796875 0.0015625 0.0375 0.003125
0 0.378125 0.18359375 0.0234375 0.0109375
1 0.7296875 0.6328125 0.06875 0.03125
1 0.78046875 0.4328125 0.053125 0.0234375
1 0.85625 0.54765625 0.053125 0.01875
1 0.76484375 0.365625 0.0546875 0.025
1 0.703125 0.328125 0.0625 0.03125
1 0.8546875 0.31640625 0.0421875 0.0171875
1 0.8078125 0.2375 0.040625 0.01875
1 0.7265625 0.15625 0.053125 0.0234375
1 0.7140625 0.0796875 0.0546875 0.01875
1 0.74375 0.07734375 0.040625 0.0203125
1 0.7734375 0.06484375 0.040625 0.025
1 0.80390625 0.08984375 0.046875 0.0265625
1 0.753125 0.01171875 0.046875 0.0234375
1 0.7390625 0.0453125 0.0375 0.0203125
1 0.740625 0.00625 0.05 0.0125
0 0.7640625 0.05546875 0.0203125 0.0125
0 0.2421875 0.83828125 0.0109375 0.0078125
0 0.2921875 0.803125 0.015625 0.0109375
0 0.15703125 0.7796875 0.0109375 0.0078125
0 0.06953125 0.80390625 0.015625 0.009375
1 0.4328125 0.79140625 0.0125 0.0203125
1 0.2453125 0.77578125 0.059375 0.0328125
1 0.25625 0.8875 0.0671875 0.025
1 0.22421875 0.99296875 0.0703125 0.0140625
1 0.4109375 0.98671875 0.05625 0.0234375