1 0.32109375 0.42109375 0.0390625 0.0109375
1 0.321875 0.25390625 0.04375 0.009375
1 0.31640625 0.1625 0.0359375 0.0125
1 0.2625 0.14765625 0.0359375 0.015625
1 0.28125 0.1203125 0.0390625 0.015625
1 0.3078125 0.11875 0.025 0.0109375
1 0.34140625 0.115625 0.034375 0.009375
1 0.27890625 0.0484375 0.03125 0.0125
1 0.2515625 0.059375 0.0359375 0.0125
1 0.2578125 0.08125 0.0375 0.0109375
1 0.2328125 0.08125 0.0359375 0.0125
1 0.2296875 0.07265625 0.0375 0.0125
1 0.2296875 0.0671875 0.0375 0.009375
1 0.334375 0.01796875 0.0328125 0.0140625
0 0.30703125 0.26328125 0.021875 0.0078125
1 0.4890625 0.46328125 0.01875 0.0171875
1 0.5578125 0.30859375 0.0390625 0.015625
1 0.553125 0.2453125 0.0515625 0.0171875
1 0.55859375 0.12578125 0.040625 0.0125
1 0.63828125 0.1890625 0.046875 0.0140625
1 0.615625 0.028125 0.04375 0.009375
1 0.11640625 0.8984375 0.05625 0.0140625
1 0.16796875 0.98203125 0.0484375 0.0203125
1 0.265625 0.9375 0.0640625 0.0171875
1 0.25 0.79921875 0.05625 0.0140625
1 0.159375 0.7890625 0.0578125 0.01875
1 0.35625 0.78203125 0.0390625 0.015625
1 0.3515625 0.71875 0.0515625 0.0171875
1 0.25 0.65625 0.0453125 0.0140625
1 0.35703125 0.59921875 0.040625 0.0125
1 0.43671875 0.6625 0.046875 0.0140625
0 0.1515625 0.99609375 0.01875 0.0078125
1 0.628125 0.98984375 0.05625 0.0140625
1 0.63203125 0.9140625 0.05625 0.0140625
1 0.49375 0.8375 0.028125 0.021875
1 0.64609375 0.77734375 0.0515625 0.0203125
1 0.7484375 0.9421875 0.040625 0.0109375