1 0.35703125 0.503125 0.0359375 0.015625
1 0.36796875 0.52578125 0.0234375 0.0078125
1 0.83984375 0.51953125 0.1046875 0.0203125
1 0.8515625 0.44609375 0.096875 0.025
1 0.7171875 0.45859375 0.103125 0.0234375
1 0.72109375 0.359375 0.0984375 0.025
1 0.79921875 0.32265625 0.1015625 0.025
1 0.7203125 0.28984375 0.1015625 0.0265625
1 0.71796875 0.24765625 0.084375 0.01875
1 0.67421875 0.20078125 0.0890625 0.021875
1 0.35546875 0.87734375 0.0484375 0.0140625
1 0.37265625 0.796875 0.0140625 0.01875
1 0.3078125 0.83125 0.0453125 0.0234375
1 0.29921875 0.79609375 0.0625 0.021875
1 0.3703125 0.97734375 0.01875 0.0171875
1 0.33125 0.984375 0.0609375 0.01875
1 0.44765625 0.85390625 0.0796875 0.021875
1 0.4671875 0.9875 0.0671875 0.0234375
1 0.678125 0.9515625 0.05625 0.015625
1 0.628125 0.9109375 0.0609375 0.021875
1 0.5984375 0.87734375 0.0578125 0.0171875
1 0.540625 0.86953125 0.0703125 0.0234375
1 0.75546875 0.93515625 0.040625 0.0125
1 0.73671875 0.8296875 0.04375 0.0140625
1 0.659375 0.79140625 0.0546875 0.01875
1 0.7015625 0.7609375 0.0546875 0.01875
1 0.63125 0.7453125 0.0515625 0.015625
1 0.7375 0.69765625 0.046875 0.0140625
1 0.68359375 0.653125 0.0609375 0.0171875
1 0.609375 0.60859375 0.06875 0.0171875
1 0.49140625 0.5953125 0.0859375 0.021875
1 0.48046875 0.553125 0.0765625 0.0234375