1 0.4453125 0.1109375 0.025 0.0734375
1 0.3546875 0.05546875 0.025 0.078125
1 0.31328125 0.2484375 0.028125 0.0671875
1 0.03671875 0.1546875 0.03125 0.06875
1 0.31875 0.41875 0.01875 0.0578125
1 0.37734375 0.44921875 0.01875 0.0546875
1 0.42578125 0.33046875 0.0265625 0.0578125
1 0.46875 0.390625 0.0203125 0.0609375
1 0.43359375 0.44140625 0.01875 0.0546875
1 0.6671875 0.084375 0.025 0.0734375
1 0.50625 0.14375 0.021875 0.0578125
1 0.5359375 0.2890625 0.021875 0.0578125
1 0.74453125 0.3390625 0.021875 0.05
1 0.82734375 0.32109375 0.021875 0.0546875
1 0.90703125 0.2078125 0.028125 0.0625
1 0.934375 0.20859375 0.01875 0.0578125
1 0.98515625 0.425 0.01875 0.05
1 0.0453125 0.98671875 0.021875 0.0265625
1 0.1109375 0.95703125 0.021875 0.0515625
1 0.15390625 0.8703125 0.01875 0.0515625
1 0.03515625 0.68515625 0.0234375 0.0671875
1 0.21484375 0.6671875 0.0265625 0.034375
1 0.3984375 0.72421875 0.0265625 0.0734375
1 0.2953125 0.7171875 0.025 0.0703125