1 0.09375 0.0328125 0.0578125 0.0234375
1 0.01171875 0.08984375 0.0234375 0.0359375
1 0.06875 0.24453125 0.0734375 0.0265625
1 0.02421875 0.3328125 0.0484375 0.028125
1 0.2015625 0.38046875 0.06875 0.0296875
1 0.371875 0.38203125 0.0578125 0.021875
1 0.40390625 0.3234375 0.0546875 0.0203125
1 0.2875 0.27109375 0.059375 0.028125
1 0.34921875 0.23046875 0.0609375 0.021875
1 0.3984375 0.2671875 0.0546875 0.0203125
1 0.40234375 0.090625 0.0515625 0.0203125
1 0.259375 0.096875 0.05625 0.028125
1 0.19921875 0.10546875 0.059375 0.028125
1 0.2015625 0.03125 0.0515625 0.0234375
1 0.209375 0.02421875 0.0578125 0.025
1 0.1265625 0.0109375 0.0625 0.021875
1 0.1578125 0.03125 0.046875 0.021875
1 0.1328125 0.03359375 0.0515625 0.028125
0 0.1078125 0.0484375 0.0203125 0.0125
1 0.76796875 0.31640625 0.078125 0.028125
1 0.8109375 0.38203125 0.059375 0.028125
1 0.81328125 0.41796875 0.0671875 0.025
1 0.834375 0.43046875 0.0546875 0.0171875
1 0.84140625 0.49296875 0.0484375 0.0234375
1 0.91328125 0.5671875 0.0578125 0.021875
1 0.9546875 0.36640625 0.0453125 0.021875
1 0.915625 0.3828125 0.046875 0.021875
1 0.878125 0.41015625 0.0421875 0.0203125
1 0.8671875 0.36171875 0.0515625 0.021875
1 0.9203125 0.3484375 0.0578125 0.0265625
1 0.971875 0.1921875 0.046875 0.021875
1 0.90703125 0.20078125 0.0640625 0.025
1 0.91640625 0.10859375 0.0578125 0.0203125
1 0.85 0.10625 0.0546875 0.0203125
1 0.7515625 0.0921875 0.0703125 0.0296875
0 0.78671875 0.36875 0.0171875 0.0109375
1 0.45234375 0.8921875 0.0734375 0.0234375
1 0.48125 0.98984375 0.0625 0.0203125
1 0.58984375 0.990625 0.0390625 0.015625
1 0.6 0.8875 0.01875 0.01875
1 0.5984375 0.840625 0.021875 0.025
1 0.57578125 0.78125 0.0546875 0.0265625
1 0.58359375 0.8921875 0.0359375 0.01875
1 0.5734375 0.959375 0.0453125 0.015625
1 0.58203125 0.9328125 0.0421875 0.015625
0 0.55859375 0.9484375 0.0140625 0.0078125
1 0.64921875 0.76328125 0.0734375 0.0265625
1 0.67734375 0.8578125 0.0703125 0.0265625
1 0.78984375 0.86875 0.0609375 0.021875
1 0.86796875 0.8171875 0.0640625 0.0203125