1 0.37109375 0.28125 0.0734375 0.025
1 0.428125 0.19140625 0.078125 0.0265625
1 0.2359375 0.146875 0.0671875 0.0296875
1 0.065625 0.14921875 0.0578125 0.0203125
1 0.034375 0.2078125 0.0546875 0.0203125
1 0.15234375 0.2578125 0.0578125 0.028125
1 0.090625 0.3 0.0609375 0.0203125
1 0.040625 0.2640625 0.0546875 0.0203125
1 0.24296875 0.41328125 0.0578125 0.0109375
1 0.9515625 0.053125 0.0578125 0.01875
1 0.98828125 0.11171875 0.0234375 0.0265625
1 0.98515625 0.15546875 0.0296875 0.0203125
1 0.971875 0.13046875 0.05625 0.0203125
1 0.946875 0.146875 0.0609375 0.0234375
1 0.88984375 0.18984375 0.0546875 0.0234375
1 0.9765625 0.23671875 0.046875 0.0203125
1 0.83515625 0.2734375 0.0515625 0.021875
1 0.8015625 0.28046875 0.05 0.021875
1 0.81796875 0.371875 0.065625 0.021875
1 0.7484375 0.353125 0.046875 0.01875
0 0.765625 0.34375 0.015625 0.0109375
0 0.36015625 0.44296875 0.025 0.0125
0 0.30234375 0.49921875 0.0171875 0.009375
0 0.1890625 0.49765625 0.0140625 0.0109375
0 0.4203125 0.61953125 0.0234375 0.0125
0 0.5125 0.81171875 0.021875 0.009375
0 0.5265625 0.88515625 0.0171875 0.0109375
1 0.23046875 0.84609375 0.0546875 0.01875
1 0.22421875 0.61171875 0.0546875 0.0203125
1 0.2546875 0.5546875 0.0484375 0.015625
1 0.34375 0.66484375 0.05 0.025
1 0.27890625 0.70390625 0.0640625 0.021875
1 0.234375 0.6703125 0.05 0.0234375
1 0.428125 0.55234375 0.0625 0.01875
1 0.546875 0.6859375 0.04375 0.025
1 0.43125 0.82890625 0.0453125 0.021875
1 0.37578125 0.8421875 0.0546875 0.025
1 0.440625 0.90390625 0.0609375 0.0171875
1 0.42109375 0.9109375 0.0515625 0.015625
1 0.4625 0.940625 0.0515625 0.028125
1 0.47265625 0.90078125 0.0484375 0.01875
1 0.5 0.9 0.053125 0.021875
1 0.5375 0.89921875 0.0625 0.0296875
1 0.509375 0.9203125 0.0640625 0.0296875
1 0.74921875 0.50625 0.0484375 0.015625
1 0.7796875 0.5421875 0.0484375 0.01875
1 0.7328125 0.60703125 0.0359375 0.0140625
1 0.71484375 0.60546875 0.0390625 0.0140625
1 0.815625 0.6578125 0.046875 0.01875
1 0.7515625 0.69609375 0.0484375 0.0171875
1 0.896875 0.8 0.0625 0.01875
1 0.9109375 0.86328125 0.0515625 0.01875
1 0.7953125 0.83359375 0.053125 0.0203125
1 0.77109375 0.84609375 0.0484375 0.015625
1 0.7328125 0.8515625 0.040625 0.015625
1 0.715625 0.85859375 0.040625 0.0140625
1 0.66640625 0.88984375 0.0421875 0.015625
1 0.72734375 0.99765625 0.0453125 0.0046875