1 0.0140625 0.03984375 0.025 0.0671875
1 0.09921875 0.06640625 0.025 0.0578125
1 0.08203125 0.11640625 0.01875 0.059375
1 0.0890625 0.18359375 0.015625 0.0453125
1 0.2328125 0.23359375 0.015625 0.0421875
1 0.24765625 0.13828125 0.015625 0.0421875
1 0.15703125 0.140625 0.015625 0.0453125
1 0.20234375 0.06640625 0.01875 0.0453125
1 0.19453125 0.02265625 0.0171875 0.0453125
1 0.2921875 0.0328125 0.021875 0.0546875
1 0.98046875 0.04765625 0.025 0.0640625
1 0.85 0.21484375 0.0171875 0.0453125
1 0.8046875 0.1609375 0.0171875 0.0515625
1 0.83125 0.24140625 0.01875 0.0421875
1 0.69375 0.19375 0.0171875 0.0546875
1 0.63828125 0.159375 0.0171875 0.0546875
1 0.58671875 0.1921875 0.0203125 0.0484375
1 0.56953125 0.234375 0.01875 0.0453125
1 0.52890625 0.24921875 0.01875 0.0546875
1 0.50234375 0.2375 0.0234375 0.0515625
1 0.4890625 0.19140625 0.0171875 0.0484375
1 0.496875 0.1765625 0.0171875 0.0546875
1 0.628125 0.2171875 0.0140625 0.040625
1 0.65234375 0.2078125 0.0203125 0.0453125
1 0.659375 0.228125 0.021875 0.0453125
1 0.62265625 0.26796875 0.0203125 0.0484375
1 0.70625 0.2734375 0.015625 0.0453125
1 0.68984375 0.29375 0.0125 0.0375
1 0.4359375 0.4984375 0.01875 0.01875
1 0.3734375 0.62734375 0.0140625 0.04375
1 0.3375 0.57421875 0.0203125 0.0515625
1 0.3015625 0.5296875 0.01875 0.040625
1 0.69375 0.7953125 0.0390625 0.0953125
1 0.50078125 0.7796875 0.0375 0.084375
1 0.4796875 0.84609375 0.0328125 0.0890625
1 0.4984375 0.92734375 0.0375 0.08125
1 0.4625 0.9609375 0.025 0.078125
1 0.53125 0.95390625 0.034375 0.084375
1 0.528125 0.97890625 0.034375 0.0421875
1 0.5984375 0.934375 0.0390625 0.078125
1 0.63515625 0.97265625 0.0234375 0.0546875
1 0.6484375 0.97109375 0.034375 0.0578125
1 0.7203125 0.990625 0.0375 0.01875
1 0.7421875 0.990625 0.028125 0.01875
1 0.75625 0.9765625 0.0375 0.046875
1 0.86640625 0.9640625 0.0296875 0.071875
1 0.95 0.609375 0.0375 0.1015625
1 0.8796875 0.62890625 0.03125 0.1015625