1 0.11171875 0.38671875 0.065625 0.0171875
1 0.15 0.30625 0.05625 0.0171875
1 0.19765625 0.33046875 0.059375 0.0109375
1 0.26484375 0.3328125 0.04375 0.009375
1 0.334375 0.19765625 0.040625 0.009375
1 0.24140625 0.16953125 0.040625 0.009375
1 0.23125 0.259375 0.04375 0.009375
1 0.1640625 0.2046875 0.04375 0.0125
1 0.11796875 0.2046875 0.05 0.0109375
1 0.06015625 0.1765625 0.0625 0.0140625
1 0.0171875 0.10234375 0.034375 0.0171875
1 0.14375 0.11015625 0.053125 0.015625
1 0.04140625 0.08828125 0.059375 0.0125
1 0.584375 0.04453125 0.0484375 0.0171875
1 0.6234375 0.12265625 0.05625 0.0296875
1 0.62734375 0.16875 0.0640625 0.021875
1 0.75859375 0.065625 0.0484375 0.0140625
1 0.88125 0.10234375 0.05625 0.0140625
1 0.96875 0.15546875 0.053125 0.0125
1 0.775 0.26484375 0.05 0.01875
1 0.78203125 0.4 0.053125 0.0171875
1 0.896875 0.36328125 0.046875 0.0171875
1 0.65625 0.465625 0.071875 0.00625
1 0.184375 0.48125 0.065625 0.0140625
1 0.26015625 0.47890625 0.053125 0.0109375
1 0.2578125 0.48046875 0.0484375 0.0109375
1 0.23671875 0.74765625 0.0625 0.0109375
1 0.1703125 0.72734375 0.0640625 0.0140625
1 0.15859375 0.646875 0.0609375 0.0171875
1 0.14375 0.54140625 0.05625 0.0203125
1 0.0875 0.70546875 0.0609375 0.0234375
1 0.11171875 0.85546875 0.06875 0.0234375
1 0.16953125 0.81875 0.06875 0.0171875
1 0.240625 0.98671875 0.0640625 0.0140625
1 0.76328125 0.97734375 0.06875 0.0171875
1 0.91953125 0.90703125 0.0453125 0.0140625
1 0.9203125 0.88515625 0.053125 0.0125
1 0.96875 0.865625 0.053125 0.015625
1 0.98359375 0.89453125 0.0328125 0.0109375
1 0.9875 0.9453125 0.025 0.015625
1 0.94140625 0.75390625 0.046875 0.0171875
1 0.91484375 0.7421875 0.0546875 0.0140625
1 0.92578125 0.71328125 0.046875 0.0109375
1 0.9765625 0.71875 0.04375 0.0109375
1 0.97421875 0.73515625 0.040625 0.0078125
1 0.98203125 0.71171875 0.0359375 0.0109375
1 0.97890625 0.68359375 0.0421875 0.0140625
1 0.88828125 0.6234375 0.046875 0.0171875
1 0.86640625 0.56171875 0.05625 0.015625
1 0.93125 0.5421875 0.0484375 0.0203125