1 0.03046875 0.290625 0.0171875 0.05625
1 0.00703125 0.33828125 0.0109375 0.059375
1 0.00546875 0.40546875 0.0109375 0.04375
1 0.16875 0.3796875 0.0109375 0.040625
1 0.07890625 0.37109375 0.0109375 0.04375
1 0.1328125 0.30234375 0.0140625 0.04375
1 0.13203125 0.25625 0.0109375 0.05
1 0.15859375 0.1984375 0.0140625 0.0625
1 0.08203125 0.11328125 0.01875 0.06875
1 0.23203125 0.14453125 0.0171875 0.05625
1 0.334375 0.03125 0.015625 0.0625
1 0.36015625 0.19375 0.015625 0.053125
1 0.384375 0.20546875 0.015625 0.0625
1 0.453125 0.240625 0.0171875 0.05625
1 0.4046875 0.36484375 0.0171875 0.046875
1 0.2265625 0.28046875 0.015625 0.053125
1 0.24609375 0.178125 0.0125 0.059375
0 0.41015625 0.30625 0.009375 0.021875
1 0.58671875 0.09296875 0.021875 0.0953125
1 0.75 0.2359375 0.0171875 0.0625
1 0.79453125 0.2484375 0.015625 0.06875
1 0.6421875 0.325 0.0171875 0.05625
1 0.725 0.38359375 0.0234375 0.0609375
1 0.75 0.39296875 0.0109375 0.053125
1 0.81796875 0.4390625 0.0171875 0.021875
1 0.809375 0.44453125 0.0125 0.0109375
1 0.884375 0.4109375 0.0109375 0.0375
1 0.89140625 0.33203125 0.0125 0.05625
1 0.9 0.30390625 0.0203125 0.05625
1 0.07421875 0.7984375 0.0125 0.040625
1 0.12578125 0.79609375 0.0109375 0.040625
1 0.128125 0.8328125 0.0125 0.040625
1 0.10859375 0.66640625 0.0140625 0.0625
1 0.078125 0.6625 0.0171875 0.05625
1 0.1265625 0.5859375 0.01875 0.06875
1 0.1890625 0.58203125 0.0234375 0.0625
1 0.1921875 0.68046875 0.0171875 0.05625
1 0.22734375 0.68359375 0.0265625 0.0578125
1 0.2578125 0.59140625 0.0171875 0.0625
1 0.2953125 0.58828125 0.0203125 0.053125
1 0.31328125 0.58125 0.0203125 0.053125
1 0.3890625 0.59765625 0.0171875 0.05625
1 0.421875 0.66015625 0.0109375 0.05
1 0.42421875 0.68125 0.0140625 0.04375
1 0.39765625 0.7234375 0.0171875 0.05625
1 0.33203125 0.80078125 0.0171875 0.0375
0 0.31953125 0.55625 0.009375 0.021875
0 0.9484375 0.9453125 0.00625 0.015625
0 0.9125 0.83984375 0.009375 0.015625
0 0.8078125 0.8953125 0.00625 0.009375
0 0.80625 0.95234375 0.00625 0.0078125
0 0.74453125 0.83671875 0.0046875 0.0125
0 0.66171875 0.85546875 0.00625 0.015625
0 0.628125 0.9953125 0.00625 0.009375
0 0.578125 0.96171875 0.0078125 0.01875
0 0.55390625 0.846875 0.009375 0.0140625
1 0.9578125 0.86953125 0.0140625 0.053125
1 0.8875 0.696875 0.01875 0.0875
1 0.828125 0.84375 0.0203125 0.059375
1 0.79609375 0.98984375 0.0140625 0.0203125
1 0.765625 0.9796875 0.01875 0.040625
1 0.64609375 0.93828125 0.0140625 0.065625
1 0.603125 0.93984375 0.0109375 0.0625
1 0.60703125 0.890625 0.0234375 0.05625
1 0.5703125 0.86796875 0.0171875 0.06875
1 0.540625 0.95546875 0.01875 0.0625