1 0.459375 0.18984375 0.01875 0.0203125
1 0.40546875 0.2140625 0.046875 0.015625
1 0.3390625 0.2171875 0.04375 0.015625
1 0.296875 0.23984375 0.0546875 0.021875
1 0.28984375 0.196875 0.0609375 0.0203125
1 0.26796875 0.15703125 0.0515625 0.0125
1 0.20859375 0.1796875 0.0546875 0.01875
1 0.1453125 0.18515625 0.0609375 0.0234375
1 0.453125 0.28359375 0.03125 0.0171875
1 0.45859375 0.3203125 0.0203125 0.015625
1 0.42109375 0.33203125 0.053125 0.0125
1 0.296875 0.34296875 0.0546875 0.021875
1 0.2671875 0.478125 0.053125 0.015625
1 0.19609375 0.459375 0.0609375 0.0234375
1 0.4515625 0.4453125 0.034375 0.015625
0 0.40859375 0.24609375 0.0234375 0.0140625
1 0.4890625 0.47890625 0.040625 0.0234375
1 0.575 0.37734375 0.0734375 0.0234375
1 0.57578125 0.35 0.0609375 0.0171875
1 0.60078125 0.32734375 0.0609375 0.0328125
1 0.628125 0.29296875 0.065625 0.0171875
1 0.67265625 0.31796875 0.0515625 0.01875
1 0.678125 0.33359375 0.0515625 0.021875
1 0.69375 0.4328125 0.065625 0.0234375
1 0.6359375 0.38984375 0.05625 0.0140625
1 0.6265625 0.4 0.05625 0.015625
1 0.70390625 0.28828125 0.053125 0.0125
1 0.70078125 0.2875 0.0484375 0.0125
1 0.6578125 0.0234375 0.0625 0.0140625
1 0.59296875 0.04921875 0.0640625 0.0171875
1 0.58828125 0.1296875 0.0625 0.0203125
1 0.58203125 0.23671875 0.0578125 0.021875
1 0.5125 0.078125 0.0625 0.0265625
0 0.69375 0.3640625 0.021875 0.0109375
1 0.10625 0.84453125 0.0953125 0.025
1 0.446875 0.86640625 0.04375 0.0234375
1 0.3171875 0.73125 0.0734375 0.0203125
1 0.21953125 0.73046875 0.0890625 0.021875
1 0.00859375 0.6609375 0.0171875 0.028125
1 0.04765625 0.53359375 0.0796875 0.0234375
1 0.27265625 0.528125 0.0796875 0.021875
1 0.3953125 0.54296875 0.0671875 0.0203125
1 0.39921875 0.64453125 0.0578125 0.01875
1 0.41796875 0.64609375 0.0765625 0.0234375
1 0.60703125 0.5828125 0.046875 0.015625
1 0.68359375 0.59921875 0.040625 0.015625
1 0.79140625 0.59375 0.0296875 0.0140625
1 0.84140625 0.61328125 0.0296875 0.0140625
1 0.846875 0.66953125 0.034375 0.0125
1 0.7671875 0.8078125 0.04375 0.009375
1 0.62109375 0.85 0.059375 0.0171875
1 0.75859375 0.8515625 0.034375 0.009375
1 0.74609375 0.8828125 0.0453125 0.01875
1 0.775 0.821875 0.0375 0.0125
1 0.85234375 0.91796875 0.03125 0.0109375
0 0.7546875 0.80546875 0.015625 0.0046875