1 0.2515625 0.09140625 0.0546875 0.01875
1 0.121875 0.14140625 0.065625 0.0203125
1 0.18515625 0.0609375 0.0609375 0.025
1 0.26875 0.253125 0.053125 0.0171875
1 0.421875 0.3015625 0.0453125 0.0171875
1 0.3828125 0.1828125 0.0515625 0.0140625
1 0.5171875 0.103125 0.040625 0.0140625
1 0.44453125 0.09375 0.0484375 0.0171875
0 0.85859375 0.05078125 0.025 0.0125
1 0.97109375 0.0453125 0.0578125 0.021875
1 0.9296875 0.1375 0.0828125 0.021875
1 0.36796875 0.99765625 0.0546875 0.0046875
1 0.34296875 0.96484375 0.0484375 0.0171875
1 0.31171875 0.96171875 0.053125 0.0203125
1 0.3484375 0.92421875 0.04375 0.0140625
1 0.38515625 0.9375 0.0421875 0.015625
1 0.3796875 0.915625 0.05 0.0140625
1 0.39765625 0.925 0.0515625 0.0140625
1 0.37734375 0.9 0.046875 0.0140625
1 0.396875 0.89140625 0.053125 0.0125
1 0.378125 0.88359375 0.046875 0.0109375
1 0.38046875 0.8796875 0.0375 0.009375
1 0.38984375 0.87734375 0.04375 0.0125
1 0.40234375 0.82890625 0.05 0.015625
1 0.40546875 0.82109375 0.05 0.0125
1 0.375 0.81484375 0.046875 0.0140625
1 0.3671875 0.62890625 0.0484375 0.0171875
0 0.35546875 0.6375 0.0140625 0.0109375
1 0.97734375 0.659375 0.0453125 0.01875
1 0.97578125 0.73046875 0.0484375 0.0234375
1 0.8640625 0.66953125 0.0828125 0.0234375
1 0.975 0.76640625 0.05 0.0203125
1 0.99296875 0.803125 0.0140625 0.01875
1 0.98203125 0.821875 0.0359375 0.01875
1 0.95234375 0.8734375 0.06875 0.015625
1 0.91953125 0.9140625 0.0796875 0.0234375