1 0.078125 0.24609375 0.0484375 0.0234375
1 0.01484375 0.234375 0.0296875 0.01875
1 0.0484375 0.15546875 0.0484375 0.0203125
1 0.071875 0.115625 0.0484375 0.0203125
1 0.04765625 0.11796875 0.0421875 0.0171875
1 0.0125 0.115625 0.025 0.015625
1 0.01796875 0.003125 0.0359375 0.00625
0 0.00703125 0.203125 0.0140625 0.015625
1 0.98671875 0.3046875 0.0265625 0.025
1 0.9640625 0.2453125 0.0640625 0.0203125
1 0.88984375 0.225 0.065625 0.0171875
1 0.54375 0.34453125 0.08125 0.021875
1 0.68828125 0.1328125 0.0796875 0.025
1 0.68671875 0.14765625 0.0828125 0.025
1 0.78046875 0.0296875 0.0734375 0.028125
1 0.81015625 0.03828125 0.0796875 0.025
1 0.91484375 0.10546875 0.0703125 0.0234375
1 0.95546875 0.09453125 0.0578125 0.01875
1 0.971875 0.1078125 0.05625 0.021875
1 0.03125 0.57109375 0.0625 0.0265625
1 0.12890625 0.365625 0.0453125 0.0125
1 0.12734375 0.490625 0.0515625 0.01875
1 0.15390625 0.484375 0.0546875 0.01875
1 0.13984375 0.55 0.0515625 0.01875
1 0.17265625 0.61484375 0.0359375 0.0140625
1 0.17890625 0.59296875 0.0375 0.0140625
1 0.18046875 0.56875 0.034375 0.0125
1 0.15703125 0.6109375 0.0421875 0.0203125
1 0.15078125 0.6953125 0.040625 0.015625
1 0.17734375 0.671875 0.04375 0.0125
1 0.19921875 0.6984375 0.0375 0.0171875
1 0.21015625 0.746875 0.0453125 0.0171875
1 0.21015625 0.76171875 0.0421875 0.0171875
1 0.19609375 0.7875 0.0453125 0.0171875
1 0.2 0.80078125 0.0546875 0.0203125
1 0.18125 0.82421875 0.0453125 0.0171875
1 0.13828125 0.89140625 0.0578125 0.025
1 0.06171875 0.95234375 0.0703125 0.0234375
0 0.20234375 0.56640625 0.015625 0.0125
1 0.60234375 0.9828125 0.0515625 0.0171875
1 0.634375 0.94296875 0.0421875 0.015625
1 0.63515625 0.99375 0.0453125 0.0125
1 0.671875 0.84765625 0.0453125 0.0140625
1 0.6515625 0.83515625 0.0421875 0.0140625
1 0.52265625 0.9140625 0.0515625 0.0171875
1 0.575 0.65234375 0.0421875 0.0140625
1 0.58125 0.6578125 0.0484375 0.015625
1 0.6 0.5640625 0.0453125 0.0140625
1 0.603125 0.53359375 0.0421875 0.0140625
1 0.50390625 0.47890625 0.0484375 0.0171875
1 0.51640625 0.4515625 0.0515625 0.021875