1 0.26796875 0.20859375 0.078125 0.0375
1 0.13828125 0.14140625 0.0828125 0.0375
1 0.02109375 0.17265625 0.0421875 0.0265625
1 0.0109375 0.13828125 0.021875 0.0203125
1 0.33203125 0.1078125 0.0453125 0.021875
1 0.29453125 0.98046875 0.0296875 0.0171875
1 0.28203125 0.95859375 0.0546875 0.0203125
1 0.240625 0.9046875 0.0546875 0.0203125
1 0.20625 0.81015625 0.0515625 0.0203125
1 0.175 0.796875 0.05 0.0203125
1 0.21171875 0.7109375 0.065625 0.01875
1 0.1390625 0.71328125 0.046875 0.015625
0 0.15390625 0.7265625 0.0140625 0.0109375
1 0.29375 0.66015625 0.03125 0.0171875
1 0.24296875 0.49765625 0.0546875 0.0171875
1 0.3 0.31796875 0.01875 0.0203125
1 0.82890625 0.896875 0.0734375 0.021875
1 0.66328125 0.97890625 0.0578125 0.0234375
1 0.55 0.91328125 0.0578125 0.0171875
1 0.5609375 0.88515625 0.0453125 0.01875
1 0.69296875 0.85390625 0.0546875 0.021875
1 0.596875 0.825 0.0453125 0.015625
1 0.55625 0.784375 0.0484375 0.021875
1 0.75703125 0.5984375 0.0625 0.0140625
1 0.65234375 0.596875 0.05 0.0140625
1 0.6703125 0.56328125 0.0453125 0.01875
1 0.7359375 0.55390625 0.0453125 0.0140625
1 0.74453125 0.46875 0.0578125 0.0203125
1 0.68828125 0.48359375 0.0421875 0.021875
1 0.640625 0.46328125 0.0453125 0.01875
1 0.61328125 0.496875 0.0546875 0.021875
1 0.5984375 0.51328125 0.0515625 0.0203125
0 0.68671875 0.55546875 0.0265625 0.0109375