1 0.053125 0.06015625 0.0484375 0.0796875
1 0.13984375 0.178125 0.05 0.084375
1 0.0140625 0.3140625 0.028125 0.0625
1 0.0953125 0.3546875 0.0296875 0.05
1 0.12421875 0.3796875 0.025 0.046875
1 0.12734375 0.30546875 0.034375 0.059375
1 0.1640625 0.31640625 0.0265625 0.05
1 0.17578125 0.38515625 0.0234375 0.0484375
1 0.19453125 0.4 0.025 0.046875
1 0.24765625 0.325 0.025 0.0484375
1 0.3015625 0.296875 0.03125 0.0546875
1 0.3046875 0.21875 0.0375 0.0703125
1 0.37109375 0.25390625 0.03125 0.05625
1 0.39375 0.38515625 0.0203125 0.0390625
1 0.49921875 0.32109375 0.0296875 0.0546875
1 0.5 0.21171875 0.0296875 0.0671875
1 0.49140625 0.13515625 0.0390625 0.075
1 0.5578125 0.13515625 0.034375 0.08125
1 0.9328125 0.16484375 0.0234375 0.0546875
1 0.97265625 0.275 0.01875 0.04375
1 0.16875 0.990625 0.025 0.01875
1 0.23515625 0.96875 0.025 0.0453125
1 0.32109375 0.98515625 0.0234375 0.0296875
1 0.35390625 0.9921875 0.0203125 0.015625
1 0.41328125 0.88828125 0.0203125 0.05
1 0.40390625 0.80234375 0.025 0.0546875
0 0.6296875 0.753125 0.0140625 0.0203125
1 0.62578125 0.78984375 0.040625 0.0953125
1 0.76328125 0.92578125 0.0421875 0.0875
1 0.878125 0.94140625 0.0390625 0.075
1 0.83203125 0.70625 0.0390625 0.0859375
1 0.746875 0.58359375 0.05 0.0890625
1 0.9125 0.6796875 0.040625 0.1
1 0.94375 0.57109375 0.034375 0.0640625