1 0.04375 0.096875 0.0875 0.03125
1 0.128125 0.384375 0.078125 0.040625
1 0.2703125 0.42109375 0.0828125 0.0421875
1 0.2609375 0.17421875 0.065625 0.034375
1 0.34765625 0.25 0.0625 0.0296875
1 0.41796875 0.31328125 0.0484375 0.025
1 0.4390625 0.33125 0.021875 0.021875
1 0.384375 0.36171875 0.059375 0.0296875
1 0.4078125 0.39140625 0.0484375 0.021875
1 0.4359375 0.46484375 0.028125 0.0203125
1 0.43203125 0.5265625 0.0359375 0.025
1 0.3703125 0.55859375 0.0703125 0.03125
1 0.425 0.60546875 0.05 0.0265625
1 0.3875 0.0109375 0.0515625 0.01875
0 0.0828125 0.19765625 0.0265625 0.021875
1 0.5515625 0.596875 0.0515625 0.0203125
1 0.5875 0.5328125 0.046875 0.01875
1 0.66640625 0.64140625 0.0453125 0.015625
1 0.6984375 0.59375 0.0453125 0.015625
1 0.7171875 0.57109375 0.0421875 0.01875
1 0.64296875 0.2390625 0.0453125 0.0234375
1 0.60546875 0.3375 0.0453125 0.021875
1 0.48984375 0.275 0.0671875 0.025
1 0.48828125 0.14765625 0.0453125 0.01875
1 0.5765625 0.42734375 0.05 0.01875
1 0.30703125 0.6796875 0.0734375 0.021875
1 0.32734375 0.69609375 0.0609375 0.01875
1 0.3828125 0.7234375 0.0578125 0.0234375
1 0.428125 0.78515625 0.04375 0.0203125
1 0.29296875 0.8484375 0.0640625 0.0234375
0 0.365625 0.6921875 0.015625 0.009375
1 0.31015625 0.99375 0.0765625 0.0125
0 0.78125 0.90078125 0.0125 0.0078125
1 0.5734375 0.91796875 0.0328125 0.0140625
1 0.640625 0.75703125 0.0328125 0.0140625
1 0.76171875 0.796875 0.0359375 0.0140625
1 0.79375 0.746875 0.0328125 0.0125
1 0.83984375 0.76640625 0.0296875 0.0125
1 0.80546875 0.8359375 0.0296875 0.0125
1 0.7703125 0.82734375 0.0328125 0.0109375
1 0.78046875 0.90078125 0.0296875 0.0109375
1 0.725 0.90703125 0.034375 0.0109375
1 0.73671875 0.971875 0.028125 0.009375
1 0.7984375 0.98359375 0.0296875 0.0109375
1 0.81953125 0.9546875 0.0328125 0.0125
1 0.82421875 0.90078125 0.028125 0.009375
1 0.84140625 0.88671875 0.025 0.0109375
1 0.86796875 0.8828125 0.0265625 0.0125
1 0.846875 0.91171875 0.028125 0.009375
1 0.86875 0.98515625 0.025 0.009375