1 0.40859375 0.20703125 0.025 0.053125
1 0.340625 0.2203125 0.0265625 0.0546875
1 0.28203125 0.17890625 0.0328125 0.0625
1 0.3328125 0.32265625 0.01875 0.0421875
1 0.240625 0.31171875 0.01875 0.040625
1 0.13359375 0.2703125 0.025 0.053125
1 0.05859375 0.28984375 0.0203125 0.053125
1 0.06875 0.31875 0.0203125 0.040625
1 0.06953125 0.35 0.0265625 0.040625
1 0.1046875 0.36796875 0.028125 0.046875
1 0.01328125 0.3546875 0.0265625 0.046875
1 0.0375 0.32734375 0.021875 0.0375
1 0.0046875 0.346875 0.009375 0.05
0 0.05703125 0.34609375 0.0140625 0.0203125
1 0.79609375 0.365625 0.0234375 0.05
1 0.77265625 0.3609375 0.01875 0.0453125
1 0.7765625 0.40078125 0.0171875 0.0390625
1 0.76484375 0.4140625 0.0234375 0.040625
1 0.7546875 0.43515625 0.0171875 0.0375
1 0.70546875 0.409375 0.0171875 0.04375
1 0.7046875 0.446875 0.0171875 0.0359375
1 0.67109375 0.35234375 0.0203125 0.0515625
1 0.6296875 0.38203125 0.0265625 0.0515625
1 0.60546875 0.45546875 0.0203125 0.0390625
1 0.63828125 0.4671875 0.0171875 0.025
1 0.5953125 0.471875 0.021875 0.015625
1 0.5328125 0.45625 0.015625 0.0390625
1 0.56015625 0.41875 0.0171875 0.040625
1 0.13125 0.8734375 0.0265625 0.071875
1 0.20703125 0.9875 0.0265625 0.025
1 0.34765625 0.93671875 0.025 0.0609375
1 0.434375 0.92265625 0.021875 0.0546875
1 0.4765625 0.9765625 0.01875 0.046875
1 0.41015625 0.95546875 0.0203125 0.040625
1 0.4234375 0.99296875 0.021875 0.0140625
1 0.4515625 0.9796875 0.01875 0.040625
1 0.46953125 0.984375 0.0203125 0.03125
0 0.2640625 0.9234375 0.0125 0.015625
0 0.10546875 0.91796875 0.0078125 0.0109375
0 0.3984375 0.85078125 0.009375 0.015625
0 0.47890625 0.8640625 0.009375 0.0140625
0 0.428125 0.7359375 0.009375 0.0171875
0 0.30703125 0.83671875 0.009375 0.0140625
0 0.27421875 0.6953125 0.0125 0.0140625
0 0.184375 0.8 0.0109375 0.015625
0 0.078125 0.74765625 0.0109375 0.0140625
0 0.04296875 0.63046875 0.0078125 0.0109375
0 0.35625 0.61328125 0.009375 0.015625
0 0.02734375 0.93828125 0.0109375 0.0140625
1 0.99609375 0.965625 0.0078125 0.06875
1 0.95546875 0.9890625 0.0234375 0.021875