1 0.015625 0.13984375 0.015625 0.0515625
1 0.084375 0.14375 0.0171875 0.053125
1 0.13203125 0.1984375 0.021875 0.059375
1 0.1171875 0.04609375 0.009375 0.040625
1 0.20390625 0.07890625 0.0109375 0.0390625
1 0.29765625 0.14453125 0.015625 0.0515625
1 0.375 0.14375 0.0109375 0.053125
1 0.37265625 0.1140625 0.0125 0.0390625
1 0.37890625 0.0828125 0.01875 0.0375
1 0.34921875 0.0578125 0.01875 0.04375
1 0.43515625 0.09296875 0.01875 0.04375
1 0.4046875 0.11328125 0.0140625 0.0359375
1 0.45 0.10390625 0.0203125 0.046875
1 0.4671875 0.17734375 0.003125 0.0515625
0 0.38984375 0.090625 0.009375 0.01875
0 0.55625 0.18125 0.009375 0.015625
1 0.59765625 0.340625 0.0140625 0.05
1 0.65234375 0.21953125 0.0171875 0.05
1 0.6234375 0.0984375 0.0171875 0.053125
1 0.80390625 0.196875 0.0125 0.040625
1 0.73515625 0.29765625 0.0171875 0.053125
1 0.70078125 0.284375 0.0109375 0.05625
1 0.74375 0.35703125 0.0140625 0.0640625
1 0.86875 0.340625 0.0140625 0.059375
1 0.99609375 0.171875 0.0078125 0.046875
1 0.996875 0.1109375 0.00625 0.053125
1 0.89453125 0.1484375 0.0140625 0.0484375
1 0.3109375 0.88203125 0.0234375 0.078125
1 0.34609375 0.865625 0.01875 0.08125
1 0.328125 0.7796875 0.0140625 0.078125
1 0.26875 0.6796875 0.0140625 0.06875
1 0.2421875 0.675 0.0109375 0.075
1 0.19609375 0.62578125 0.0140625 0.053125
1 0.15546875 0.73203125 0.015625 0.059375
1 0.08984375 0.65078125 0.021875 0.05625
1 0.06328125 0.55859375 0.009375 0.040625
1 0.034375 0.61171875 0.0109375 0.046875
1 0.02734375 0.6796875 0.0203125 0.053125
1 0.0859375 0.75546875 0.0171875 0.06875
1 0.88984375 0.4671875 0.0125 0.040625
1 0.8890625 0.490625 0.01875 0.025
1 0.9 0.5359375 0.0171875 0.0578125
1 0.83125 0.6953125 0.0203125 0.059375
1 0.7359375 0.78984375 0.0234375 0.071875
1 0.725 0.53125 0.0171875 0.059375
1 0.68203125 0.49140625 0.015625 0.053125
1 0.57890625 0.60859375 0.0203125 0.0625
1 0.59140625 0.4703125 0.015625 0.053125
1 0.6078125 0.453125 0.015625 0.040625
1 0.59453125 0.4140625 0.0140625 0.028125
1 0.721875 0.4171875 0.015625 0.034375
1 0.771875 0.4484375 0.0203125 0.05
1 0.79609375 0.45390625 0.0140625 0.0453125
1 0.81171875 0.44140625 0.0109375 0.040625
1 0.8203125 0.47109375 0.0140625 0.046875
1 0.8234375 0.484375 0.015625 0.046875
1 0.83359375 0.48359375 0.0140625 0.0453125
1 0.85 0.48828125 0.0171875 0.04375
1 0.8578125 0.51953125 0.015625 0.053125