1 0.43046875 0.340625 0.053125 0.01875
1 0.47109375 0.471875 0.0515625 0.0140625
1 0.43359375 0.271875 0.0546875 0.0203125
1 0.384375 0.21875 0.0609375 0.025
1 0.534375 0.24921875 0.040625 0.0125
1 0.51015625 0.16015625 0.040625 0.0140625
1 0.4546875 0.059375 0.053125 0.01875
1 0.54609375 0.0171875 0.0453125 0.021875
1 0.5921875 0.42265625 0.046875 0.0140625
1 0.6171875 0.39921875 0.0796875 0.025
1 0.646875 0.45859375 0.0640625 0.0203125
1 0.7125 0.43125 0.053125 0.0140625
1 0.7953125 0.4546875 0.0578125 0.01875
1 0.78203125 0.27265625 0.0484375 0.01875
1 0.7578125 0.20390625 0.0546875 0.0203125
1 0.8 0.17109375 0.0546875 0.021875
1 0.753125 0.1015625 0.0640625 0.0203125
1 0.6625 0.02109375 0.0765625 0.0296875
1 0.66328125 0.17109375 0.0703125 0.0234375
1 0.69609375 0.21484375 0.0546875 0.01875
1 0.70546875 0.22265625 0.0671875 0.025
0 0.49375 0.7328125 0.0140625 0.0078125
1 0.484375 0.9328125 0.0625 0.021875
1 0.3890625 0.81171875 0.0828125 0.021875
1 0.51015625 0.72890625 0.0546875 0.0171875
1 0.50078125 0.703125 0.0578125 0.0203125
1 0.52109375 0.66015625 0.05 0.01875
1 0.56015625 0.6265625 0.0171875 0.01875
1 0.5203125 0.5484375 0.0578125 0.0171875
1 0.503125 0.5265625 0.059375 0.015625
1 0.5453125 0.5046875 0.046875 0.009375
1 0.7046875 0.7359375 0.0734375 0.021875
1 0.6921875 0.746875 0.075 0.01875
1 0.7484375 0.7703125 0.0609375 0.0171875
1 0.765625 0.815625 0.075 0.021875
1 0.71328125 0.87578125 0.0578125 0.021875
1 0.7703125 0.89921875 0.0609375 0.01875
1 0.67265625 0.840625 0.0359375 0.0234375
1 0.80546875 0.7890625 0.05 0.0140625
1 0.81953125 0.734375 0.0546875 0.01875
1 0.76328125 0.725 0.0546875 0.01875
1 0.90703125 0.734375 0.05625 0.015625
1 0.9609375 0.65 0.0421875 0.015625
1 0.8984375 0.5453125 0.0453125 0.01875
1 0.9265625 0.86796875 0.046875 0.0140625