1 0.47734375 0.25859375 0.0625 0.0265625
1 0.3984375 0.33984375 0.05625 0.0203125
1 0.40078125 0.35703125 0.0515625 0.021875
1 0.35546875 0.36484375 0.05 0.0234375
1 0.28984375 0.3421875 0.0546875 0.025
1 0.278125 0.384375 0.0453125 0.0234375
1 0.29140625 0.409375 0.0453125 0.021875
1 0.253125 0.40234375 0.0359375 0.0171875
1 0.24453125 0.39453125 0.040625 0.015625
1 0.203125 0.365625 0.0484375 0.0234375
1 0.15234375 0.4 0.0515625 0.025
1 0.2296875 0.48359375 0.0484375 0.0234375
1 0.31484375 0.48515625 0.0515625 0.025
1 0.45078125 0.50390625 0.0609375 0.0109375
1 0.421875 0.42109375 0.0546875 0.0265625
1 0.21484375 0.23359375 0.053125 0.0203125
0 0.49921875 0.271875 0.0203125 0.0109375
0 0.9875 0.07109375 0.0125 0.0078125
0 0.96953125 0.42109375 0.0109375 0.0078125
0 0.83203125 0.1859375 0.0109375 0.0078125
1 0.7859375 0.2140625 0.034375 0.0171875
1 0.86484375 0.2078125 0.0421875 0.01875
1 0.8828125 0.2109375 0.046875 0.01875
1 0.95546875 0.19921875 0.0484375 0.0203125
1 0.99140625 0.2734375 0.0171875 0.025
1 0.8953125 0.26953125 0.0453125 0.0203125
1 0.90703125 0.3 0.0453125 0.0203125
1 0.77265625 0.3203125 0.0375 0.0171875
1 0.78125 0.340625 0.015625 0.0125
1 0.79296875 0.40703125 0.0328125 0.0171875
1 0.825 0.4234375 0.0421875 0.0203125
1 0.740625 0.46328125 0.0390625 0.01875
1 0.9203125 0.459375 0.046875 0.025
1 0.98984375 0.3984375 0.0203125 0.021875
0 0.809375 0.48359375 0.0109375 0.00625
0 0.84453125 0.41875 0.0046875 0.0046875
1 0.50078125 0.71640625 0.121875 0.05625
1 0.090625 0.9578125 0.078125 0.034375
1 0.08046875 0.65859375 0.0578125 0.028125
1 0.0375 0.6546875 0.0546875 0.025
1 0.01640625 0.6328125 0.0328125 0.028125
1 0.24140625 0.5515625 0.084375 0.0375
1 0.86328125 0.54296875 0.0421875 0.021875
1 0.86796875 0.63046875 0.04375 0.01875
1 0.9171875 0.67109375 0.0515625 0.025
1 0.959375 0.7109375 0.040625 0.021875