1 0.02109375 0.39765625 0.015625 0.046875
1 0.00234375 0.471875 0.0046875 0.034375
1 0.25390625 0.39921875 0.01875 0.0515625
1 0.19140625 0.3171875 0.0125 0.04375
1 0.1640625 0.31796875 0.0140625 0.040625
0 0.7140625 0.2625 0.0140625 0.0234375
1 0.99765625 0.203125 0.0046875 0.046875
1 0.959375 0.32421875 0.01875 0.0578125
1 0.8859375 0.32890625 0.0203125 0.0609375
1 0.89765625 0.38515625 0.015625 0.05625
1 0.7875 0.3765625 0.0203125 0.059375
1 0.78203125 0.3109375 0.01875 0.0578125
1 0.75390625 0.42265625 0.01875 0.0546875
1 0.7234375 0.4015625 0.0203125 0.0765625
1 0.69375 0.38203125 0.0203125 0.059375
1 0.68046875 0.40625 0.015625 0.065625
1 0.67890625 0.4546875 0.0234375 0.06875
1 0.66484375 0.46796875 0.0234375 0.0421875
1 0.64140625 0.4625 0.0296875 0.053125
1 0.528125 0.46171875 0.021875 0.0546875
1 0.47421875 0.3890625 0.0234375 0.0828125
1 0.484375 0.24296875 0.0171875 0.0578125
1 0.65078125 0.29765625 0.015625 0.059375
1 0.734375 0.19296875 0.015625 0.046875
1 0.7921875 0.25625 0.0125 0.053125
1 0.83125 0.2578125 0.0171875 0.0578125
1 0.971875 0.5 0.0125 0.021875
1 0.8640625 0.50703125 0.0125 0.0359375
1 0.8765625 0.4953125 0.0125 0.0125
1 0.76953125 0.4953125 0.0140625 0.0125
1 0.73359375 0.5359375 0.0109375 0.05
1 0.63359375 0.54765625 0.015625 0.05625