1 0.1171875 0.040625 0.0625 0.0203125
1 0.1859375 0.13125 0.05625 0.0125
1 0.18125 0.14765625 0.0515625 0.015625
1 0.225 0.16171875 0.05 0.01875
1 0.29296875 0.146875 0.0546875 0.01875
1 0.3 0.18984375 0.0453125 0.0171875
1 0.2828125 0.21328125 0.0453125 0.015625
1 0.321875 0.2109375 0.0359375 0.0140625
1 0.33125 0.20390625 0.040625 0.0109375
1 0.37578125 0.18046875 0.0484375 0.01875
1 0.42265625 0.2203125 0.0515625 0.01875
1 0.33515625 0.29453125 0.0484375 0.01875
1 0.25078125 0.2859375 0.0515625 0.01875
1 0.1125 0.296875 0.0609375 0.021875
1 0.15234375 0.20859375 0.0546875 0.0203125
1 0.1265625 0.38203125 0.065625 0.0234375
1 0.24921875 0.53046875 0.0578125 0.021875
1 0.37890625 0.52265625 0.0515625 0.021875
1 0.446875 0.44609375 0.0453125 0.0140625
1 0.44140625 0.41875 0.0421875 0.015625
1 0.38046875 0.04765625 0.053125 0.0140625
0 0.09375 0.0515625 0.01875 0.0078125
1 0.975 0.5390625 0.05 0.01875
1 0.878125 0.39375 0.0640625 0.025
1 0.90234375 0.4390625 0.0671875 0.021875
1 0.984375 0.0765625 0.03125 0.015625
1 0.940625 0.096875 0.0515625 0.01875
1 0.85859375 0.0078125 0.0609375 0.015625
1 0.5703125 0.7109375 0.05 0.003125
1 0.603125 0.7140625 0.0375 0.009375
1 0.640625 0.8359375 0.0359375 0.0140625
1 0.63046875 0.85 0.0375 0.0125
1 0.58828125 0.8703125 0.0484375 0.015625
1 0.54453125 0.86640625 0.053125 0.015625
1 0.553125 0.853125 0.053125 0.015625
0 0.890625 0.78046875 0.015625 0.009375
1 0.98203125 0.91328125 0.0359375 0.0171875
1 0.92890625 0.859375 0.0359375 0.0140625
1 0.96796875 0.72890625 0.0515625 0.01875
1 0.92890625 0.7265625 0.046875 0.0140625
1 0.77421875 0.7640625 0.0640625 0.0234375
1 0.85625 0.7671875 0.0484375 0.0171875
1 0.90703125 0.7875 0.053125 0.015625