1 0.284375 0.66015625 0.034375 0.0578125
1 0.3171875 0.3984375 0.025 0.0640625
1 0.25546875 0.2953125 0.021875 0.0515625
1 0.19375 0.2140625 0.0203125 0.0421875
1 0.1125 0.35546875 0.0234375 0.0640625
1 0.0359375 0.2265625 0.028125 0.053125
1 0.02421875 0.1015625 0.01875 0.046875
0 0.23125 0.30703125 0.0109375 0.025
1 0.48828125 0.4125 0.03125 0.0640625
1 0.44140625 0.33359375 0.0234375 0.0546875
1 0.44765625 0.2953125 0.0234375 0.0546875
1 0.47421875 0.1953125 0.0171875 0.0421875
1 0.509375 0.14375 0.0234375 0.0484375
1 0.5859375 0.20859375 0.0203125 0.046875
1 0.609375 0.28515625 0.0203125 0.0390625
1 0.55234375 0.24765625 0.021875 0.0484375
1 0.58671875 0.3609375 0.025 0.0515625
1 0.5125 0.3078125 0.021875 0.05
1 0.64140625 0.415625 0.025 0.0484375
1 0.75859375 0.58125 0.03125 0.0484375
1 0.815625 0.3625 0.0234375 0.0578125
1 0.796875 0.259375 0.0203125 0.0390625
1 0.78046875 0.13125 0.0203125 0.0421875
0 0.7859375 0.37890625 0.0109375 0.0234375
1 0.7296875 0.29375 0.0203125 0.0546875
1 0.67890625 0.2796875 0.025 0.0453125
1 0.65 0.17890625 0.021875 0.0546875
1 0.509375 0.83203125 0.028125 0.0796875
1 0.4734375 0.740625 0.028125 0.0796875
1 0.49921875 0.7171875 0.0296875 0.05625
1 0.69140625 0.715625 0.0265625 0.053125
1 0.71640625 0.75234375 0.0265625 0.0609375
1 0.73125 0.709375 0.028125 0.040625
1 0.81484375 0.70546875 0.0265625 0.0328125
1 0.76953125 0.86640625 0.0359375 0.0828125
1 0.809375 0.93046875 0.0359375 0.0828125
1 0.9921875 0.83046875 0.015625 0.0609375