1 0.234375 0.15859375 0.0140625 0.0453125
1 0.18671875 0.36953125 0.0171875 0.0546875
1 0.1703125 0.38125 0.0171875 0.053125
1 0.153125 0.5296875 0.0203125 0.0609375
1 0.00234375 0.31640625 0.0046875 0.0484375
1 0.084375 0.20703125 0.015625 0.046875
1 0.31953125 0.14609375 0.0234375 0.0703125
1 0.25703125 0.30390625 0.0140625 0.0734375
1 0.34765625 0.08046875 0.025 0.06875
1 0.4375 0.13984375 0.0203125 0.0734375
1 0.50625 0.12734375 0.025 0.0578125
1 0.46640625 0.084375 0.0171875 0.0640625
1 0.428125 0.03671875 0.0171875 0.0640625
1 0.48203125 0.03984375 0.015625 0.0421875
1 0.48125 0.0296875 0.0171875 0.0484375
1 0.49140625 0.02265625 0.0234375 0.0453125
1 0.63046875 0.01328125 0.0203125 0.0265625
1 0.66484375 0.01015625 0.0234375 0.0203125
1 0.6390625 0.06328125 0.0265625 0.0640625
1 0.70703125 0.02421875 0.0203125 0.0484375
1 0.74765625 0.08515625 0.0234375 0.0515625
1 0.9671875 0.07578125 0.0234375 0.0609375
1 0.978125 0.225 0.025 0.0828125
1 0.80625 0.28203125 0.028125 0.0703125
1 0.221875 0.8390625 0.0171875 0.0546875
1 0.2328125 0.89453125 0.015625 0.0640625
1 0.20703125 0.9015625 0.0140625 0.0609375
0 0.5328125 0.9546875 0.00625 0.015625