1 0.4484375 0.1625 0.021875 0.01875
1 0.35078125 0.36953125 0.0609375 0.0234375
1 0.67265625 0.00546875 0.0640625 0.0109375
1 0.7453125 0.0078125 0.065625 0.015625
1 0.79453125 0.05078125 0.0640625 0.0203125
1 0.79296875 0.10234375 0.0578125 0.0265625
1 0.884375 0.32109375 0.0390625 0.015625
1 0.8203125 0.41171875 0.0390625 0.0140625
1 0.82734375 0.42265625 0.0453125 0.015625
1 0.925 0.47578125 0.0390625 0.0140625
1 0.89765625 0.49140625 0.05 0.015625
1 0.90390625 0.50625 0.0453125 0.00625
1 0.47109375 0.2265625 0.0234375 0.025
1 0.928125 0.38515625 0.0359375 0.0140625
0 0.9328125 0.38359375 0.009375 0.0046875
1 0.425 0.76328125 0.06875 0.0265625
1 0.61171875 0.51640625 0.0484375 0.0140625
1 0.46953125 0.63515625 0.0203125 0.0203125
1 0.59609375 0.6484375 0.0484375 0.015625
1 0.71953125 0.6359375 0.0453125 0.01875
1 0.825 0.575 0.0421875 0.01875
1 0.7828125 0.63515625 0.0453125 0.01875
1 0.86484375 0.71171875 0.028125 0.009375
1 0.771875 0.7484375 0.0390625 0.0125
1 0.80859375 0.7375 0.0359375 0.0140625
1 0.62578125 0.7859375 0.0546875 0.0203125
1 0.7546875 0.76328125 0.0484375 0.015625
1 0.478125 0.81328125 0.0375 0.0171875