1 0.0046875 0.1703125 0.009375 0.0125
1 0.03203125 0.04921875 0.034375 0.0109375
1 0.0171875 0.1421875 0.034375 0.0125
1 0.075 0.23203125 0.0375 0.0109375
1 0.08984375 0.10703125 0.0375 0.0109375
1 0.0546875 0.0359375 0.034375 0.009375
1 0.8703125 0.24921875 0.075 0.0203125
1 0.97890625 0.2359375 0.0421875 0.015625
1 0.96015625 0.30703125 0.06875 0.0171875
1 0.89609375 0.31171875 0.0640625 0.0109375
0 0.8453125 0.234375 0.0203125 0.015625
1 0.11796875 0.83203125 0.0515625 0.0140625
1 0.23359375 0.84453125 0.046875 0.0140625
1 0.41171875 0.7609375 0.0359375 0.00625
1 0.29765625 0.721875 0.040625 0.009375
1 0.24375 0.6875 0.04375 0.0125
1 0.09453125 0.6390625 0.046875 0.0125
1 0.10078125 0.62734375 0.0484375 0.0140625
1 0.0546875 0.59921875 0.0484375 0.0171875
1 0.24296875 0.57265625 0.0390625 0.0125
1 0.396875 0.57421875 0.040625 0.0125
1 0.37265625 0.48984375 0.04375 0.0078125
1 0.1671875 0.46015625 0.040625 0.0109375
1 0.315625 0.46171875 0.05 0.0140625
1 0.1796875 0.3703125 0.053125 0.0109375
1 0.265625 0.43203125 0.0390625 0.0125
1 0.06640625 0.371875 0.059375 0.0109375
1 0.06796875 0.353125 0.05625 0.0171875
1 0.72421875 0.9515625 0.0625 0.0203125
1 0.65078125 0.8765625 0.0734375 0.0203125
1 0.559375 0.796875 0.06875 0.0171875
1 0.58515625 0.78828125 0.0734375 0.0234375
1 0.67421875 0.7578125 0.0625 0.0203125
1 0.59296875 0.6796875 0.0875 0.0140625
1 0.765625 0.7125 0.0625 0.0171875
1 0.80546875 0.690625 0.0625 0.0171875
1 0.7078125 0.640625 0.05 0.0140625
1 0.871875 0.5171875 0.05625 0.0109375
1 0.82734375 0.46015625 0.05625 0.015625
1 0.778125 0.34375 0.065625 0.009375
1 0.6546875 0.34140625 0.084375 0.0046875
0 0.58671875 0.90703125 0.021875 0.0125