0 0.28125 0.4484375 0.0140625 0.0078125
1 0.2984375 0.44921875 0.046875 0.01875
1 0.18828125 0.55390625 0.0546875 0.0203125
1 0.21875 0.40546875 0.05625 0.028125
1 0.2390625 0.3328125 0.0484375 0.0234375
1 0.23359375 0.2765625 0.0390625 0.015625
1 0.31953125 0.32109375 0.0359375 0.0171875
1 0.31796875 0.41640625 0.0453125 0.0203125
1 0.3734375 0.36640625 0.0125 0.0171875
1 0.3390625 0.303125 0.0359375 0.015625
1 0.34453125 0.16640625 0.0359375 0.015625
1 0.2453125 0.15 0.0390625 0.01875
1 0.21171875 0.15703125 0.046875 0.0203125
1 0.1046875 0.2015625 0.0640625 0.021875
1 0.12421875 0.1203125 0.0640625 0.0265625
1 0.19609375 0.00859375 0.0546875 0.0171875
1 0.26484375 0.01171875 0.0484375 0.021875
1 0.30078125 0.00625 0.0453125 0.0125
1 0.32265625 0.0609375 0.040625 0.01875
1 0.7296875 0.63828125 0.0578125 0.0203125
1 0.6609375 0.6 0.059375 0.028125
1 0.60703125 0.60546875 0.0578125 0.025
1 0.65234375 0.55546875 0.0578125 0.021875
1 0.68359375 0.571875 0.0609375 0.021875
1 0.70546875 0.5484375 0.0609375 0.025
1 0.74609375 0.48984375 0.0546875 0.025
1 0.64375 0.47265625 0.0578125 0.021875
1 0.77265625 0.39296875 0.0515625 0.0234375
1 0.80234375 0.3765625 0.05 0.0234375
1 0.75859375 0.29453125 0.065625 0.0234375
1 0.83046875 0.290625 0.046875 0.0203125
0 0.8171875 0.3046875 0.015625 0.0109375
1 0.659375 0.25234375 0.0546875 0.021875
1 0.5125 0.2921875 0.065625 0.028125
1 0.4765625 0.20234375 0.065625 0.0265625
1 0.70859375 0.084375 0.0546875 0.021875
1 0.02734375 0.94296875 0.0546875 0.0203125
1 0.01875 0.8703125 0.0375 0.021875
1 0.05078125 0.87109375 0.053125 0.0234375
1 0.64609375 0.98984375 0.0484375 0.0203125
1 0.765625 0.89765625 0.03125 0.0171875
1 0.75390625 0.86875 0.0421875 0.015625
1 0.68125 0.78359375 0.0390625 0.015625
1 0.67578125 0.7703125 0.0359375 0.0140625
0 0.684375 0.67421875 0.015625 0.0109375