0 0.33125 0.0046875 0.0125 0.00625
1 0.31484375 0.003125 0.0453125 0.00625
1 0.38515625 0.0578125 0.053125 0.01875
1 0.353125 0.12578125 0.046875 0.015625
1 0.3484375 0.18203125 0.0375 0.009375
1 0.271875 0.1234375 0.034375 0.0109375
1 0.28984375 0.0296875 0.04375 0.0125
1 0.2125 0.0671875 0.0375 0.0109375
1 0.24921875 0.1375 0.034375 0.009375
1 0.15859375 0.27109375 0.034375 0.0078125
1 0.2203125 0.271875 0.034375 0.009375
1 0.31484375 0.3046875 0.0375 0.0125
1 0.34921875 0.30390625 0.0453125 0.0125
1 0.4625 0.27890625 0.0625 0.0109375
1 0.42890625 0.35546875 0.0625 0.015625
1 0.3390625 0.453125 0.053125 0.009375
1 0.271875 0.4375 0.046875 0.0140625
1 0.23515625 0.43828125 0.04375 0.009375
1 0.2234375 0.37890625 0.0390625 0.0125
1 0.2796875 0.4640625 0.040625 0.009375
0 0.7171875 0.54140625 0.01875 0.0078125
1 0.75625 0.46015625 0.078125 0.009375
1 0.6984375 0.55 0.065625 0.015625
1 0.65546875 0.434375 0.05625 0.0140625
1 0.590625 0.45390625 0.059375 0.0125
1 0.6109375 0.3453125 0.059375 0.0125
1 0.64296875 0.33046875 0.034375 0.0140625
1 0.55390625 0.3453125 0.040625 0.0125
1 0.640625 0.2453125 0.053125 0.009375
1 0.65625 0.209375 0.071875 0.015625
1 0.60078125 0.1921875 0.046875 0.015625
1 0.55390625 0.1703125 0.0484375 0.009375
1 0.546875 0.1390625 0.034375 0.0125
1 0.53984375 0.06796875 0.0203125 0.0078125
1 0.60625 0.0953125 0.0625 0.015625
1 0.79453125 0.01171875 0.08125 0.0125
1 0.44609375 0.96015625 0.046875 0.0125
1 0.425 0.8640625 0.0515625 0.0109375
1 0.4203125 0.8546875 0.040625 0.0140625
1 0.38515625 0.88046875 0.05 0.009375
1 0.3765625 0.81171875 0.046875 0.0125
1 0.390625 0.79296875 0.040625 0.009375
1 0.3875 0.71953125 0.0390625 0.009375
1 0.43828125 0.7203125 0.05625 0.009375
1 0.4046875 0.63515625 0.040625 0.009375
1 0.88046875 0.80703125 0.06875 0.015625
1 0.7859375 0.66484375 0.059375 0.01875
1 0.77578125 0.77421875 0.0609375 0.0203125
1 0.753125 0.79921875 0.053125 0.0140625
1 0.7328125 0.78515625 0.053125 0.0140625
1 0.69140625 0.7984375 0.0390625 0.0140625
1 0.7234375 0.8515625 0.053125 0.0140625
1 0.69140625 0.90859375 0.040625 0.0109375
1 0.671875 0.96640625 0.04375 0.0109375
1 0.70078125 0.9875 0.046875 0.0125
1 0.71875 0.96953125 0.059375 0.0140625
1 0.74375 0.93984375 0.04375 0.0125