1 0.228125 0.4125 0.053125 0.0171875
1 0.1125 0.4109375 0.0484375 0.0171875
1 0.0640625 0.28125 0.040625 0.0140625
1 0.121875 0.253125 0.0453125 0.0171875
1 0.27578125 0.22421875 0.0484375 0.015625
1 0.2703125 0.21171875 0.05 0.0171875
1 0.425 0.27734375 0.0453125 0.0203125
1 0.42890625 0.2984375 0.0421875 0.01875
1 0.31953125 0.1890625 0.05 0.0203125
1 0.1359375 0.1390625 0.040625 0.0171875
1 0.01953125 0.0421875 0.0390625 0.0125
1 0.22578125 0.03671875 0.0421875 0.015625
1 0.078125 0.02109375 0.0515625 0.0171875
1 0.1296875 0.003125 0.040625 0.00625
0 0.46171875 0.0046875 0.0234375 0.009375
1 0.653125 0.0140625 0.078125 0.0234375
1 0.52421875 0.1109375 0.0671875 0.0203125
1 0.45859375 0.184375 0.0171875 0.01875
1 0.46171875 0.24609375 0.0234375 0.0234375
1 0.47578125 0.3140625 0.0515625 0.01875
1 0.5375 0.3515625 0.065625 0.015625
1 0.9015625 0.3125 0.08125 0.0203125
1 0.48515625 0.4546875 0.0703125 0.009375
1 0.02890625 0.559375 0.0578125 0.028125
1 0.01796875 0.72578125 0.0359375 0.0296875
1 0.23671875 0.696875 0.10625 0.0390625
1 0.1484375 0.984375 0.0890625 0.0265625
1 0.01484375 0.99296875 0.0296875 0.0140625
0 0.6109375 0.84453125 0.0171875 0.0109375
1 0.68359375 0.5 0.0640625 0.01875
1 0.70078125 0.7390625 0.0671875 0.021875
1 0.95234375 0.76015625 0.0734375 0.028125
1 0.7640625 0.90546875 0.0515625 0.0171875
1 0.6375 0.9453125 0.0515625 0.0203125
1 0.52109375 0.9015625 0.0546875 0.0203125
1 0.6953125 0.99609375 0.05625 0.0078125