1 0.46875 0.0125 0.053125 0.025
1 0.35390625 0.0296875 0.0484375 0.0234375
1 0.20390625 0.15703125 0.0359375 0.0140625
1 0.32421875 0.165625 0.0421875 0.01875
1 0.38515625 0.18515625 0.0453125 0.0234375
1 0.528125 0.1921875 0.021875 0.021875
1 0.5265625 0.20546875 0.025 0.0234375
1 0.415625 0.2953125 0.040625 0.021875
1 0.26640625 0.33359375 0.0421875 0.021875
1 0.56328125 0.13203125 0.0484375 0.0359375
0 0.57890625 0.140625 0.0234375 0.0203125
1 0.178125 0.9375 0.0375 0.0171875
1 0.16875 0.91640625 0.05625 0.0234375
1 0.13984375 0.93359375 0.0390625 0.01875
1 0.1 0.9359375 0.0421875 0.0203125
1 0.1109375 0.77421875 0.0484375 0.0203125
1 0.09140625 0.74609375 0.0546875 0.025
0 0.10390625 0.7515625 0.0203125 0.0140625
1 0.1765625 0.72265625 0.053125 0.028125
1 0.184375 0.81796875 0.0515625 0.025
1 0.3421875 0.8375 0.059375 0.0296875
1 0.440625 0.728125 0.0828125 0.04375
1 0.18671875 0.46484375 0.071875 0.0375
1 0.06328125 0.39921875 0.0546875 0.025
0 0.7890625 0.40390625 0.0328125 0.0203125
1 0.71640625 0.45703125 0.1125 0.05
1 0.5859375 0.67109375 0.08125 0.0296875
1 0.5921875 0.68046875 0.08125 0.028125
1 0.59296875 0.9890625 0.0765625 0.021875