1 0.01953125 0.003125 0.0390625 0.00625
1 0.1484375 0.0703125 0.040625 0.0171875
1 0.3015625 0.08671875 0.0421875 0.0171875
1 0.2671875 0.1671875 0.04375 0.0125
1 0.05859375 0.17265625 0.0421875 0.015625
1 0.20625 0.18828125 0.0515625 0.0171875
1 0.06015625 0.2625 0.053125 0.015625
1 0.15390625 0.21171875 0.040625 0.0171875
1 0.9125 0.38984375 0.0515625 0.0171875
1 0.83046875 0.38046875 0.0546875 0.01875
1 0.80625 0.4234375 0.0703125 0.021875
1 0.759375 0.3515625 0.065625 0.0125
1 0.76484375 0.3203125 0.0578125 0.01875
1 0.75078125 0.3171875 0.05625 0.015625
1 0.75 0.259375 0.0609375 0.028125
1 0.67890625 0.27421875 0.0921875 0.025
1 0.79453125 0.2890625 0.0625 0.0140625
1 0.78203125 0.27578125 0.0625 0.015625
1 0.78515625 0.25546875 0.0578125 0.021875
1 0.771875 0.234375 0.0578125 0.01875
1 0.771875 0.21953125 0.0640625 0.01875
1 0.7515625 0.225 0.053125 0.015625
1 0.76328125 0.19453125 0.0703125 0.021875
1 0.7796875 0.14375 0.0625 0.015625
1 0.7953125 0.15546875 0.0640625 0.0171875
0 0.9046875 0.39453125 0.0203125 0.009375
1 0.3453125 0.95 0.0625 0.015625
1 0.9265625 0.52578125 0.0421875 0.0171875
1 0.89609375 0.49140625 0.0515625 0.015625
1 0.971875 0.525 0.0359375 0.0109375
1 0.97578125 0.5328125 0.040625 0.0140625
1 0.94765625 0.63671875 0.040625 0.0140625
1 0.85234375 0.59609375 0.05625 0.015625
1 0.809375 0.5578125 0.0609375 0.01875
1 0.87578125 0.66171875 0.046875 0.0140625
1 0.7953125 0.903125 0.0515625 0.015625
1 0.91015625 0.93203125 0.04375 0.0140625
1 0.71640625 0.94140625 0.065625 0.01875
1 0.70390625 0.90703125 0.0703125 0.0234375