0 0.18828125 0.034375 0.009375 0.0078125
0 0.03828125 0.17890625 0.009375 0.0078125
0 0.07421875 0.26171875 0.00625 0.00625
0 0.19921875 0.20859375 0.009375 0.00625
0 0.07421875 0.36796875 0.00625 0.0046875
0 0.1703125 0.3796875 0.009375 0.00625
0 0.2515625 0.328125 0.009375 0.0078125
0 0.23046875 0.2875 0.00625 0.0046875
0 0.35078125 0.30625 0.0078125 0.00625
0 0.24765625 0.5515625 0.00625 0.0046875
1 0.10703125 0.1109375 0.0515625 0.0171875
1 0.353125 0.15390625 0.0328125 0.0140625
1 0.2765625 0.15078125 0.0421875 0.015625
1 0.321875 0.19375 0.0390625 0.0125
1 0.33125 0.20625 0.034375 0.0109375
1 0.2515625 0.28203125 0.0421875 0.015625
1 0.28671875 0.31484375 0.0421875 0.0171875
1 0.36875 0.35859375 0.03125 0.009375
1 0.2390625 0.36640625 0.046875 0.015625
1 0.26875 0.3890625 0.0390625 0.0140625
1 0.31171875 0.40546875 0.028125 0.0109375
1 0.30625 0.45703125 0.0328125 0.0140625
1 0.284375 0.5234375 0.0328125 0.0140625
1 0.2203125 0.4390625 0.0421875 0.021875
1 0.153125 0.4734375 0.0421875 0.01875
1 0.06796875 0.49609375 0.0578125 0.0234375
1 0.17890625 0.51875 0.0453125 0.0171875
1 0.08203125 0.55390625 0.053125 0.01875
0 0.49609375 0.0875 0.0203125 0.015625
0 0.48203125 0.2171875 0.0046875 0.0125
0 0.52265625 0.44453125 0.0203125 0.0125
1 0.8375 0.25234375 0.0640625 0.0265625
1 0.50078125 0.15625 0.0421875 0.040625
1 0.4921875 0.2875 0.025 0.0375
1 0.921875 0.3796875 0.0390625 0.01875
1 0.8015625 0.39296875 0.0640625 0.0234375
1 0.7203125 0.465625 0.0640625 0.021875
1 0.5953125 0.49296875 0.0734375 0.021875
1 0.81484375 0.56953125 0.053125 0.0203125
1 0.58984375 0.50546875 0.0859375 0.0234375
1 0.84765625 0.59296875 0.0515625 0.01875
1 0.45625 0.75703125 0.046875 0.0296875
0 0.44375 0.76796875 0.021875 0.01875
0 0.53515625 0.7359375 0.0171875 0.0109375
1 0.73203125 0.61328125 0.0421875 0.0078125
1 0.7609375 0.65078125 0.03125 0.015625
1 0.71640625 0.70078125 0.0421875 0.021875
1 0.653125 0.6765625 0.0484375 0.021875
1 0.57265625 0.7578125 0.0609375 0.0234375
1 0.653125 0.8953125 0.0453125 0.0234375
1 0.6953125 0.91328125 0.0453125 0.0203125
1 0.66640625 0.94765625 0.0453125 0.01875
1 0.7640625 0.86328125 0.0328125 0.015625
1 0.753125 0.7421875 0.0328125 0.0140625
1 0.74140625 0.728125 0.046875 0.028125