0 0.3921875 0.0328125 0.00625 0.0046875
0 0.28828125 0.05703125 0.003125 0.00625
0 0.2984375 0.153125 0.00625 0.009375
0 0.3671875 0.22109375 0.0078125 0.009375
0 0.40234375 0.19140625 0.003125 0.00625
0 0.1484375 0.26796875 0.003125 0.00625
1 0.4078125 0.2109375 0.003125 0.040625
1 0.38828125 0.25234375 0.0140625 0.0421875
1 0.36484375 0.3421875 0.0078125 0.03125
1 0.32734375 0.21796875 0.0140625 0.0453125
1 0.31171875 0.2515625 0.0125 0.0375
1 0.30546875 0.296875 0.009375 0.0265625
1 0.2546875 0.303125 0.0125 0.03125
1 0.184375 0.296875 0.0125 0.03125
1 0.25234375 0.215625 0.01875 0.0421875
1 0.20390625 0.1578125 0.015625 0.0421875
1 0.1625 0.0796875 0.0203125 0.0578125
1 0.165625 0.19375 0.0140625 0.0453125
1 0.109375 0.10625 0.015625 0.0515625
1 0.04609375 0.2359375 0.0109375 0.04375
1 0.0234375 0.1703125 0.0171875 0.0484375
1 0.90234375 0.33046875 0.01875 0.0640625
1 0.9203125 0.3171875 0.0234375 0.0546875
1 0.75234375 0.446875 0.0171875 0.053125
1 0.715625 0.5078125 0.0171875 0.0421875
1 0.87890625 0.48359375 0.01875 0.0375
1 0.89765625 0.45 0.021875 0.0453125
1 0.934375 0.47578125 0.015625 0.0390625
1 0.959375 0.4609375 0.01875 0.0453125
1 0.9921875 0.4625 0.0125 0.040625
1 0.98203125 0.421875 0.0203125 0.05
1 0.60546875 0.50234375 0.0171875 0.0484375
1 0.54765625 0.49609375 0.0171875 0.0515625
1 0.475 0.428125 0.0171875 0.0625
1 0.41484375 0.42890625 0.0109375 0.0640625
1 0.43984375 0.3859375 0.021875 0.0703125
0 0.8515625 0.49296875 0.0078125 0.0125
1 0.36328125 0.61953125 0.0203125 0.0609375
1 0.35390625 0.6828125 0.025 0.0546875
1 0.33125 0.6875 0.01875 0.0671875
1 0.3078125 0.66015625 0.0171875 0.0609375
1 0.30625 0.70234375 0.015625 0.065625
1 0.26796875 0.684375 0.01875 0.065625
1 0.2359375 0.71328125 0.0171875 0.053125
1 0.18203125 0.61015625 0.0171875 0.0421875
1 0.22421875 0.7484375 0.0140625 0.059375
1 0.2 0.71875 0.0140625 0.0515625
1 0.15859375 0.72734375 0.0140625 0.059375
1 0.12265625 0.72421875 0.0171875 0.0296875
1 0.09140625 0.7890625 0.015625 0.05
1 0.0984375 0.71171875 0.0140625 0.05
1 0.02734375 0.65546875 0.0234375 0.0578125
0 0.92890625 0.67421875 0.0078125 0.0140625
0 0.8703125 0.81640625 0.0078125 0.0125
0 0.7875 0.6578125 0.009375 0.0125
0 0.7 0.81640625 0.0109375 0.0125
0 0.61171875 0.68828125 0.009375 0.0125
0 0.5140625 0.790625 0.0078125 0.009375
0 0.440625 0.8578125 0.0078125 0.0125
0 0.665625 0.95078125 0.0078125 0.015625
1 0.8859375 0.99375 0.01875 0.0125
1 0.88984375 0.93125 0.015625 0.06875
1 0.696875 0.965625 0.01875 0.065625
1 0.58359375 0.9734375 0.0234375 0.053125
1 0.56171875 0.984375 0.0203125 0.03125
1 0.49140625 0.99375 0.0171875 0.0125
1 0.47578125 0.9890625 0.0171875 0.021875
1 0.4484375 0.98046875 0.015625 0.0390625
1 0.51171875 0.9609375 0.015625 0.0625
1 0.54375 0.9578125 0.0171875 0.0640625
1 0.9734375 0.90546875 0.01875 0.0734375