0 0.3015625 0.271875 0.003125 0.00625
1 0.4 0.2203125 0.0109375 0.03125
1 0.33203125 0.2375 0.0109375 0.03125
1 0.41171875 0.30703125 0.01875 0.0421875
1 0.3734375 0.36953125 0.015625 0.0390625
1 0.3296875 0.3421875 0.0140625 0.04375
1 0.20546875 0.31875 0.0109375 0.04375
1 0.1921875 0.3765625 0.015625 0.025
1 0.97265625 0.303125 0.015625 0.05625
1 0.9765625 0.3578125 0.0125 0.053125
1 0.84140625 0.3296875 0.0203125 0.0609375
1 0.8328125 0.29921875 0.01875 0.0609375
1 0.73984375 0.36953125 0.0234375 0.0390625
1 0.67578125 0.33671875 0.01875 0.0546875
1 0.64609375 0.3140625 0.021875 0.0546875
1 0.6484375 0.24296875 0.015625 0.05625
1 0.759375 0.22578125 0.015625 0.0453125
1 0.79375 0.18515625 0.015625 0.040625
1 0.84765625 0.13515625 0.01875 0.0421875
0 0.78984375 0.38046875 0.0140625 0.0171875
1 0.6265625 0.15078125 0.015625 0.04375
1 0.55390625 0.23203125 0.0171875 0.0578125
1 0.54140625 0.215625 0.015625 0.05625
1 0.4921875 0.26171875 0.0171875 0.0578125
1 0.48828125 0.34296875 0.0140625 0.06875
1 0.4671875 0.3609375 0.01875 0.05625
1 0.153125 0.5171875 0.015625 0.0484375
1 0.17578125 0.525 0.0125 0.04375
1 0.17890625 0.4859375 0.0125 0.0375
1 0.1921875 0.4734375 0.01875 0.0390625
1 0.20546875 0.4546875 0.0125 0.0359375
1 0.25 0.4875 0.0109375 0.04375
1 0.25703125 0.45078125 0.0125 0.034375
1 0.275 0.54921875 0.0125 0.05
1 0.32109375 0.5265625 0.01875 0.0515625
1 0.35625 0.45859375 0.015625 0.0375
1 0.32578125 0.43515625 0.0125 0.034375
1 0.36953125 0.4296875 0.015625 0.040625
1 0.42578125 0.46875 0.0078125 0.0375
1 0.3953125 0.5015625 0.0125 0.0390625
0 0.65 0.55703125 0.009375 0.015625
1 0.98125 0.61171875 0.0171875 0.065625
1 0.93828125 0.7546875 0.0203125 0.0703125
1 0.75078125 0.72734375 0.0171875 0.059375
1 0.7265625 0.6203125 0.0171875 0.0640625
1 0.70859375 0.5453125 0.0140625 0.05
1 0.65703125 0.54921875 0.015625 0.0484375
1 0.60390625 0.61484375 0.015625 0.05
1 0.54609375 0.60546875 0.015625 0.053125
1 0.528125 0.5984375 0.015625 0.053125
1 0.5171875 0.5578125 0.0125 0.0453125
1 0.48671875 0.7265625 0.0203125 0.0703125
1 0.49296875 0.8109375 0.01875 0.08125
1 0.61171875 0.96796875 0.0296875 0.0640625
1 0.43203125 0.68828125 0.0046875 0.0671875