1 0.58046875 0.31796875 0.04375 0.0109375
1 0.53359375 0.2671875 0.046875 0.0109375
1 0.5546875 0.2375 0.05625 0.0171875
1 0.328125 0.2140625 0.08125 0.0203125
1 0.35703125 0.0578125 0.06875 0.0203125
1 0.56328125 0.03125 0.0625 0.0171875
1 0.55625 0.08046875 0.0609375 0.0140625
1 0.984375 0.1890625 0.03125 0.01875
1 0.96875 0.11328125 0.0625 0.0171875
0 0.29375 0.5625 0.021875 0.0109375
1 0.01796875 0.8734375 0.0359375 0.021875
1 0.10234375 0.85390625 0.090625 0.0234375
1 0.0609375 0.81796875 0.084375 0.01875
1 0.08046875 0.66015625 0.071875 0.0234375
1 0.12421875 0.5671875 0.075 0.021875
1 0.1546875 0.43125 0.0921875 0.015625
1 0.259375 0.56953125 0.0640625 0.0140625
1 0.33984375 0.6125 0.053125 0.0171875
1 0.38359375 0.753125 0.046875 0.0109375
1 0.309375 0.77578125 0.0640625 0.0203125
1 0.31171875 0.92109375 0.0625 0.0140625
1 0.41796875 0.5875 0.040625 0.0109375
1 0.35 0.54375 0.053125 0.0109375
1 0.4125 0.5453125 0.046875 0.0140625
1 0.36171875 0.478125 0.046875 0.015625
1 0.3421875 0.46015625 0.059375 0.0140625
1 0.31328125 0.4265625 0.0625 0.0140625
1 0.746875 0.3890625 0.040625 0.0171875
1 0.6625 0.415625 0.05625 0.0140625
1 0.62421875 0.48671875 0.0296875 0.0109375
1 0.6390625 0.6 0.05625 0.0140625
1 0.6296875 0.6203125 0.040625 0.0125
1 0.61484375 0.75546875 0.0109375 0.0171875
1 0.7484375 0.71328125 0.053125 0.0140625
1 0.75234375 0.771875 0.046875 0.0140625
1 0.7984375 0.78203125 0.046875 0.0140625
1 0.7921875 0.7671875 0.0265625 0.0109375
1 0.78515625 0.7671875 0.0171875 0.015625
1 0.8390625 0.6953125 0.040625 0.0109375
1 0.809375 0.67578125 0.04375 0.0140625
1 0.77421875 0.6296875 0.053125 0.0140625
1 0.78203125 0.6109375 0.053125 0.0125
1 0.8140625 0.5796875 0.04375 0.0078125
1 0.8203125 0.55703125 0.04375 0.0140625
1 0.8078125 0.50234375 0.0453125 0.0125
1 0.8203125 0.4515625 0.0453125 0.0140625