1 0.00625 0.31171875 0.0125 0.0421875
1 0.075 0.26015625 0.0109375 0.0375
1 0.1578125 0.30078125 0.0203125 0.046875
1 0.2625 0.29375 0.0140625 0.04375
1 0.31640625 0.32578125 0.0140625 0.0265625
1 0.34375 0.31171875 0.021875 0.0546875
1 0.25078125 0.2515625 0.0171875 0.0453125
1 0.26015625 0.24765625 0.0171875 0.046875
1 0.54921875 0.290625 0.021875 0.0640625
1 0.50078125 0.3015625 0.01875 0.0625
1 0.76640625 0.334375 0.0171875 0.009375
1 0.5203125 0.5140625 0.021875 0.0578125
1 0.48671875 0.44140625 0.021875 0.065625
1 0.4671875 0.43828125 0.0203125 0.0578125
1 0.46953125 0.4046875 0.025 0.0515625
1 0.43828125 0.45859375 0.0234375 0.0515625
1 0.38203125 0.428125 0.0140625 0.05
1 0.29921875 0.48125 0.01875 0.0578125
1 0.05 0.7265625 0.025 0.0859375
1 0.08984375 0.421875 0.0203125 0.0453125
1 0.171875 0.4171875 0.0203125 0.0421875
1 0.18203125 0.45703125 0.0109375 0.034375
1 0.18671875 0.4578125 0.015625 0.0390625
1 0.221875 0.390625 0.0109375 0.0328125
1 0.25703125 0.38671875 0.0125 0.0375
1 0.28515625 0.4109375 0.015625 0.0359375
1 0.39140625 0.38125 0.0125 0.040625
1 0.39765625 0.384375 0.0109375 0.0375
0 0.22734375 0.4015625 0.00625 0.0125
1 0.23671875 0.42109375 0.0140625 0.0421875
1 0.9828125 0.4875 0.0203125 0.0671875
1 0.8359375 0.35234375 0.01875 0.0265625
1 0.8921875 0.41796875 0.01875 0.0578125
1 0.8328125 0.4359375 0.0234375 0.0625
1 0.77265625 0.4765625 0.01875 0.0640625
1 0.75 0.55 0.015625 0.065625
1 0.8640625 0.8984375 0.0203125 0.08125
1 0.6546875 0.74921875 0.0234375 0.0796875
1 0.66953125 0.75234375 0.0234375 0.0828125
1 0.63125 0.52265625 0.0234375 0.0703125
1 0.62109375 0.48203125 0.01875 0.0578125
1 0.6359375 0.45625 0.0203125 0.0734375
1 0.6734375 0.4 0.015625 0.0625