1 0.0203125 0.52421875 0.040625 0.0265625
1 0.02109375 0.028125 0.0421875 0.0375
1 0.80546875 0.4875 0.05625 0.0328125
1 0.959375 0.52734375 0.0671875 0.0328125
1 0.9734375 0.43046875 0.053125 0.0421875
1 0.834375 0.0703125 0.065625 0.0296875
1 0.80859375 0.1765625 0.0625 0.028125
1 0.7265625 0.23046875 0.0546875 0.028125
1 0.7171875 0.20546875 0.0546875 0.028125
1 0.753125 0.421875 0.0546875 0.0265625
1 0.75 0.44765625 0.0515625 0.028125
1 0.81171875 0.3609375 0.05625 0.0234375
1 0.81953125 0.353125 0.0640625 0.028125
1 0.86875 0.3828125 0.0640625 0.03125
1 0.8578125 0.4390625 0.0671875 0.0375
1 0.0359375 0.9765625 0.0640625 0.034375
1 0.00625 0.96484375 0.0125 0.0265625
1 0.13203125 0.9125 0.0703125 0.0296875
1 0.01875 0.80859375 0.0375 0.0296875
1 0.44921875 0.97734375 0.0640625 0.03125
1 0.41953125 0.93046875 0.0390625 0.0234375
1 0.453125 0.8984375 0.0703125 0.0296875
1 0.4578125 0.80234375 0.0671875 0.0328125
1 0.44453125 0.78359375 0.0703125 0.0328125
1 0.56328125 0.7390625 0.0828125 0.0359375
1 0.56640625 0.89453125 0.084375 0.040625
1 0.5046875 0.9375 0.05 0.0265625
1 0.490625 0.940625 0.0609375 0.0375
0 0.41171875 0.98046875 0.0234375 0.0171875