0 0.38359375 0.16640625 0.0109375 0.00625
0 0.4421875 0.22421875 0.009375 0.0078125
0 0.47578125 0.3125 0.0109375 0.0078125
0 0.3953125 0.3203125 0.009375 0.0078125
0 0.32421875 0.25625 0.0109375 0.0078125
0 0.23828125 0.2171875 0.009375 0.0078125
0 0.10390625 0.253125 0.0140625 0.0109375
0 0.00703125 0.29375 0.0109375 0.0046875
0 0.23515625 0.3171875 0.0078125 0.00625
0 0.10625 0.378125 0.009375 0.00625
0 0.21015625 0.47421875 0.009375 0.0078125
0 0.128125 0.50390625 0.0078125 0.00625
0 0.07109375 0.55703125 0.009375 0.0078125
0 0.21171875 0.56015625 0.0125 0.00625
0 0.2671875 0.5328125 0.009375 0.00625
0 0.3171875 0.46953125 0.0125 0.0078125
0 0.384375 0.4078125 0.009375 0.0078125
0 0.44609375 0.4390625 0.0125 0.0046875
0 0.3953125 0.484375 0.009375 0.00625
1 0.4890625 0.29375 0.040625 0.01875
1 0.49375 0.3546875 0.03125 0.015625
1 0.49140625 0.37265625 0.0359375 0.0140625
1 0.46328125 0.3984375 0.0453125 0.021875
1 0.43046875 0.3625 0.0578125 0.021875
1 0.43359375 0.37890625 0.0546875 0.0234375
1 0.30234375 0.36640625 0.0828125 0.0296875
1 0.28828125 0.4109375 0.0703125 0.034375
1 0.396875 0.5125 0.0578125 0.01875
1 0.38671875 0.5359375 0.053125 0.015625
1 0.415625 0.55078125 0.05625 0.0171875
1 0.3984375 0.56015625 0.05 0.0125
1 0.39140625 0.60625 0.053125 0.01875
1 0.3375 0.625 0.05625 0.0171875
1 0.346875 0.6640625 0.0609375 0.01875
1 0.3015625 0.66484375 0.059375 0.0203125
1 0.24921875 0.67578125 0.06875 0.01875
1 0.51796875 0.3296875 0.0171875 0.021875
1 0.57421875 0.50390625 0.053125 0.0203125
1 0.625 0.55234375 0.0421875 0.0203125
1 0.6390625 0.38828125 0.0375 0.0203125
1 0.61015625 0.3625 0.0453125 0.025
1 0.64296875 0.3328125 0.0390625 0.0171875
1 0.634375 0.3046875 0.0453125 0.021875
1 0.64375 0.27265625 0.0421875 0.015625
1 0.6015625 0.27421875 0.05 0.021875
1 0.62578125 0.228125 0.0453125 0.01875
1 0.62734375 0.22734375 0.0484375 0.021875
1 0.65859375 0.25703125 0.0390625 0.0140625
1 0.603125 0.11328125 0.0515625 0.0203125
1 0.61953125 0.09453125 0.05 0.025
1 0.61484375 0.053125 0.03125 0.0203125
1 0.5953125 0.65859375 0.0484375 0.01875
0 0.64140625 0.4171875 0.0125 0.0078125
1 0.16875 0.82890625 0.0453125 0.0171875
1 0.1046875 0.85703125 0.0515625 0.015625
1 0.1890625 0.8546875 0.0421875 0.01875
1 0.103125 0.97265625 0.0546875 0.0171875
1 0.1828125 0.98359375 0.0453125 0.015625
1 0.9171875 0.71015625 0.078125 0.0203125
1 0.90625 0.7453125 0.0796875 0.0265625
1 0.8234375 0.8328125 0.0875 0.0359375
1 0.90390625 0.86796875 0.0890625 0.028125