0 0.40546875 0.446875 0.0140625 0.0125
0 0.47734375 0.375 0.0046875 0.00625
0 0.26015625 0.434375 0.009375 0.00625
0 0.3578125 0.33203125 0.0109375 0.00625
0 0.22734375 0.27890625 0.0109375 0.0078125
0 0.2921875 0.221875 0.009375 0.00625
0 0.3265625 0.1515625 0.0109375 0.0078125
0 0.19453125 0.2 0.0125 0.0078125
0 0.15234375 0.24453125 0.0109375 0.00625
0 0.12890625 0.321875 0.0140625 0.009375
0 0.08828125 0.403125 0.009375 0.0078125
0 0.01953125 0.396875 0.0125 0.00625
0 0.05 0.3359375 0.0109375 0.00625
1 0.009375 0.4734375 0.01875 0.0125
1 0.0203125 0.4390625 0.040625 0.025
1 0.0609375 0.4625 0.0578125 0.0265625
1 0.05234375 0.4484375 0.0546875 0.0265625
1 0.1796875 0.4125 0.0828125 0.0359375
1 0.1765625 0.365625 0.0703125 0.0390625
1 0.0390625 0.31015625 0.0578125 0.0234375
1 0.03984375 0.284375 0.053125 0.0203125
1 0.01796875 0.28125 0.0359375 0.021875
1 0.02265625 0.26640625 0.0453125 0.0171875
1 0.01796875 0.2203125 0.0359375 0.021875
1 0.05390625 0.184375 0.05625 0.021875
1 0.03046875 0.15078125 0.0609375 0.0234375
1 0.0734375 0.13359375 0.059375 0.025
1 0.11796875 0.10546875 0.06875 0.025
1 0.19765625 0.00546875 0.0734375 0.0109375
1 0.95234375 0.0859375 0.084375 0.0421875
1 0.965625 0.33359375 0.06875 0.0359375
1 0.92734375 0.328125 0.0578125 0.034375
1 0.91875 0.39921875 0.075 0.040625
1 0.78671875 0.3125 0.0703125 0.03125
1 0.7703125 0.296875 0.0703125 0.03125
1 0.6453125 0.3625 0.065625 0.0296875
1 0.62578125 0.1 0.065625 0.0265625
1 0.62265625 0.01484375 0.0640625 0.0296875
1 0.49140625 0.08125 0.0234375 0.028125
1 0.23515625 0.55703125 0.0484375 0.0234375
1 0.1671875 0.59453125 0.0421875 0.021875
1 0.0625 0.62109375 0.0296875 0.01875
1 0.07734375 0.4953125 0.0421875 0.0203125
1 0.0203125 0.5265625 0.040625 0.01875
1 0.0203125 0.65390625 0.0296875 0.01875
1 0.03125 0.71015625 0.0359375 0.0171875
1 0.14765625 0.81875 0.04375 0.015625
1 0.3 0.81640625 0.0609375 0.025
1 0.16875 0.8578125 0.034375 0.0140625
1 0.190625 0.884375 0.046875 0.025
1 0.14453125 0.834375 0.0390625 0.0171875
1 0.0984375 0.9484375 0.0328125 0.015625
0 0.159375 0.8125 0.015625 0.00625
1 0.4875 0.8640625 0.015625 0.021875
1 0.53671875 0.8828125 0.05 0.01875
1 0.57734375 0.97421875 0.0578125 0.025