0 0.38359375 0.4046875 0.0078125 0.009375
0 0.3515625 0.48515625 0.00625 0.0078125
0 0.2984375 0.40078125 0.00625 0.0125
0 0.32578125 0.346875 0.00625 0.009375
0 0.38984375 0.29765625 0.0078125 0.0125
0 0.453125 0.23203125 0.0078125 0.0078125
0 0.4234375 0.16953125 0.0046875 0.0125
0 0.3765625 0.21875 0.00625 0.009375
1 0.48984375 0.11875 0.0140625 0.0484375
1 0.46328125 0.15234375 0.0203125 0.0453125
1 0.49453125 0.18515625 0.0109375 0.0578125
1 0.4828125 0.18203125 0.021875 0.0546875
1 0.4890625 0.31328125 0.021875 0.0828125
1 0.4484375 0.32734375 0.0328125 0.0703125
1 0.3484375 0.2171875 0.0171875 0.0578125
1 0.325 0.22734375 0.0140625 0.053125
1 0.3109375 0.19765625 0.015625 0.05625
1 0.3015625 0.21484375 0.0125 0.05
1 0.2546875 0.2203125 0.0171875 0.053125
1 0.23515625 0.27421875 0.015625 0.05625
1 0.19609375 0.2640625 0.01875 0.0609375
1 0.19453125 0.31015625 0.01875 0.059375
1 0.1828125 0.36171875 0.0171875 0.06875
1 0.1078125 0.46328125 0.025 0.0515625
1 0.03125 0.2734375 0.0203125 0.0515625
1 0.9140625 0.140625 0.0296875 0.0921875
1 0.6140625 0.13203125 0.040625 0.078125
1 0.5421875 0.02265625 0.040625 0.0453125
0 0.80625 0.128125 0.021875 0.025
1 0.00625 0.91171875 0.0125 0.0796875
1 0.0640625 0.84296875 0.03125 0.0859375
1 0.0109375 0.6578125 0.021875 0.05625
1 0.00859375 0.5625 0.0171875 0.0625
1 0.240625 0.6796875 0.028125 0.0703125
1 0.303125 0.5765625 0.0265625 0.0671875
1 0.2609375 0.534375 0.0203125 0.0609375
1 0.43203125 0.6859375 0.0265625 0.0765625
1 0.46171875 0.69921875 0.021875 0.0578125
1 0.45859375 0.83671875 0.028125 0.0828125
1 0.97734375 0.87109375 0.0203125 0.0703125
1 0.8921875 0.884375 0.0234375 0.0625
1 0.86953125 0.82421875 0.0265625 0.0546875
1 0.84609375 0.82421875 0.0203125 0.0671875
1 0.82890625 0.85625 0.0203125 0.0609375
1 0.81875 0.81484375 0.0171875 0.065625
1 0.78515625 0.83984375 0.0203125 0.065625
1 0.74765625 0.81875 0.01875 0.053125
1 0.7171875 0.93671875 0.01875 0.0546875
1 0.72890625 0.7875 0.0171875 0.059375
1 0.7109375 0.82109375 0.015625 0.0515625
1 0.66953125 0.82109375 0.0171875 0.059375
1 0.634375 0.83203125 0.0171875 0.0296875
1 0.590625 0.775 0.0171875 0.0515625
1 0.61328125 0.8484375 0.015625 0.05
1 0.55546875 0.91875 0.025 0.0578125