1 0.06640625 0.0984375 0.0203125 0.0421875
1 0.084375 0.08671875 0.01875 0.0328125
1 0.18359375 0.00625 0.0203125 0.0125
1 0.26484375 0.01953125 0.0171875 0.0390625
1 0.16953125 0.14296875 0.028125 0.0515625
1 0.1203125 0.17734375 0.021875 0.05
1 0.0375 0.23359375 0.0234375 0.0484375
1 0.05625 0.32578125 0.0390625 0.0671875
1 0.28125 0.2015625 0.0296875 0.0609375
1 0.39140625 0.053125 0.0265625 0.0546875
1 0.5546875 0.0265625 0.025 0.0515625
1 0.63046875 0.13671875 0.0296875 0.0515625
1 0.70859375 0.24609375 0.0296875 0.0578125
1 0.82734375 0.21640625 0.028125 0.0609375
1 0.82890625 0.0484375 0.0234375 0.05625
1 0.7328125 0.040625 0.025 0.0515625
1 0.68828125 0.0578125 0.0296875 0.0578125
1 0.06484375 0.94296875 0.03125 0.0734375
1 0.24609375 0.96484375 0.0328125 0.0703125
1 0.259375 0.94453125 0.0265625 0.0609375
1 0.28046875 0.88671875 0.0296875 0.0578125
1 0.3359375 0.82578125 0.0265625 0.0578125
1 0.41484375 0.96015625 0.03125 0.0640625
1 0.41640625 0.7296875 0.021875 0.05
1 0.109375 0.64609375 0.028125 0.0140625
0 0.2515625 0.90703125 0.0109375 0.015625
1 0.534375 0.975 0.028125 0.05
1 0.58984375 0.87578125 0.025 0.0515625
1 0.64765625 0.7921875 0.021875 0.0421875
1 0.73671875 0.928125 0.0265625 0.0625
1 0.80625 0.7953125 0.03125 0.053125
1 0.81171875 0.6703125 0.0203125 0.046875
1 0.8953125 0.8703125 0.0265625 0.0546875
1 0.91328125 0.878125 0.025 0.053125
1 0.96796875 0.6921875 0.0234375 0.046875
0 0.615625 0.8859375 0.0125 0.025