1 0.14375 0.33359375 0.04375 0.0171875
1 0.10625 0.2078125 0.0546875 0.025
1 0.18515625 0.14609375 0.0390625 0.01875
1 0.2 0.08671875 0.0484375 0.0234375
1 0.1234375 0.06640625 0.059375 0.0234375
1 0.08125 0.09609375 0.0546875 0.025
1 0.053125 0.0421875 0.05625 0.0234375
1 0.2140625 0.278125 0.0328125 0.0171875
1 0.25546875 0.30859375 0.0390625 0.01875
0 0.7453125 0.05546875 0.0234375 0.015625
1 0.50078125 0.30078125 0.0828125 0.0421875
1 0.4828125 0.25703125 0.046875 0.0359375
1 0.515625 0.10625 0.075 0.0375
1 0.578125 0.02421875 0.0765625 0.0359375
1 0.71015625 0.0546875 0.065625 0.028125
1 0.7796875 0.11328125 0.0546875 0.028125
1 0.79296875 0.26015625 0.0484375 0.0203125
1 0.715625 0.2671875 0.0671875 0.034375
1 0.86171875 0.10546875 0.0421875 0.01875
1 0.80390625 0.0484375 0.053125 0.021875
1 0.86484375 0.06328125 0.0484375 0.0234375
1 0.1828125 0.55625 0.040625 0.0203125
1 0.21640625 0.61328125 0.0421875 0.0203125
1 0.27421875 0.61484375 0.0359375 0.015625
1 0.1796875 0.68046875 0.0359375 0.0171875
1 0.15546875 0.628125 0.05 0.0265625
1 0.1078125 0.678125 0.046875 0.025
1 0.01171875 0.671875 0.0234375 0.028125
1 0.053125 0.81875 0.0421875 0.021875
1 0.1578125 0.846875 0.0296875 0.01875
1 0.14453125 0.721875 0.0421875 0.0203125
1 0.20078125 0.75390625 0.0421875 0.01875
1 0.19921875 0.88046875 0.0296875 0.01875
1 0.18671875 0.93671875 0.0359375 0.0171875
0 0.465625 0.88359375 0.0125 0.0109375
1 0.53203125 0.9640625 0.0765625 0.0328125
1 0.5546875 0.9015625 0.075 0.0328125
1 0.79921875 0.91484375 0.0640625 0.028125
1 0.790625 0.79609375 0.0640625 0.0265625
1 0.69296875 0.6515625 0.0796875 0.034375
1 0.67421875 0.70078125 0.0671875 0.03125
1 0.578125 0.5640625 0.0859375 0.0390625
1 0.55859375 0.4515625 0.0921875 0.0390625
1 0.57421875 0.4296875 0.090625 0.0390625
1 0.64921875 0.403125 0.0890625 0.0375
1 0.66875 0.39296875 0.0984375 0.0390625
1 0.7640625 0.4609375 0.0828125 0.0328125
1 0.74453125 0.49453125 0.0859375 0.0359375
1 0.88203125 0.5890625 0.0640625 0.0265625
1 0.90234375 0.63515625 0.0609375 0.025