1 0.45234375 0.196875 0.0125 0.040625
1 0.4328125 0.20625 0.0140625 0.0328125
1 0.39921875 0.3140625 0.0140625 0.0390625
1 0.31875 0.28203125 0.0125 0.040625
1 0.24296875 0.2421875 0.009375 0.04375
1 0.359375 0.13515625 0.0203125 0.0515625
1 0.4140625 0.11015625 0.0140625 0.05
1 0.50546875 0.06953125 0.0171875 0.0484375
1 0.259375 0.05859375 0.01875 0.0609375
1 0.125 0.1859375 0.0171875 0.0546875
1 0.0515625 0.253125 0.0125 0.0375
1 0.01796875 0.14296875 0.0171875 0.0546875
1 0.17734375 0.303125 0.0125 0.03125
1 0.20078125 0.3484375 0.0125 0.0375
0 0.953125 0.05078125 0.003125 0.0078125
0 0.921875 0.015625 0.0046875 0.00625
0 0.853125 0.15390625 0.00625 0.009375
0 0.865625 0.21015625 0.0046875 0.009375
0 0.90234375 0.2359375 0.003125 0.00625
0 0.790625 0.14140625 0.003125 0.0046875
0 0.79609375 0.08828125 0.0078125 0.009375
0 0.759375 0.075 0.0046875 0.0078125
1 0.69921875 0.16015625 0.0109375 0.046875
1 0.703125 0.13828125 0.0203125 0.0453125
1 0.74140625 0.1703125 0.0171875 0.0484375
1 0.86328125 0.0265625 0.0203125 0.053125
1 0.9921875 0.02734375 0.015625 0.0546875
1 0.99765625 0.08515625 0.0046875 0.0546875
1 0.96015625 0.10625 0.0171875 0.0578125
1 0.92265625 0.1890625 0.015625 0.0390625
1 0.6046875 0.2046875 0.0171875 0.0484375
1 0.565625 0.86015625 0.0203125 0.0546875
1 0.509375 0.78828125 0.01875 0.0703125
1 0.44921875 0.9046875 0.0140625 0.05
1 0.4515625 0.9171875 0.0171875 0.0515625
1 0.546875 0.97890625 0.0125 0.0421875
1 0.39765625 0.86484375 0.0203125 0.0640625
1 0.35625 0.82734375 0.021875 0.0765625
1 0.3375 0.8140625 0.021875 0.0765625
1 0.22265625 0.66484375 0.028125 0.0765625
1 0.14765625 0.88515625 0.0171875 0.0578125
0 0.78515625 0.68828125 0.0078125 0.0125
1 0.97890625 0.78046875 0.0125 0.0375
1 0.9953125 0.70390625 0.009375 0.0421875
1 0.99453125 0.68359375 0.0109375 0.0453125
1 0.9421875 0.66328125 0.0140625 0.05
1 0.91328125 0.646875 0.0140625 0.0453125
1 0.8734375 0.77734375 0.015625 0.0453125
1 0.85390625 0.7671875 0.0109375 0.01875
1 0.58125 0.6953125 0.003125 0.04375
1 0.66640625 0.6625 0.0171875 0.0515625
1 0.7578125 0.609375 0.01875 0.0453125
1 0.77734375 0.70703125 0.01875 0.040625
1 0.7890625 0.7421875 0.015625 0.040625
1 0.72734375 0.7890625 0.0125 0.0375