1 0.0859375 0.11328125 0.0625 0.015625
1 0.0265625 0.05078125 0.053125 0.0140625
1 0.015625 0.03046875 0.03125 0.0171875
1 0.190625 0.159375 0.0640625 0.01875
1 0.2171875 0.09921875 0.0625 0.0203125
1 0.265625 0.08828125 0.065625 0.0140625
0 0.203125 0.15859375 0.025 0.009375
1 0.53984375 0.04609375 0.0515625 0.0125
1 0.534375 0.0546875 0.040625 0.0140625
1 0.50234375 0.02890625 0.0453125 0.0109375
1 0.49609375 0.09609375 0.0328125 0.0140625
1 0.50390625 0.11640625 0.040625 0.009375
1 0.49921875 0.18984375 0.0390625 0.009375
1 0.55 0.18984375 0.05625 0.0109375
1 0.059375 0.89921875 0.040625 0.00625
1 0.09375 0.909375 0.04375 0.009375
1 0.13828125 0.884375 0.0546875 0.009375
1 0.0828125 0.84296875 0.04375 0.0078125
1 0.0390625 0.83515625 0.0375 0.009375
1 0.06171875 0.83828125 0.046875 0.0078125
1 0.09140625 0.78515625 0.0453125 0.0140625
1 0.046875 0.76484375 0.0375 0.00625
1 0.04609375 0.715625 0.040625 0.0140625
1 0.06640625 0.6921875 0.0421875 0.00625
1 0.04765625 0.66640625 0.0375 0.009375
1 0.059375 0.65859375 0.04375 0.009375
1 0.05234375 0.63671875 0.04375 0.0078125
1 0.02265625 0.61640625 0.03125 0.009375
1 0.04765625 0.6046875 0.040625 0.0078125
1 0.0359375 0.58671875 0.040625 0.009375
1 0.07109375 0.53125 0.046875 0.0125
1 0.1375 0.53125 0.053125 0.0109375
1 0.203125 0.55703125 0.0625 0.0140625
1 0.06171875 0.3421875 0.046875 0.0140625
0 0.69453125 0.4046875 0.021875 0.0109375
1 0.9671875 0.73046875 0.065625 0.0203125
1 0.8703125 0.70546875 0.090625 0.021875
1 0.9140625 0.671875 0.084375 0.0171875
1 0.90234375 0.51328125 0.071875 0.021875
1 0.86328125 0.41796875 0.075 0.0203125
1 0.83984375 0.28046875 0.0921875 0.0140625
1 0.728125 0.41328125 0.0640625 0.0140625
1 0.64609375 0.4515625 0.053125 0.0171875
1 0.5953125 0.58984375 0.046875 0.0109375
1 0.66796875 0.61640625 0.0640625 0.0203125
1 0.6578125 0.7609375 0.0625 0.0140625
1 0.69453125 0.9140625 0.0625 0.0171875
1 0.78828125 0.9546875 0.06875 0.0125
1 0.78046875 0.95859375 0.065625 0.0140625
1 0.56875 0.42265625 0.040625 0.009375
1 0.6390625 0.3828125 0.053125 0.0109375
1 0.5765625 0.38046875 0.046875 0.0140625
1 0.63125 0.31640625 0.046875 0.015625
1 0.6515625 0.29921875 0.059375 0.0140625
1 0.68203125 0.26796875 0.0625 0.0140625