1 0.259375 0.0359375 0.0875 0.0203125
1 0.2390625 0.12109375 0.0796875 0.01875
1 0.37109375 0.1296875 0.06875 0.0125
1 0.42109375 0.10546875 0.0640625 0.0203125
1 0.4515625 0.125 0.059375 0.015625
1 0.453125 0.32421875 0.0625 0.0140625
1 0.34765625 0.2796875 0.0640625 0.0171875
1 0.32265625 0.33984375 0.0625 0.01875
1 0.27421875 0.35234375 0.065625 0.0125
1 0.0359375 0.3125 0.071875 0.025
0 0.33515625 0.28046875 0.025 0.009375
0 0.5921875 0.38125 0.025 0.009375
1 0.55 0.3765625 0.1 0.015625
1 0.69609375 0.37265625 0.071875 0.015625
1 0.73828125 0.28359375 0.06875 0.015625
1 0.66015625 0.13359375 0.0875 0.015625
1 0.89609375 0.10703125 0.059375 0.015625
1 0.8515625 0.290625 0.059375 0.0125
1 0.9203125 0.35390625 0.0625 0.0109375
1 0.39296875 0.4765625 0.0453125 0.009375
1 0.3875 0.48046875 0.0515625 0.0046875
1 0.4109375 0.55703125 0.04375 0.0078125
1 0.43125 0.5484375 0.028125 0.0125
1 0.4125 0.5953125 0.0421875 0.009375
1 0.3671875 0.6078125 0.046875 0.00625
1 0.42109375 0.70625 0.0421875 0.009375
1 0.37265625 0.7921875 0.053125 0.0125
1 0.38515625 0.79296875 0.046875 0.0125
1 0.41015625 0.8390625 0.04375 0.009375
1 0.41640625 0.85390625 0.040625 0.00625
1 0.4125 0.85703125 0.046875 0.00625
1 0.39921875 0.89453125 0.053125 0.009375
1 0.26640625 0.94375 0.065625 0.015625
1 0.3609375 0.9796875 0.05625 0.0125
1 0.140625 0.7375 0.08125 0.0171875
1 0.5390625 0.47890625 0.053125 0.0140625
1 0.59453125 0.51953125 0.03125 0.009375
1 0.634375 0.46953125 0.03125 0.00625
1 0.64375 0.48203125 0.03125 0.009375
1 0.61328125 0.653125 0.028125 0.0109375
1 0.58515625 0.58359375 0.040625 0.0140625
1 0.52109375 0.65546875 0.040625 0.0140625
1 0.49453125 0.93828125 0.0109375 0.0109375
1 0.55078125 0.68125 0.0375 0.00625
1 0.58671875 0.67265625 0.040625 0.009375
1 0.5921875 0.6890625 0.040625 0.009375
1 0.59921875 0.70625 0.05 0.0109375
1 0.58828125 0.77421875 0.046875 0.0078125