1 0.290625 0.01796875 0.08125 0.0359375
1 0.16015625 0.00390625 0.0703125 0.0078125
1 0.03359375 0.16328125 0.0640625 0.028125
1 0.146875 0.14609375 0.065625 0.0328125
1 0.15703125 0.21015625 0.065625 0.0328125
1 0.20078125 0.234375 0.0671875 0.028125
1 0.4546875 0.25703125 0.103125 0.0484375
1 0.040625 0.31015625 0.08125 0.0359375
0 0.15859375 0.15 0.0265625 0.015625
1 0.903125 0.23359375 0.0734375 0.040625
1 0.834375 0.27734375 0.0734375 0.0328125
1 0.690625 0.31328125 0.0578125 0.025
1 0.734375 0.2625 0.0546875 0.025
1 0.76953125 0.24296875 0.0609375 0.0265625
1 0.7671875 0.21875 0.0484375 0.0234375
1 0.74765625 0.209375 0.0515625 0.021875
1 0.73046875 0.20703125 0.0359375 0.03125
1 0.73671875 0.165625 0.05 0.0234375
1 0.77578125 0.18125 0.05 0.0296875
1 0.78125 0.16328125 0.0546875 0.034375
1 0.75390625 0.09921875 0.053125 0.0328125
1 0.809375 0.11875 0.0625 0.0328125
1 0.96953125 0.0078125 0.0609375 0.015625
1 0.34296875 0.34375 0.0640625 0.009375
1 0.28515625 0.38359375 0.0546875 0.028125
1 0.34609375 0.45 0.0703125 0.028125
1 0.22265625 0.49140625 0.0515625 0.021875
1 0.2109375 0.4875 0.0515625 0.025
1 0.1609375 0.38203125 0.046875 0.01875
1 0.21796875 0.3515625 0.0453125 0.0234375
1 0.253125 0.5484375 0.0640625 0.0296875
1 0.284375 0.5953125 0.0765625 0.0328125
1 0.29453125 0.615625 0.0765625 0.0328125
1 0.4234375 0.753125 0.078125 0.0390625
1 0.19453125 0.7921875 0.0578125 0.0265625