1 0.275 0.40703125 0.0734375 0.0296875
1 0.178125 0.41875 0.0890625 0.0328125
1 0.01171875 0.24453125 0.0234375 0.0328125
1 0.20625 0.2109375 0.0796875 0.03125
1 0.10859375 0.06015625 0.0828125 0.028125
1 0.0890625 0.05078125 0.0765625 0.0265625
1 0.3296875 0.2109375 0.0671875 0.028125
1 0.34609375 0.31171875 0.0578125 0.0265625
1 0.36328125 0.31015625 0.0734375 0.0328125
1 0.43828125 0.05 0.0671875 0.0296875
1 0.5890625 0.25703125 0.0578125 0.0234375
1 0.4140625 0.3234375 0.028125 0.034375
1 0.421875 0.359375 0.04375 0.0375
1 0.6140625 0.43046875 0.065625 0.0234375
1 0.35546875 0.47734375 0.0390625 0.021875
1 0.2921875 0.72109375 0.0359375 0.0171875
1 0.27109375 0.86875 0.0484375 0.01875
1 0.3484375 0.87265625 0.0328125 0.015625
1 0.384375 0.84921875 0.03125 0.0140625
1 0.3875 0.803125 0.025 0.0125
1 0.3953125 0.8 0.009375 0.0125
1 0.39453125 0.70859375 0.0109375 0.0140625
1 0.37265625 0.6921875 0.0328125 0.0125
0 0.5296875 0.47890625 0.0140625 0.0125
0 0.55625 0.7203125 0.0171875 0.0125
0 0.73515625 0.73671875 0.015625 0.0078125
0 0.6859375 0.890625 0.0140625 0.0078125
0 0.68203125 0.61953125 0.0203125 0.0109375
0 0.68671875 0.5125 0.0203125 0.0125
0 0.87109375 0.4765625 0.0171875 0.009375
0 0.99296875 0.478125 0.0140625 0.0125
1 0.959375 0.578125 0.08125 0.034375
1 0.978125 0.5640625 0.04375 0.034375
1 0.9640625 0.71796875 0.071875 0.0359375
1 0.92734375 0.7265625 0.096875 0.0359375
1 0.93828125 0.74765625 0.0890625 0.034375
1 0.9453125 0.76640625 0.096875 0.0375
1 0.9296875 0.81328125 0.1046875 0.0375
1 0.978125 0.80859375 0.04375 0.0296875
1 0.925 0.6765625 0.1109375 0.0390625
1 0.86875 0.640625 0.1078125 0.0421875
1 0.87890625 0.5671875 0.1109375 0.0421875
1 0.96484375 0.73359375 0.0703125 0.0265625