1 0.2234375 0.0578125 0.0953125 0.0359375
1 0.57109375 0.078125 0.0578125 0.03125
1 0.41875 0.19609375 0.0734375 0.0296875
1 0.321875 0.184375 0.0890625 0.0328125
1 0.07109375 0.22265625 0.0875 0.0375
1 0.12734375 0.35859375 0.0796875 0.0328125
1 0.35 0.3921875 0.0796875 0.03125
1 0.25234375 0.54296875 0.0828125 0.028125
1 0.2328125 0.55234375 0.0765625 0.0265625
1 0.4734375 0.3921875 0.0671875 0.028125
1 0.48984375 0.29140625 0.0578125 0.0265625
1 0.50859375 0.2921875 0.0765625 0.0328125
1 0.9859375 0.359375 0.028125 0.046875
1 0.95859375 0.3390625 0.0828125 0.04375
1 0.96640625 0.30546875 0.0671875 0.0453125
1 0.96015625 0.2703125 0.0796875 0.046875
1 0.97734375 0.25703125 0.0453125 0.0484375
1 0.98359375 0.23515625 0.0328125 0.0453125
1 0.3828125 0.9140625 0.0484375 0.0265625
1 0.4296875 0.98359375 0.05 0.028125
1 0.47265625 0.98828125 0.046875 0.0203125
1 0.69375 0.9859375 0.096875 0.028125
1 0.67578125 0.9328125 0.08125 0.0390625
1 0.95546875 0.66953125 0.075 0.0234375
1 0.9828125 0.725 0.034375 0.021875
1 0.88125 0.74296875 0.0609375 0.025
1 0.946875 0.82421875 0.059375 0.03125
1 0.9734375 0.8859375 0.0484375 0.01875
1 0.90546875 0.87890625 0.05625 0.028125
1 0.84375 0.80546875 0.0703125 0.028125