1 0.10078125 0.353125 0.0953125 0.0125
1 0.0234375 0.23828125 0.046875 0.0328125
1 0.25390625 0.20078125 0.0875 0.0375
1 0.19765625 0.06484375 0.0796875 0.0328125
1 0.7015625 0.35390625 0.040625 0.0109375
1 0.72109375 0.29375 0.046875 0.015625
1 0.72578125 0.26015625 0.0375 0.0140625
1 0.73125 0.25 0.0375 0.015625
1 0.78359375 0.21484375 0.0421875 0.0171875
1 0.8609375 0.23671875 0.0578125 0.0234375
1 0.875 0.19609375 0.0546875 0.0203125
1 0.35234375 0.421875 0.0453125 0.0203125
1 0.39921875 0.425 0.0203125 0.025
1 0.39453125 0.9796875 0.0296875 0.028125
1 0.3890625 0.984375 0.040625 0.03125
1 0.35546875 0.84765625 0.0625 0.0328125
1 0.33984375 0.70390625 0.0546875 0.0234375
1 0.3609375 0.696875 0.0421875 0.0203125
1 0.27890625 0.6703125 0.0484375 0.025
1 0.2609375 0.57421875 0.0453125 0.0203125
1 0.2453125 0.97421875 0.053125 0.0265625
0 0.40625 0.98125 0.00625 0.009375
1 0.5875 0.92265625 0.0359375 0.0125
1 0.70703125 0.9078125 0.0421875 0.0171875
1 0.7671875 0.88515625 0.0453125 0.0203125
1 0.9234375 0.86953125 0.0484375 0.0203125
1 0.91953125 0.85703125 0.05 0.021875
1 0.96953125 0.8390625 0.05 0.025
1 0.79140625 0.77265625 0.040625 0.0203125
1 0.640625 0.74296875 0.0421875 0.0203125
1 0.68203125 0.665625 0.04375 0.015625
1 0.8890625 0.67890625 0.0421875 0.01875
1 0.74375 0.65 0.0515625 0.021875
1 0.89609375 0.5890625 0.0546875 0.01875
1 0.7984375 0.63125 0.040625 0.0203125
1 0.98828125 0.61328125 0.0234375 0.0203125
1 0.98984375 0.59453125 0.0203125 0.0265625