1 0.00546875 0.24140625 0.0109375 0.0578125
1 0.11484375 0.21171875 0.028125 0.0609375
1 0.34140625 0.2125 0.0265625 0.0578125
1 0.375 0.4421875 0.009375 0.071875
1 0.37265625 0.0859375 0.0140625 0.059375
1 0.3671875 0.06171875 0.025 0.0546875
1 0.35078125 0.015625 0.0296875 0.03125
1 0.11640625 0.04375 0.0234375 0.05625
1 0.0203125 0.0359375 0.025 0.0515625
1 0.67734375 0.61953125 0.0421875 0.0203125
1 0.48671875 0.6015625 0.0453125 0.05625
1 0.5328125 0.47421875 0.0421875 0.084375
1 0.56015625 0.32109375 0.0296875 0.0703125
1 0.5796875 0.328125 0.0296875 0.0703125
1 0.671875 0.30859375 0.0328125 0.0703125
1 0.7671875 0.42578125 0.0421875 0.0890625
1 0.8546875 0.4234375 0.0390625 0.08125
1 0.82890625 0.29375 0.0296875 0.0703125
1 0.7921875 0.2515625 0.0359375 0.0671875
1 0.803125 0.2171875 0.0296875 0.0609375
1 0.98984375 0.16328125 0.0203125 0.0640625
1 0.9796875 0.278125 0.0328125 0.065625
0 0.98359375 0.28984375 0.015625 0.0265625
1 0.4859375 0.709375 0.0296875 0.0671875