1 0.53125 0.08125 0.015625 0.021875
1 0.35390625 0.05703125 0.05 0.0203125
1 0.52890625 0.1671875 0.0203125 0.01875
1 0.4265625 0.40234375 0.0578125 0.021875
1 0.41171875 0.52421875 0.0609375 0.01875
1 0.55390625 0.48828125 0.0296875 0.0171875
1 0.6328125 0.4734375 0.0578125 0.0203125
1 0.6953125 0.49921875 0.0609375 0.01875
1 0.68671875 0.3890625 0.0609375 0.01875
1 0.65625 0.37109375 0.0359375 0.0171875
1 0.74296875 0.3953125 0.0421875 0.0171875
1 0.6671875 0.28671875 0.053125 0.015625
1 0.65546875 0.24921875 0.0734375 0.0234375
1 0.7125 0.23828125 0.0484375 0.0203125
1 0.76328125 0.221875 0.053125 0.015625
1 0.775 0.1921875 0.0421875 0.0171875
1 0.79765625 0.12265625 0.04375 0.0125
1 0.7171875 0.14140625 0.0640625 0.021875
1 0.64765625 0.0296875 0.0703125 0.0265625
1 0.559375 0.03828125 0.040625 0.0203125
1 0.7546875 0.00390625 0.0625 0.0078125
1 0.76171875 0.03515625 0.0546875 0.0203125
1 0.3734375 0.95 0.05 0.0140625
1 0.38671875 0.93046875 0.053125 0.015625
0 0.36953125 0.9234375 0.015625 0.0078125
1 0.38203125 0.91875 0.053125 0.015625
1 0.4046875 0.92421875 0.0484375 0.0109375
1 0.390625 0.8375 0.059375 0.01875
1 0.38359375 0.81640625 0.059375 0.01875
1 0.34921875 0.7875 0.0640625 0.015625
1 0.26171875 0.840625 0.0640625 0.015625
1 0.27109375 0.9453125 0.0640625 0.01875
1 0.2703125 0.98515625 0.0640625 0.021875
1 0.375 0.75078125 0.0515625 0.0203125
1 0.359375 0.740625 0.05 0.0125
1 0.3375 0.84375 0.0609375 0.0171875
1 0.365625 0.84921875 0.0421875 0.0203125
1 0.3359375 0.85546875 0.0453125 0.0171875
1 0.40625 0.58203125 0.0609375 0.01875
1 0.5640625 0.60703125 0.05 0.0140625
1 0.60859375 0.67265625 0.0390625 0.0125
1 0.675 0.68984375 0.0484375 0.0171875
1 0.7 0.809375 0.0421875 0.0171875
1 0.6203125 0.7125 0.046875 0.0140625
1 0.615625 0.778125 0.0453125 0.01875
1 0.590625 0.81015625 0.0515625 0.015625
1 0.5953125 0.87578125 0.053125 0.0171875
1 0.64921875 0.87109375 0.0421875 0.0203125