1 0.41953125 0.37265625 0.0296875 0.0515625
1 0.34140625 0.26328125 0.0296875 0.0578125
1 0.22265625 0.29296875 0.028125 0.0609375
1 0.0046875 0.29140625 0.009375 0.0578125
1 0.22109375 0.44609375 0.0234375 0.0265625
1 0.3171875 0.45078125 0.025 0.0171875
1 0.36171875 0.440625 0.0296875 0.0375
0 0.94140625 0.3359375 0.0125 0.0203125
1 0.740625 0.090625 0.0671875 0.1125
1 0.72578125 0.23984375 0.0546875 0.0984375
1 0.59375 0.3015625 0.05 0.090625
1 0.9 0.2734375 0.03125 0.075
1 0.875 0.30078125 0.0359375 0.071875
1 0.9140625 0.31640625 0.0296875 0.0703125
1 0.903125 0.31875 0.0359375 0.075
1 0.8609375 0.3515625 0.0328125 0.0671875
1 0.8453125 0.353125 0.0359375 0.0765625
1 0.86328125 0.36953125 0.034375 0.0828125
1 0.1359375 0.653125 0.0140625 0.03125
1 0.15234375 0.6484375 0.015625 0.0328125
1 0.17109375 0.6234375 0.0125 0.025
1 0.18515625 0.625 0.015625 0.03125
1 0.24140625 0.584375 0.0171875 0.03125
1 0.2609375 0.60546875 0.0125 0.025
1 0.25703125 0.5953125 0.0109375 0.021875
1 0.278125 0.5796875 0.015625 0.034375
1 0.38046875 0.54375 0.015625 0.0328125
1 0.38046875 0.55234375 0.0125 0.028125
1 0.3875 0.571875 0.015625 0.0296875
1 0.41875 0.559375 0.0140625 0.028125
1 0.4296875 0.5734375 0.0125 0.0265625
1 0.43671875 0.55859375 0.0140625 0.0296875
1 0.42421875 0.55078125 0.0140625 0.028125
1 0.42578125 0.5421875 0.0171875 0.034375
1 0.5171875 0.53359375 0.015625 0.0265625
1 0.52109375 0.4828125 0.0203125 0.0421875
1 0.3234375 0.515625 0.0140625 0.03125
1 0.3140625 0.515625 0.0203125 0.0390625
1 0.22265625 0.61171875 0.0140625 0.028125
0 0.8125 0.503125 0.00625 0.009375
0 0.59296875 0.63359375 0.0046875 0.0078125
0 0.671875 0.6046875 0.0046875 0.009375
1 0.65 0.46953125 0.021875 0.0203125
1 0.67109375 0.53828125 0.0203125 0.0453125
1 0.70078125 0.54140625 0.0203125 0.0421875
1 0.71875 0.52578125 0.0203125 0.0421875
1 0.7265625 0.56640625 0.015625 0.0359375
1 0.6953125 0.5984375 0.0109375 0.0265625
1 0.7 0.61171875 0.009375 0.025
1 0.64453125 0.6609375 0.0109375 0.025
1 0.97734375 0.46875 0.0234375 0.01875