1 0.053125 0.1125 0.05 0.0203125
1 0.09765625 0.1875 0.0578125 0.0328125
1 0.1046875 0.23359375 0.065625 0.0265625
1 0.228125 0.12109375 0.05 0.0171875
1 0.353125 0.15 0.0578125 0.0171875
1 0.44375 0.19609375 0.053125 0.015625
1 0.25859375 0.31875 0.0515625 0.021875
1 0.275 0.453125 0.0546875 0.0203125
1 0.38671875 0.40859375 0.0484375 0.0203125
1 0.1546875 0.53359375 0.0734375 0.021875
1 0.1625 0.56171875 0.0734375 0.021875
1 0.76484375 0.25625 0.0484375 0.0140625
1 0.72890625 0.27265625 0.0515625 0.0203125
1 0.6015625 0.23984375 0.0671875 0.01875
1 0.565625 0.30859375 0.053125 0.0203125
1 0.55703125 0.38125 0.0359375 0.015625
1 0.7203125 0.5984375 0.053125 0.0140625
1 0.6375 0.553125 0.0609375 0.0171875
1 0.64921875 0.4453125 0.0640625 0.0203125
1 0.6859375 0.33203125 0.0546875 0.0171875
1 0.79140625 0.2921875 0.0546875 0.0171875
1 0.86015625 0.309375 0.05 0.0171875
1 0.77421875 0.38828125 0.05 0.0140625
1 0.7703125 0.41640625 0.053125 0.0140625
1 0.90078125 0.57421875 0.034375 0.0125
1 0.20859375 0.9953125 0.0546875 0.009375
1 0.2453125 0.85859375 0.046875 0.0140625
1 0.1703125 0.83984375 0.065625 0.025
1 0.165625 0.69453125 0.0640625 0.0171875
0 0.54375 0.8109375 0.0046875 0.00625
0 0.65390625 0.73125 0.009375 0.00625
0 0.56796875 0.91484375 0.00625 0.003125
0 0.6640625 0.9046875 0.009375 0.00625
0 0.73203125 0.8359375 0.009375 0.0078125
0 0.70234375 0.80078125 0.00625 0.003125
0 0.82421875 0.79140625 0.0078125 0.0046875
1 0.553125 0.65625 0.028125 0.015625
1 0.7921875 0.64296875 0.03125 0.0125
1 0.71640625 0.6578125 0.040625 0.0125
1 0.7703125 0.6890625 0.0390625 0.0109375
1 0.78203125 0.69921875 0.034375 0.009375
1 0.721875 0.790625 0.040625 0.0125
1 0.76328125 0.81484375 0.0421875 0.0140625
1 0.853125 0.83828125 0.03125 0.0078125
1 0.72890625 0.87578125 0.0453125 0.0140625
1 0.7625 0.89140625 0.0375 0.0125
1 0.8078125 0.89765625 0.0265625 0.009375
1 0.8140625 0.9484375 0.03125 0.0125
1 0.7265625 0.95078125 0.0421875 0.01875
1 0.66796875 0.9953125 0.0421875 0.009375