1 0.1015625 0.0109375 0.065625 0.021875
1 0.08671875 0.0203125 0.05625 0.0203125
1 0.3171875 0.15546875 0.05 0.025
1 0.296875 0.240625 0.0609375 0.0390625
1 0.303125 0.2859375 0.0671875 0.0328125
1 0.15234375 0.215625 0.05 0.021875
1 0.02578125 0.03125 0.05 0.025
1 0.04140625 0.27890625 0.0578125 0.0234375
1 0.578125 0.046875 0.0359375 0.015625
1 0.56484375 0.028125 0.0375 0.0171875
1 0.55546875 0.00625 0.0359375 0.0125
1 0.59140625 0.03828125 0.04375 0.0234375
1 0.625 0.115625 0.040625 0.01875
1 0.5921875 0.10234375 0.04375 0.0171875
1 0.5796875 0.13515625 0.0375 0.0203125
1 0.5859375 0.184375 0.0453125 0.021875
1 0.590625 0.1984375 0.0421875 0.0203125
1 0.61171875 0.21796875 0.0453125 0.021875
1 0.6125 0.23203125 0.0546875 0.025
1 0.63828125 0.24765625 0.0453125 0.021875
1 0.70078125 0.296875 0.059375 0.0296875
1 0.79296875 0.33046875 0.0703125 0.0296875
0 0.534375 0.01015625 0.015625 0.0140625
0 0.246875 0.91328125 0.015625 0.009375
1 0.0859375 0.3875 0.05 0.015625
1 0.09140625 0.39375 0.0328125 0.0125
1 0.1640625 0.50078125 0.0484375 0.01875
1 0.23828125 0.50234375 0.0484375 0.01875
1 0.259375 0.52890625 0.046875 0.01875
1 0.22734375 0.67734375 0.0453125 0.015625
1 0.1421875 0.625 0.034375 0.01875
1 0.1140625 0.70078125 0.0390625 0.0171875
1 0.24140625 0.70234375 0.0546875 0.0203125
1 0.32734375 0.728125 0.0453125 0.025
1 0.2703125 0.98984375 0.046875 0.01875
1 0.25234375 0.84921875 0.0453125 0.01875
1 0.20078125 0.884375 0.0453125 0.021875
1 0.6328125 0.97734375 0.0578125 0.0234375
1 0.56796875 0.890625 0.05625 0.021875
1 0.5625 0.884375 0.0453125 0.0234375
1 0.52421875 0.9015625 0.0453125 0.01875
1 0.51171875 0.87421875 0.046875 0.025
1 0.49375 0.77578125 0.0421875 0.0203125
1 0.52109375 0.7453125 0.0515625 0.021875
1 0.6421875 0.79453125 0.0625 0.03125
1 0.55 0.6703125 0.0515625 0.025
1 0.49609375 0.678125 0.0515625 0.0234375
1 0.46875 0.53671875 0.05 0.0296875
1 0.559375 0.440625 0.071875 0.0390625
1 0.70234375 0.5328125 0.08125 0.0375
0 0.4890625 0.5125 0.015625 0.009375