1 0.00625 0.1359375 0.0125 0.071875
1 0.02109375 0.15546875 0.0140625 0.0625
1 0.046875 0.22109375 0.0203125 0.0625
1 0.05703125 0.23984375 0.0109375 0.05625
1 0.24375 0.04921875 0.0171875 0.0484375
1 0.32109375 0.0890625 0.0296875 0.0578125
1 0.3671875 0.09375 0.021875 0.0640625
1 0.26171875 0.2234375 0.0140625 0.0484375
1 0.053125 0.30078125 0.0171875 0.0484375
1 0.0984375 0.40234375 0.0140625 0.0484375
1 0.296875 0.34609375 0.0140625 0.05625
1 0.34765625 0.43515625 0.0125 0.053125
1 0.4609375 0.24375 0.01875 0.05
1 0.5953125 0.253125 0.0171875 0.053125
1 0.55703125 0.36640625 0.0171875 0.046875
1 0.66953125 0.128125 0.01875 0.071875
1 0.6984375 0.134375 0.01875 0.071875
1 0.934375 0.0625 0.01875 0.06875
1 0.95234375 0.07578125 0.01875 0.06875
1 0.91171875 0.2109375 0.0171875 0.0640625
1 0.6921875 0.9203125 0.0140625 0.059375
1 0.66015625 0.971875 0.0109375 0.05625
1 0.61640625 0.965625 0.01875 0.053125
1 0.6140625 0.865625 0.0203125 0.0640625
1 0.51484375 0.77734375 0.03125 0.0734375
1 0.49375 0.8890625 0.0140625 0.05625
1 0.4484375 0.87578125 0.0140625 0.05
1 0.27890625 0.665625 0.0296875 0.08125
1 0.18671875 0.8484375 0.0203125 0.0625
1 0.1125 0.89296875 0.0171875 0.065625
1 0.00859375 0.83984375 0.0171875 0.0703125
1 0.16953125 0.9921875 0.0171875 0.015625
1 0.25078125 0.98984375 0.0171875 0.0203125
1 0.290625 0.96171875 0.01875 0.05625
1 0.315625 0.93828125 0.0171875 0.059375
1 0.00234375 0.9796875 0.0046875 0.040625
0 0.125 0.828125 0.0171875 0.021875
1 0.52265625 0.98515625 0.0140625 0.0296875
1 0.728125 0.57734375 0.01875 0.1078125
1 0.8328125 0.63046875 0.028125 0.1078125
1 0.871875 0.88125 0.01875 0.0875
1 0.725 0.96796875 0.0125 0.0640625