1 0.45859375 0.28984375 0.034375 0.06875
1 0.34765625 0.42109375 0.0171875 0.0453125
1 0.13125 0.36484375 0.0203125 0.0421875
1 0.3 0.109375 0.0375 0.103125
1 0.0640625 0.1578125 0.03125 0.0734375
1 0.09296875 0.396875 0.028125 0.0609375
1 0.19140625 0.45234375 0.01875 0.0421875
1 0.09375 0.44609375 0.0171875 0.0421875
1 0.07265625 0.42421875 0.0203125 0.0453125
1 0.05859375 0.4234375 0.0203125 0.046875
1 0.01640625 0.45 0.015625 0.0484375
1 0.940625 0.38984375 0.021875 0.0671875
1 0.8609375 0.32734375 0.0296875 0.08125
1 0.7296875 0.17734375 0.028125 0.08125
1 0.6828125 0.15234375 0.0265625 0.0859375
1 0.56015625 0.4046875 0.01875 0.0625
1 0.7328125 0.459375 0.015625 0.040625
1 0.728125 0.45234375 0.01875 0.0546875
1 0.77421875 0.42265625 0.021875 0.0640625
1 0.821875 0.45 0.028125 0.059375
1 0.01796875 0.70234375 0.01875 0.0609375
1 0.07265625 0.6015625 0.0203125 0.0703125
1 0.16328125 0.7421875 0.0203125 0.0640625
1 0.18515625 0.71484375 0.01875 0.0578125
1 0.12578125 0.8515625 0.021875 0.0578125
1 0.06484375 0.84765625 0.0171875 0.053125
1 0.3875 0.78515625 0.01875 0.0578125
1 0.42109375 0.796875 0.0203125 0.0453125
1 0.4515625 0.64296875 0.015625 0.05625
1 0.44765625 0.60703125 0.021875 0.059375
1 0.39453125 0.509375 0.0234375 0.059375
1 0.25625 0.54453125 0.025 0.06875
1 0.49921875 0.5359375 0.01875 0.0578125
1 0.54609375 0.52890625 0.0171875 0.0515625
1 0.809375 0.5390625 0.025 0.0640625
1 0.8765625 0.59296875 0.021875 0.0671875
1 0.9875 0.55546875 0.025 0.0703125
1 0.80390625 0.7 0.0203125 0.05
1 0.72421875 0.68359375 0.0203125 0.0484375
1 0.690625 0.6359375 0.0234375 0.0578125
1 0.66875 0.609375 0.021875 0.0609375
1 0.58984375 0.6953125 0.015625 0.0390625
1 0.53828125 0.746875 0.0140625 0.0390625
1 0.5671875 0.67890625 0.015625 0.053125
1 0.9765625 0.70234375 0.01875 0.0578125
0 0.8734375 0.5265625 0.01875 0.0234375