1 0.31484375 0.4546875 0.04375 0.0125
1 0.28125 0.23359375 0.040625 0.015625
1 0.03046875 0.37421875 0.0609375 0.0265625
1 0.0828125 0.14453125 0.071875 0.0234375
1 0.1859375 0.01875 0.059375 0.025
1 0.2421875 0.06796875 0.0578125 0.01875
1 0.2890625 0.0375 0.05625 0.009375
1 0.2453125 0.02890625 0.0515625 0.009375
1 0.3171875 0.1984375 0.059375 0.021875
1 0.3625 0.30234375 0.040625 0.0140625
1 0.36640625 0.2046875 0.040625 0.0125
1 0.346875 0.18125 0.04375 0.015625
1 0.34765625 0.1671875 0.0453125 0.015625
1 0.378125 0.128125 0.046875 0.0109375
1 0.76171875 0.35234375 0.06875 0.015625
1 0.86640625 0.38515625 0.0609375 0.0203125
1 0.8890625 0.36015625 0.053125 0.0140625
1 0.909375 0.37421875 0.053125 0.0140625
1 0.95078125 0.3609375 0.0390625 0.0140625
1 0.91875 0.3078125 0.053125 0.0140625
1 0.95078125 0.25078125 0.040625 0.0109375
1 0.9703125 0.19296875 0.04375 0.0109375
1 0.94140625 0.171875 0.046875 0.0125
1 0.9234375 0.18984375 0.059375 0.0140625
1 0.8984375 0.21953125 0.04375 0.0125
1 0.9078125 0.1421875 0.05 0.01875
1 0.83125 0.1453125 0.053125 0.015625
1 0.87421875 0.040625 0.053125 0.0125
1 0.93984375 0.02578125 0.05 0.009375
1 0.9515625 0.02265625 0.040625 0.009375
1 0.0796875 0.9296875 0.0875 0.0203125
1 0.30078125 0.92265625 0.0765625 0.01875
1 0.29375 0.7953125 0.0796875 0.021875
1 0.27734375 0.546875 0.078125 0.0203125
1 0.46875 0.8625 0.05 0.0125
1 0.49453125 0.58671875 0.0609375 0.015625
1 0.584375 0.5921875 0.040625 0.0125
1 0.309375 0.96875 0.065625 0.01875
1 0.5359375 0.9671875 0.05625 0.0203125
1 0.58671875 0.9015625 0.0453125 0.0125
1 0.81640625 0.59765625 0.05625 0.0125
1 0.8421875 0.5859375 0.059375 0.0125
1 0.8640625 0.63671875 0.05 0.0125
1 0.8890625 0.6484375 0.046875 0.0125
1 0.9078125 0.68046875 0.05 0.015625
1 0.87421875 0.72890625 0.040625 0.0125
1 0.8484375 0.74375 0.053125 0.009375
1 0.73984375 0.6265625 0.06875 0.015625
1 0.72578125 0.8671875 0.0625 0.0125
1 0.76953125 0.9546875 0.065625 0.0140625
1 0.80703125 0.88671875 0.0625 0.0125
1 0.93515625 0.92734375 0.04375 0.0125
1 0.91875 0.88046875 0.0375 0.0125
1 0.8890625 0.8515625 0.053125 0.0125
1 0.9515625 0.884375 0.046875 0.0125