1 0.38203125 0.09140625 0.04375 0.0140625
1 0.340625 0.31171875 0.040625 0.0171875
1 0.075 0.16171875 0.103125 0.0296875
1 0.13984375 0.39375 0.071875 0.0265625
1 0.1359375 0.62265625 0.078125 0.021875
1 0.23828125 0.52265625 0.0609375 0.0265625
1 0.2421875 0.58984375 0.0609375 0.025
1 0.29609375 0.47578125 0.0578125 0.0203125
1 0.3421875 0.5078125 0.05625 0.0109375
1 0.29765625 0.51484375 0.0515625 0.0109375
1 0.37578125 0.34765625 0.059375 0.0234375
1 0.42421875 0.2453125 0.040625 0.015625
1 0.425 0.34296875 0.040625 0.0140625
1 0.4046875 0.365625 0.04375 0.0171875
1 0.4046875 0.3796875 0.0453125 0.0171875
1 0.434375 0.4203125 0.046875 0.0125
1 0.80859375 0.67734375 0.0609375 0.0046875
1 0.71875 0.64921875 0.0734375 0.0234375
1 0.7390625 0.61484375 0.0734375 0.028125
1 0.7984375 0.62109375 0.05625 0.0171875
1 0.7984375 0.57734375 0.065625 0.0140625
1 0.87265625 0.5421875 0.05625 0.015625
1 0.85625 0.46328125 0.05625 0.021875
1 0.8765625 0.43515625 0.05625 0.0171875
1 0.7140625 0.3890625 0.075 0.025
1 0.74609375 0.2640625 0.059375 0.0171875
1 0.57265625 0.32109375 0.09375 0.0234375
0 0.69765625 0.6640625 0.0171875 0.009375
1 0.690625 0.06875 0.078125 0.021875
1 0.77421875 0.1359375 0.071875 0.0140625
1 0.80078125 0.1234375 0.06875 0.0203125
1 0.01796875 0.9421875 0.0359375 0.01875
1 0.20703125 0.95078125 0.05625 0.0140625
1 0.20546875 0.71796875 0.059375 0.0125
0 0.1984375 0.89765625 0.0125 0.00625
1 0.60546875 0.99765625 0.0953125 0.0046875
1 0.825 0.93203125 0.078125 0.01875
1 0.8734375 0.86875 0.065625 0.0140625
1 0.78203125 0.8109375 0.0875 0.025
1 0.8875 0.71484375 0.0625 0.01875
1 0.9375 0.8265625 0.0625 0.0171875
1 0.946875 0.90859375 0.053125 0.0125