1 0.42890625 0.10859375 0.0140625 0.0734375
1 0.36875 0.1328125 0.0140625 0.078125
1 0.25078125 0.14140625 0.0171875 0.06875
1 0.20859375 0.02734375 0.0203125 0.0546875
1 0.17109375 0.01796875 0.0203125 0.0359375
1 0.13515625 0.10078125 0.0171875 0.0625
0 0.04609375 0.70546875 0.00625 0.009375
0 0.13046875 0.63203125 0.0046875 0.009375
0 0.13515625 0.55390625 0.0046875 0.009375
0 0.00234375 0.47890625 0.003125 0.0078125
0 0.0171875 0.5109375 0.0046875 0.009375
0 0.1390625 0.4046875 0.003125 0.0109375
0 0.2328125 0.43828125 0.0046875 0.0125
0 0.1515625 0.4203125 0.00625 0.009375
1 0.06171875 0.46328125 0.0140625 0.05
1 0.07109375 0.43359375 0.0078125 0.04375
1 0.1578125 0.4640625 0.0125 0.0484375
1 0.21640625 0.553125 0.0140625 0.0515625
1 0.0046875 0.60390625 0.009375 0.0609375
1 0.2 0.70625 0.0125 0.0625
1 0.2921875 0.721875 0.0171875 0.0671875
1 0.1515625 0.38828125 0.0109375 0.040625
1 0.37578125 0.48046875 0.0171875 0.05
1 0.9890625 0.428125 0.0109375 0.05625
1 0.9734375 0.52109375 0.009375 0.06875
1 0.92890625 0.5484375 0.0171875 0.078125
1 0.75234375 0.5046875 0.015625 0.059375
1 0.75234375 0.446875 0.0125 0.05
1 0.5796875 0.48671875 0.0171875 0.059375
1 0.61640625 0.53046875 0.0234375 0.0625
1 0.63359375 0.54921875 0.0203125 0.06875
1 0.69140625 0.66328125 0.0265625 0.09375
1 0.50390625 0.6328125 0.0265625 0.09375