1 0.3921875 0.328125 0.015625 0.06875
1 0.34765625 0.528125 0.0203125 0.04375
1 0.25546875 0.540625 0.0171875 0.01875
1 0.16171875 0.4828125 0.0171875 0.0515625
1 0.1453125 0.48515625 0.0171875 0.046875
1 0.00546875 0.46015625 0.0109375 0.0609375
1 0.01015625 0.3015625 0.0203125 0.0796875
1 0.12890625 0.30390625 0.0234375 0.0703125
1 0.16015625 0.425 0.025 0.0640625
1 0.19609375 0.446875 0.025 0.0640625
1 0.23984375 0.35390625 0.021875 0.0640625
0 0.725 0.51328125 0.00625 0.0109375
1 0.4421875 0.5390625 0.015625 0.021875
1 0.53125 0.51328125 0.01875 0.0546875
1 0.55546875 0.5375 0.0171875 0.025
1 0.61171875 0.5453125 0.0140625 0.009375
1 0.61875 0.525 0.015625 0.05
1 0.640625 0.5390625 0.0125 0.021875
1 0.678125 0.47734375 0.0265625 0.0578125
1 0.76171875 0.5015625 0.0203125 0.05
1 0.7265625 0.5296875 0.021875 0.040625
1 0.79296875 0.5328125 0.0171875 0.034375
1 0.77734375 0.5390625 0.0171875 0.021875
1 0.76328125 0.5421875 0.0109375 0.015625
1 0.75859375 0.54375 0.0109375 0.0125
1 0.99296875 0.540625 0.0140625 0.01875
1 0.27578125 0.990625 0.0171875 0.01875
1 0.15859375 0.98671875 0.0171875 0.0265625
1 0.07421875 0.9703125 0.0265625 0.059375
0 0.44609375 0.76171875 0.0140625 0.028125
1 0.55078125 0.70078125 0.025 0.0890625
1 0.56953125 0.721875 0.021875 0.0921875
1 0.62734375 0.92578125 0.0203125 0.0703125
1 0.5828125 0.9703125 0.021875 0.059375
1 0.66953125 0.9171875 0.025 0.065625
1 0.8625 0.88203125 0.025 0.0796875
1 0.9140625 0.8765625 0.0234375 0.0734375
1 0.990625 0.85546875 0.01875 0.0828125
1 0.99140625 0.59140625 0.0171875 0.0828125
1 0.91171875 0.96640625 0.021875 0.0671875
1 0.9484375 0.97109375 0.025 0.0578125