0 0.45 0.19453125 0.0125 0.0078125
1 0.14609375 0.36015625 0.0828125 0.028125
1 0.25078125 0.45546875 0.06875 0.0203125
1 0.428125 0.3703125 0.0546875 0.0234375
1 0.5390625 0.3796875 0.0390625 0.0140625
1 0.4921875 0.4453125 0.0515625 0.0203125
1 0.45234375 0.5015625 0.046875 0.0203125
1 0.4015625 0.1984375 0.0515625 0.0140625
1 0.33203125 0.009375 0.0671875 0.01875
1 0.48046875 0.12421875 0.0515625 0.015625
1 0.4734375 0.2046875 0.03125 0.015625
1 0.4625 0.21796875 0.0421875 0.0171875
1 0.9765625 0.46875 0.046875 0.025
1 0.7796875 0.47421875 0.0890625 0.025
1 0.88828125 0.3375 0.06875 0.025
1 0.88671875 0.23125 0.075 0.0265625
1 0.74921875 0.10234375 0.09375 0.0265625
1 0.96640625 0.00390625 0.0671875 0.0078125
1 0.990625 0.00703125 0.01875 0.0140625
1 0.85859375 0.10234375 0.0671875 0.025
1 0.871875 0.0953125 0.078125 0.0390625
1 0.8734375 0.1390625 0.0796875 0.0234375
1 0.96484375 0.16875 0.0703125 0.025
0 0.82890625 0.10078125 0.0171875 0.0109375
1 0.5015625 0.70390625 0.0546875 0.0203125
1 0.52109375 0.79609375 0.0484375 0.0171875
1 0.54296875 0.8140625 0.0453125 0.0140625
1 0.45625 0.79765625 0.046875 0.015625
1 0.553125 0.95625 0.046875 0.0140625
1 0.51484375 0.984375 0.0484375 0.0171875
1 0.9765625 0.66015625 0.046875 0.0234375
1 0.95703125 0.75234375 0.065625 0.021875