0 0.44140625 0.24296875 0.025 0.0109375
1 0.3 0.0390625 0.0890625 0.0296875
1 0.3578125 0.003125 0.046875 0.00625
1 0.3515625 0.09921875 0.0765625 0.021875
1 0.32421875 0.10625 0.0859375 0.0234375
1 0.48359375 0.24375 0.1015625 0.025
1 0.3390625 0.26015625 0.0734375 0.021875
1 0.3046875 0.353125 0.0703125 0.021875
1 0.3953125 0.4953125 0.0890625 0.0234375
1 0.19140625 0.35546875 0.0609375 0.0171875
1 0.1171875 0.2984375 0.0625 0.015625
1 0.165625 0.0734375 0.0578125 0.0171875
1 0.13125 0.05 0.0609375 0.0171875
1 0.09140625 0.02890625 0.05625 0.0140625
1 0.55546875 0.22734375 0.0328125 0.0234375
1 0.59140625 0.4671875 0.0734375 0.025
0 0.37578125 0.87890625 0.0109375 0.00625
0 0.30546875 0.8359375 0.009375 0.0078125
0 0.253125 0.75703125 0.0109375 0.0078125
0 0.32890625 0.73203125 0.009375 0.0078125
0 0.41328125 0.77890625 0.0109375 0.0078125
0 0.50546875 0.796875 0.009375 0.0078125
0 0.4859375 0.69921875 0.0078125 0.0046875
0 0.47578125 0.53984375 0.009375 0.0078125
0 0.371875 0.56875 0.0125 0.0078125
0 0.3203125 0.64375 0.0078125 0.00625
0 0.253125 0.628125 0.0125 0.0046875
0 0.2921875 0.571875 0.009375 0.00625
1 0.2390625 0.7796875 0.05 0.0171875
1 0.21953125 0.72109375 0.040625 0.0125
1 0.21796875 0.70390625 0.0484375 0.0125
1 0.2453125 0.67109375 0.0453125 0.01875
1 0.28515625 0.6984375 0.0578125 0.01875
1 0.27890625 0.68359375 0.0546875 0.0203125
1 0.409375 0.665625 0.0828125 0.025
1 0.41328125 0.61953125 0.06875 0.03125
1 0.284375 0.5453125 0.05625 0.015625
1 0.2890625 0.521875 0.053125 0.00625
1 0.753125 0.69921875 0.0890625 0.0265625
1 0.6421875 0.68515625 0.0921875 0.028125
1 0.68203125 0.64765625 0.0859375 0.0234375
1 0.58671875 0.9421875 0.06875 0.0171875
1 0.57890625 0.946875 0.0671875 0.01875