0 0.18984375 0.03125 0.0265625 0.015625
1 0.23203125 0.02578125 0.1015625 0.0390625
1 0.09140625 0.06484375 0.0734375 0.0328125
1 0.071875 0.16171875 0.0703125 0.03125
1 0.184375 0.28828125 0.0890625 0.0359375
1 0.17578125 0.4640625 0.09375 0.04375
1 0.49296875 0.02109375 0.0421875 0.021875
1 0.52890625 0.034375 0.0421875 0.0203125
1 0.58046875 0.053125 0.0453125 0.0203125
1 0.58046875 0.03515625 0.0453125 0.0234375
1 0.734375 0.06484375 0.053125 0.028125
1 0.6484375 0.1875 0.0484375 0.0234375
1 0.540625 0.19609375 0.0390625 0.021875
1 0.75078125 0.31328125 0.053125 0.0265625
1 0.76875 0.25859375 0.0484375 0.0234375
1 0.8328125 0.2125 0.05 0.0265625
1 0.8671875 0.290625 0.0546875 0.028125
1 0.8 0.3359375 0.0546875 0.0234375
1 0.75703125 0.39609375 0.0546875 0.028125
1 0.52265625 0.97265625 0.0625 0.0296875
1 0.50703125 0.865625 0.065625 0.028125
1 0.3375 0.91875 0.0421875 0.021875
1 0.3203125 0.9515625 0.021875 0.01875
1 0.346875 0.8734375 0.0484375 0.0234375
1 0.3171875 0.73203125 0.015625 0.0203125
1 0.321875 0.59375 0.025 0.021875