1 0.29609375 0.5109375 0.0671875 0.015625
1 0.259375 0.5015625 0.0703125 0.025
1 0.29921875 0.4171875 0.0609375 0.0375
1 0.31953125 0.3453125 0.0203125 0.028125
1 0.30390625 0.34609375 0.0515625 0.0296875
1 0.29375 0.19375 0.071875 0.028125
1 0.23828125 0.11328125 0.0703125 0.0265625
1 0.12734375 0.13984375 0.0609375 0.021875
1 0.07109375 0.2140625 0.0640625 0.021875
1 0.17578125 0.41953125 0.0578125 0.021875
1 0.14921875 0.45 0.0609375 0.021875
1 0.115625 0.48203125 0.05625 0.01875
1 0.728125 0.28203125 0.0515625 0.0265625
1 0.690625 0.24921875 0.0421875 0.021875
1 0.64140625 0.1453125 0.0421875 0.025
1 0.63515625 0.0796875 0.040625 0.0171875
1 0.6109375 0.0296875 0.0375 0.015625
1 0.59453125 0.00703125 0.0359375 0.0140625
1 0.671875 0.02421875 0.0484375 0.021875
1 0.759375 0.00703125 0.0625 0.0140625
0 0.63203125 0.0890625 0.0109375 0.0078125
1 0.1703125 0.8875 0.0703125 0.0296875
1 0.12265625 0.8125 0.0640625 0.0265625
1 0.0234375 0.80234375 0.046875 0.0203125
1 0.0875 0.6671875 0.0640625 0.0234375
1 0.09765625 0.6953125 0.0578125 0.025
1 0.1625 0.6328125 0.0703125 0.0265625
1 0.153125 0.57109375 0.065625 0.0328125
1 0.05625 0.5875 0.0578125 0.025
1 0.04609375 0.5546875 0.059375 0.034375
0 0.4828125 0.8953125 0.0140625 0.0078125
1 0.465625 0.90546875 0.05625 0.01875
1 0.55078125 0.8359375 0.0640625 0.0265625
1 0.525 0.7765625 0.0578125 0.025
1 0.46953125 0.778125 0.05625 0.0171875
1 0.37421875 0.74296875 0.053125 0.015625
1 0.3453125 0.70078125 0.03125 0.0203125
1 0.36171875 0.671875 0.05 0.0203125
1 0.43125 0.69375 0.0515625 0.0203125
1 0.453125 0.6984375 0.046875 0.0171875
1 0.45390625 0.5296875 0.0546875 0.021875