1 0.0203125 0.271875 0.040625 0.021875
1 0.02109375 0.5453125 0.0421875 0.021875
1 0.1 0.48828125 0.0546875 0.021875
1 0.0953125 0.465625 0.0484375 0.021875
1 0.709375 0.7046875 0.065625 0.009375
1 0.8046875 0.65625 0.0875 0.0296875
1 0.6296875 0.65234375 0.0640625 0.0265625
1 0.59453125 0.62265625 0.0640625 0.0265625
1 0.70078125 0.59375 0.0515625 0.021875
1 0.565625 0.43984375 0.05625 0.0203125
1 0.62109375 0.39296875 0.0578125 0.025
1 0.69296875 0.28671875 0.0671875 0.025
1 0.746875 0.24453125 0.0640625 0.025
1 0.815625 0.30625 0.0859375 0.034375
1 0.70078125 0.153125 0.0671875 0.028125
1 0.71484375 0.1203125 0.0625 0.0203125
1 0.83671875 0.0578125 0.078125 0.0234375
1 0.8265625 0.04296875 0.075 0.025
1 0.9109375 0.084375 0.0890625 0.03125
1 0.96953125 0.12890625 0.0609375 0.0296875
1 0.39375 0.80859375 0.0453125 0.0171875
1 0.67578125 0.7453125 0.0796875 0.0328125