0 0.21796875 0.0015625 0.0203125 0.003125
1 0.23359375 0.01875 0.0546875 0.01875
1 0.1390625 0.03984375 0.0453125 0.0203125
1 0.1203125 0.18984375 0.05 0.0203125
1 0.04453125 0.1921875 0.0390625 0.015625
1 0.02890625 0.14609375 0.0453125 0.0171875
1 0.009375 0.2265625 0.01875 0.01875
1 0.01484375 0.203125 0.0296875 0.015625
1 0.08984375 0.27109375 0.0484375 0.0171875
1 0.03359375 0.3484375 0.053125 0.015625
1 0.1578125 0.3828125 0.0484375 0.0203125
1 0.04453125 0.43046875 0.0453125 0.0203125
1 0.02109375 0.59765625 0.0421875 0.0203125
1 0.03515625 0.6671875 0.0484375 0.015625
1 0.11171875 0.634375 0.05 0.0171875
1 0.1125 0.7046875 0.046875 0.009375
1 0.1640625 0.65625 0.05 0.0203125
1 0.2453125 0.596875 0.0546875 0.021875
1 0.2390625 0.57421875 0.0484375 0.0203125
0 0.83984375 0.1765625 0.0234375 0.0140625
1 0.96015625 0.50078125 0.0796875 0.0359375
1 0.9859375 0.47421875 0.028125 0.0296875
1 0.98359375 0.215625 0.0328125 0.03125
1 0.978125 0.0765625 0.04375 0.028125
1 0.87265625 0.18984375 0.065625 0.0234375
1 0.784375 0.21484375 0.0546875 0.025
1 0.7125 0.34375 0.0484375 0.0171875
1 0.78046875 0.38125 0.065625 0.0296875
1 0.74765625 0.52265625 0.0640625 0.0234375
1 0.7609375 0.6796875 0.0640625 0.0265625
1 0.71328125 0.17421875 0.0421875 0.015625
1 0.7890625 0.14609375 0.0546875 0.01875
1 0.72734375 0.134375 0.0484375 0.0203125
1 0.79140625 0.0796875 0.0484375 0.021875
1 0.8140625 0.065625 0.0609375 0.021875
1 0.84921875 0.0390625 0.0640625 0.0234375
1 0.40390625 0.8578125 0.0546875 0.01875
1 0.3046875 0.9140625 0.040625 0.015625
1 0.4734375 0.89921875 0.0421875 0.021875
1 0.6953125 0.9640625 0.046875 0.0203125
1 0.71796875 0.96015625 0.05625 0.021875
1 0.840625 0.96015625 0.0640625 0.0234375
1 0.9421875 0.8984375 0.0734375 0.0296875
1 0.59296875 0.828125 0.0484375 0.01875
1 0.58515625 0.8109375 0.0546875 0.0265625