1 0.10234375 0.478125 0.0140625 0.0484375
1 0.115625 0.553125 0.0109375 0.0375
1 0.071875 0.575 0.0109375 0.04375
1 0.15546875 0.5921875 0.0140625 0.0375
1 0.13125 0.58515625 0.0109375 0.0375
1 0.18671875 0.49765625 0.0109375 0.046875
1 0.21953125 0.6046875 0.0109375 0.0375
1 0.23125 0.60234375 0.0109375 0.03125
1 0.27109375 0.54296875 0.0078125 0.053125
1 0.28828125 0.4140625 0.0140625 0.046875
1 0.35078125 0.5203125 0.0140625 0.04375
1 0.51953125 0.52109375 0.0140625 0.04375
1 0.52734375 0.5796875 0.0140625 0.034375
1 0.54375 0.42578125 0.0109375 0.0484375
1 0.5546875 0.36953125 0.009375 0.0484375
1 0.4875 0.2984375 0.0140625 0.053125
1 0.46640625 0.30703125 0.0140625 0.046875
1 0.5859375 0.31015625 0.0171875 0.0671875
1 0.63828125 0.42421875 0.0171875 0.0625
1 0.65703125 0.34296875 0.0171875 0.0734375
1 0.5984375 0.57890625 0.015625 0.0453125
1 0.78671875 0.603125 0.0171875 0.04375
1 0.7875 0.61875 0.015625 0.046875
1 0.8140625 0.559375 0.0171875 0.0625
1 0.8375 0.3359375 0.0265625 0.0671875
1 0.98984375 0.328125 0.0203125 0.0625
1 0.98828125 0.34140625 0.0234375 0.0578125
1 0.2078125 0.94375 0.021875 0.0953125
1 0.5984375 0.70703125 0.01875 0.0359375
1 0.9390625 0.70859375 0.015625 0.0390625
1 0.93046875 0.7125 0.0140625 0.046875
1 0.95625 0.71875 0.0125 0.059375
1 0.9765625 0.72265625 0.015625 0.0671875
1 0.96953125 0.7234375 0.0171875 0.06875
1 0.9875 0.71328125 0.015625 0.0484375