0 0.13515625 0.38828125 0.0171875 0.0109375
1 0.00625 0.05390625 0.0125 0.0203125
1 0.0515625 0.05390625 0.0671875 0.0203125
1 0.04296875 0.14296875 0.0640625 0.0203125
1 0.0609375 0.09140625 0.0515625 0.01875
1 0.11171875 0.19296875 0.0671875 0.0265625
1 0.01953125 0.196875 0.0390625 0.01875
1 0.0203125 0.23828125 0.040625 0.0234375
1 0.10859375 0.41640625 0.065625 0.0203125
1 0.22421875 0.3640625 0.0828125 0.025
1 0.0421875 0.4015625 0.0546875 0.0203125
1 0.02265625 0.38515625 0.0453125 0.0171875
1 0.03515625 0.509375 0.0625 0.0234375
0 0.8203125 0.63203125 0.0125 0.0078125
1 0.8046875 0.6375 0.046875 0.015625
1 0.940625 0.7046875 0.0546875 0.0171875
1 0.8671875 0.57265625 0.0546875 0.025
1 0.82734375 0.50859375 0.0484375 0.021875
1 0.815625 0.45390625 0.0390625 0.0140625
1 0.746875 0.52109375 0.0359375 0.015625
1 0.7765625 0.61171875 0.0453125 0.0171875
1 0.7234375 0.70703125 0.0390625 0.015625
1 0.6953125 0.584375 0.0390625 0.015625
1 0.72265625 0.51015625 0.0359375 0.0140625
1 0.61640625 0.38828125 0.034375 0.0125
1 0.678125 0.3796875 0.0359375 0.0140625
1 0.76796875 0.3359375 0.0390625 0.0171875
1 0.8015625 0.3328125 0.046875 0.0171875
1 0.9171875 0.34375 0.0640625 0.01875
1 0.875 0.271875 0.0640625 0.0234375
1 0.7734375 0.1859375 0.053125 0.015625
1 0.70859375 0.209375 0.0484375 0.0203125
1 0.67265625 0.21328125 0.0453125 0.0140625
1 0.66796875 0.2734375 0.040625 0.0171875
1 0.71328125 0.18203125 0.0421875 0.0140625
1 0.05859375 0.91328125 0.053125 0.0203125
1 0.03671875 0.79765625 0.0515625 0.0203125
1 0.01328125 0.76796875 0.0265625 0.0109375
1 0.74296875 0.7328125 0.0453125 0.00625
1 0.71015625 0.765625 0.0546875 0.01875
1 0.85859375 0.8828125 0.0515625 0.01875
1 0.77734375 0.9828125 0.0578125 0.021875
1 0.69453125 0.95078125 0.0421875 0.0171875