1 0.44921875 0.28984375 0.0296875 0.0625
1 0.22890625 0.225 0.0234375 0.0609375
1 0.23359375 0.15546875 0.025 0.0671875
1 0.203125 0.23515625 0.0203125 0.0515625
1 0.18203125 0.2421875 0.01875 0.0515625
1 0.15703125 0.2578125 0.0171875 0.0453125
1 0.146875 0.27734375 0.0171875 0.0453125
1 0.13828125 0.25078125 0.0234375 0.0453125
1 0.14453125 0.1578125 0.0234375 0.0640625
1 0.196875 0.14375 0.021875 0.0515625
1 0.09921875 0.0859375 0.03125 0.06875
1 0.0875 0.18828125 0.021875 0.0609375
1 0.078125 0.22578125 0.0203125 0.05625
1 0.046875 0.1828125 0.0265625 0.0609375
1 0.86328125 0.428125 0.0296875 0.04375
1 0.61015625 0.3421875 0.0296875 0.0703125
1 0.7109375 0.040625 0.034375 0.08125
0 0.32734375 0.59140625 0.0140625 0.0265625
1 0.45703125 0.69609375 0.0234375 0.0765625
1 0.45078125 0.721875 0.03125 0.0859375
1 0.33046875 0.5484375 0.034375 0.1015625
1 0.29921875 0.69140625 0.0296875 0.0734375
1 0.203125 0.715625 0.028125 0.0703125
1 0.07109375 0.6109375 0.0328125 0.0890625
1 0.00625 0.83671875 0.0125 0.0609375
1 0.18828125 0.828125 0.0234375 0.0609375
1 0.2375 0.9078125 0.0234375 0.0640625
1 0.46171875 0.88359375 0.0140625 0.0578125
1 0.8484375 0.671875 0.0359375 0.0796875
1 0.715625 0.78203125 0.03125 0.0703125
1 0.64609375 0.68828125 0.0390625 0.08125
1 0.5953125 0.5296875 0.040625 0.0875
1 0.63828125 0.509375 0.0296875 0.0734375
1 0.7859375 0.51484375 0.03125 0.078125
1 0.8359375 0.4734375 0.034375 0.046875
1 0.5328125 0.53359375 0.040625 0.0875
1 0.5046875 0.53515625 0.0390625 0.078125
1 0.47890625 0.72734375 0.0203125 0.0609375