0 0.45625 0.346875 0.015625 0.009375
1 0.48671875 0.32265625 0.0640625 0.0140625
1 0.36484375 0.35703125 0.08125 0.01875
1 0.7078125 0.49921875 0.059375 0.0140625
1 0.78359375 0.459375 0.046875 0.0140625
1 0.69140625 0.3796875 0.05625 0.015625
1 0.7515625 0.1453125 0.05625 0.0140625
1 0.9015625 0.19765625 0.05 0.0140625
1 0.884375 0.253125 0.053125 0.0140625
1 0.8734375 0.3109375 0.046875 0.0125
1 0.8984375 0.36015625 0.040625 0.0109375
1 0.96875 0.37890625 0.04375 0.0140625
1 0.984375 0.32265625 0.03125 0.0140625
1 0.98828125 0.48828125 0.0234375 0.0109375
1 0.94453125 0.49609375 0.040625 0.0109375
1 0.8640625 0.48515625 0.046875 0.0109375
1 0.84609375 0.46875 0.046875 0.0171875
1 0.10390625 0.6796875 0.040625 0.015625
1 0.19140625 0.72265625 0.03125 0.0078125
1 0.175 0.65390625 0.034375 0.0078125
1 0.23984375 0.6234375 0.025 0.0078125
1 0.221875 0.52734375 0.0328125 0.0078125
1 0.140625 0.5109375 0.034375 0.003125
1 0.2859375 0.5890625 0.025 0.0078125
1 0.2671875 0.59765625 0.0265625 0.0109375
1 0.34453125 0.6 0.021875 0.009375
1 0.315625 0.55546875 0.021875 0.0078125
1 0.31796875 0.75 0.021875 0.00625
1 0.33359375 0.83359375 0.01875 0.00625
1 0.31484375 0.871875 0.021875 0.00625
1 0.209375 0.95078125 0.0234375 0.0078125
0 0.221875 0.7375 0.015625 0.009375
0 0.27421875 0.89453125 0.0109375 0.0046875
0 0.23203125 0.61640625 0.00625 0.00625
0 0.26640625 0.5921875 0.0125 0.00625
1 0.62109375 0.8296875 0.090625 0.021875
1 0.803125 0.68125 0.0625 0.0140625
1 0.82734375 0.73203125 0.0625 0.015625
1 0.878125 0.7375 0.046875 0.0109375
1 0.8671875 0.8359375 0.0640625 0.0140625
1 0.84765625 0.9 0.065625 0.0109375
1 0.978125 0.9953125 0.040625 0.009375
1 0.928125 0.9390625 0.040625 0.0109375
1 0.98984375 0.87265625 0.0203125 0.0140625
1 0.99375 0.64453125 0.0125 0.0140625
1 0.93671875 0.68984375 0.05 0.0109375
1 0.959375 0.79609375 0.053125 0.0109375