1 0.240625 0.53671875 0.028125 0.0640625
1 0.1234375 0.54296875 0.0265625 0.065625
1 0.1359375 0.496875 0.025 0.0625
1 0.1578125 0.48046875 0.028125 0.0609375
1 0.20859375 0.35546875 0.03125 0.0734375
1 0.28671875 0.32109375 0.0375 0.0765625
1 0.38203125 0.36484375 0.025 0.0625
1 0.415625 0.3875 0.0390625 0.0796875
1 0.3703125 0.4359375 0.03125 0.0640625
1 0.41875 0.48828125 0.0234375 0.053125
1 0.42421875 0.57421875 0.028125 0.0578125
1 0.590625 0.49921875 0.025 0.0484375
1 0.64765625 0.453125 0.028125 0.0546875
1 0.6921875 0.48125 0.0296875 0.05625
1 0.64609375 0.353125 0.034375 0.0703125
1 0.615625 0.3984375 0.0265625 0.0546875
1 0.61171875 0.41015625 0.034375 0.06875
1 0.471875 0.25234375 0.040625 0.0890625
1 0.91875 0.16328125 0.0390625 0.0796875
1 0.98359375 0.37734375 0.0328125 0.0796875
1 0.8078125 0.35625 0.0328125 0.08125
1 0.79140625 0.34296875 0.03125 0.075
1 0.0453125 0.671875 0.04375 0.065625
1 0.015625 0.70859375 0.03125 0.0921875
1 0.08046875 0.68671875 0.0421875 0.084375
1 0.0828125 0.73515625 0.0421875 0.0875
1 0.140625 0.77109375 0.0453125 0.0828125
1 0.1453125 0.66953125 0.046875 0.0609375
1 0.18671875 0.7046875 0.03125 0.0734375
1 0.20078125 0.7078125 0.0421875 0.0890625
1 0.2765625 0.7359375 0.0453125 0.0828125
1 0.29765625 0.72421875 0.034375 0.0671875
1 0.309375 0.696875 0.04375 0.0703125
1 0.4140625 0.6703125 0.0375 0.0625
1 0.85 0.6734375 0.028125 0.0546875
1 0.76015625 0.74921875 0.0296875 0.0578125
1 0.74296875 0.78671875 0.0234375 0.05625
1 0.79765625 0.853125 0.01875 0.0390625
1 0.76171875 0.9265625 0.021875 0.0484375
1 0.79453125 0.95234375 0.0203125 0.0421875
1 0.85546875 0.8546875 0.021875 0.05
1 0.99140625 0.85078125 0.0171875 0.0453125
1 0.996875 0.7578125 0.00625 0.05625