1 0.04296875 0.33125 0.0625 0.015625
1 0.22734375 0.32421875 0.071875 0.015625
1 0.2453125 0.240625 0.0765625 0.021875
1 0.18203125 0.15703125 0.0625 0.0125
1 0.153125 0.12890625 0.0796875 0.0234375
1 0.11484375 0.18359375 0.0625 0.01875
1 0.05390625 0.146875 0.053125 0.0125
1 0.2734375 0.04609375 0.0890625 0.0234375
1 0.6953125 0.15078125 0.05 0.021875
1 0.66640625 0.11015625 0.040625 0.0171875
1 0.640625 0.00390625 0.040625 0.0078125
0 0.20625 0.7859375 0.01875 0.0109375
1 0.29921875 0.9265625 0.0765625 0.021875
1 0.17890625 0.8125 0.0625 0.01875
1 0.34140625 0.765625 0.0796875 0.01875
1 0.3171875 0.7203125 0.0765625 0.021875
1 0.39296875 0.6234375 0.0859375 0.0234375
1 0.39921875 0.45546875 0.08125 0.0265625
1 0.6 0.52265625 0.0375 0.0328125
1 0.2453125 0.3890625 0.0640625 0.01875
1 0.15859375 0.41953125 0.05625 0.0140625
1 0.9875 0.66640625 0.025 0.0140625
1 0.9875 0.8875 0.025 0.0125