1 0.5359375 0.459375 0.0484375 0.025
1 0.5234375 0.3875 0.0546875 0.028125
1 0.5703125 0.36171875 0.05625 0.0296875
1 0.53515625 0.2859375 0.0640625 0.0296875
1 0.4578125 0.1921875 0.078125 0.040625
1 0.43515625 0.340625 0.0703125 0.0328125
1 0.46015625 0.3890625 0.0546875 0.0265625
1 0.46875 0.39765625 0.06875 0.034375
1 0.26328125 0.44375 0.0890625 0.0390625
1 0.903125 0.096875 0.0640625 0.0296875
1 0.88359375 0.24375 0.0859375 0.0390625
1 0.91796875 0.5125 0.0609375 0.0296875
0 0.20390625 0.8828125 0.0203125 0.015625
1 0.30078125 0.803125 0.0515625 0.021875
1 0.21953125 0.8984375 0.05 0.0265625
1 0.11796875 0.85546875 0.065625 0.034375
1 0.14609375 0.61796875 0.0703125 0.03125
1 0.25546875 0.74609375 0.053125 0.021875
1 0.33125 0.6890625 0.0546875 0.025
1 0.39375 0.5875 0.0375 0.0234375
1 0.35546875 0.5359375 0.0390625 0.0125
1 0.26796875 0.5546875 0.0546875 0.0265625
1 0.2546875 0.56328125 0.0578125 0.025
0 0.82265625 0.6 0.0078125 0.0046875
1 0.9046875 0.53046875 0.021875 0.0015625
1 0.9109375 0.53515625 0.025 0.0109375
1 0.9 0.53203125 0.021875 0.0046875
1 0.884375 0.53203125 0.028125 0.0046875
1 0.89375 0.53515625 0.028125 0.009375
1 0.896875 0.54375 0.021875 0.009375
1 0.90078125 0.55 0.0265625 0.0125
1 0.8734375 0.68203125 0.025 0.0109375
1 0.81640625 0.69140625 0.025 0.0109375
1 0.84765625 0.69453125 0.0234375 0.0109375
1 0.86015625 0.69296875 0.0234375 0.0109375
1 0.86953125 0.69375 0.021875 0.0078125
1 0.875 0.69140625 0.025 0.009375
1 0.878125 0.7015625 0.0234375 0.009375
1 0.8734375 0.7078125 0.025 0.0125
1 0.859375 0.7078125 0.028125 0.0125