1 0.271875 0.25 0.0265625 0.0671875
1 0.2578125 0.21484375 0.0265625 0.0734375
1 0.14375 0.2296875 0.034375 0.0859375
1 0.08046875 0.1125 0.0234375 0.0640625
1 0.06171875 0.24921875 0.0296875 0.0765625
1 0.08359375 0.328125 0.034375 0.0890625
1 0.046875 0.39140625 0.0265625 0.0734375
1 0.03828125 0.4390625 0.0296875 0.0875
1 0.04921875 0.4484375 0.034375 0.0953125
1 0.109375 0.60390625 0.04375 0.0703125
1 0.2140625 0.54609375 0.0390625 0.10625
1 0.61484375 0.3578125 0.0265625 0.0609375
1 0.53984375 0.30078125 0.028125 0.0515625
1 0.49765625 0.28046875 0.025 0.0546875
1 0.52109375 0.25703125 0.01875 0.0484375
1 0.5125 0.24453125 0.0171875 0.0453125
1 0.5046875 0.21953125 0.021875 0.0484375
1 0.52578125 0.2328125 0.0140625 0.04375
1 0.5375 0.2390625 0.0171875 0.0421875
1 0.54140625 0.2390625 0.01875 0.0453125
1 0.56015625 0.24140625 0.0171875 0.0421875
1 0.5796875 0.240625 0.028125 0.0265625
1 0.59375 0.23671875 0.0234375 0.0421875
1 0.61796875 0.21328125 0.0171875 0.0421875
1 0.659375 0.22578125 0.0203125 0.0453125
1 0.69296875 0.21171875 0.0140625 0.040625
1 0.68046875 0.278125 0.021875 0.0484375
1 0.71484375 0.28515625 0.0171875 0.0453125
1 0.7734375 0.27421875 0.0171875 0.0421875
0 0.68046875 0.2484375 0.0125 0.0171875
1 0.86875 0.2953125 0.0234375 0.053125
1 0.04765625 0.66953125 0.0296875 0.0609375
1 0.02734375 0.6609375 0.0234375 0.04375
1 0.18828125 0.64609375 0.0171875 0.0140625
1 0.2625 0.71796875 0.025 0.0703125
1 0.19609375 0.82890625 0.0296875 0.0859375
1 0.9875 0.784375 0.0234375 0.0609375
1 0.95625 0.84609375 0.0234375 0.0640625
1 0.81484375 0.740625 0.015625 0.0375
1 0.79375 0.73203125 0.0203125 0.05625
1 0.809375 0.70234375 0.015625 0.0390625
1 0.809375 0.6625 0.01875 0.0421875
1 0.6484375 0.68203125 0.01875 0.0484375
1 0.61875 0.66484375 0.021875 0.0515625
0 0.62578125 0.67578125 0.0125 0.0203125
1 0.60078125 0.75 0.025 0.053125
1 0.69609375 0.753125 0.021875 0.0515625
1 0.72421875 0.91015625 0.0265625 0.059375
1 0.61953125 0.9859375 0.0390625 0.028125
1 0.34375 0.7734375 0.034375 0.071875