1 0.27890625 0.1875 0.0859375 0.0296875
1 0.18828125 0.08984375 0.0640625 0.0203125
1 0.32421875 0.11640625 0.0765625 0.0265625
1 0.39140625 0.16328125 0.0890625 0.03125
1 0.46328125 0.14921875 0.0734375 0.021875
1 0.4921875 0.15625 0.053125 0.025
1 0.49375 0.16953125 0.05 0.0296875
1 0.8609375 0.0390625 0.0671875 0.025
1 0.8171875 0.03671875 0.05 0.028125
1 0.74375 0.0359375 0.0421875 0.0234375
1 0.68125 0.08359375 0.0484375 0.021875
1 0.665625 0.1140625 0.0421875 0.025
1 0.62578125 0.15078125 0.03125 0.015625
1 0.65546875 0.2109375 0.0421875 0.021875
1 0.72265625 0.20546875 0.0484375 0.021875
1 0.60859375 0.240625 0.0328125 0.0140625
1 0.6234375 0.2296875 0.046875 0.028125
1 0.365625 0.35 0.0484375 0.021875
1 0.33125 0.3609375 0.04375 0.0109375
1 0.321875 0.3546875 0.0453125 0.015625
1 0.29765625 0.48046875 0.0453125 0.0203125
1 0.2703125 0.51953125 0.0453125 0.01875
1 0.3109375 0.56875 0.0484375 0.01875
1 0.37109375 0.5671875 0.0546875 0.0171875
1 0.31953125 0.60078125 0.046875 0.015625
1 0.4625 0.621875 0.05 0.0125
1 0.4703125 0.6265625 0.0546875 0.0171875
1 0.31953125 0.9671875 0.05625 0.0203125
1 0.378125 0.953125 0.05625 0.021875
1 0.38046875 0.9296875 0.0640625 0.0203125
1 0.7203125 0.940625 0.0734375 0.025
1 0.7296875 0.95390625 0.075 0.021875
1 0.66953125 0.9640625 0.0609375 0.0203125
1 0.6421875 0.9953125 0.075 0.009375
1 0.61015625 0.96953125 0.0515625 0.015625
1 0.60859375 0.91328125 0.0546875 0.021875
1 0.66484375 0.91640625 0.0546875 0.021875
1 0.53515625 0.89375 0.0328125 0.01875
1 0.57421875 0.7109375 0.0453125 0.021875
1 0.6890625 0.6140625 0.0625 0.01875
1 0.746875 0.44375 0.0640625 0.0203125
1 0.7515625 0.4234375 0.065625 0.025
1 0.6859375 0.3921875 0.0578125 0.0203125
1 0.58984375 0.37265625 0.046875 0.0171875
1 0.55 0.37890625 0.0484375 0.01875
1 0.63515625 0.5171875 0.0421875 0.0203125