1 0.046875 0.08046875 0.09375 0.0359375
1 0.009375 0.63203125 0.01875 0.0234375
1 0.01328125 0.61875 0.0265625 0.028125
1 0.125 0.5078125 0.1015625 0.0375
1 0.03671875 0.43125 0.0734375 0.03125
0 0.47578125 0.003125 0.0203125 0.00625
1 0.6125 0.0125 0.08125 0.0234375
1 0.59140625 0.06015625 0.0765625 0.028125
1 0.67421875 0.15078125 0.0859375 0.028125
1 0.69140625 0.31796875 0.08125 0.03125
1 0.92109375 0.23515625 0.10625 0.040625
1 0.89921875 0.53515625 0.0890625 0.028125
1 0.65390625 0.4546875 0.0640625 0.0203125
1 0.54296875 0.39453125 0.065625 0.0234375
1 0.45390625 0.37109375 0.0578125 0.0171875
1 0.53203125 0.45859375 0.0734375 0.021875
1 0.50234375 0.48671875 0.065625 0.0203125
1 0.53203125 0.5140625 0.0703125 0.0234375
1 0.559375 0.540625 0.0625 0.025
1 0.6140625 0.5578125 0.0734375 0.025
1 0.68125 0.52578125 0.078125 0.028125
1 0.75078125 0.584375 0.0765625 0.025
1 0.71484375 0.6078125 0.0796875 0.025
1 0.81953125 0.6671875 0.0859375 0.0265625
1 0.1453125 0.9765625 0.034375 0.0140625
1 0.22265625 0.9921875 0.0421875 0.0140625
1 0.240625 0.99140625 0.046875 0.0140625
1 0.26015625 0.93515625 0.0453125 0.0140625
1 0.27578125 0.90546875 0.0453125 0.0140625
1 0.14453125 0.86875 0.0375 0.0140625
1 0.15546875 0.85078125 0.015625 0.0109375
1 0.175 0.7859375 0.0328125 0.0125
1 0.20859375 0.77265625 0.0421875 0.015625
1 0.13046875 0.7234375 0.0390625 0.0140625
1 0.29296875 0.74921875 0.0140625 0.0203125
0 0.20078125 0.71171875 0.009375 0.00625
0 0.228125 0.78046875 0.0046875 0.003125
1 0.3375 0.97109375 0.0421875 0.0171875
1 0.484375 0.90234375 0.0640625 0.01875
1 0.3625 0.81484375 0.0515625 0.025
1 0.44921875 0.73671875 0.0546875 0.01875
1 0.459375 0.7203125 0.053125 0.01875
1 0.60703125 0.7046875 0.0609375 0.009375