0 0.3 0.2640625 0.015625 0.0109375
1 0.26953125 0.26875 0.05 0.0296875
1 0.28359375 0.25625 0.028125 0.0171875
1 0.34765625 0.265625 0.06875 0.0265625
1 0.3265625 0.1984375 0.0703125 0.03125
1 0.4625 0.21328125 0.0828125 0.034375
1 0.315625 0.16328125 0.0703125 0.028125
1 0.2703125 0.140625 0.0671875 0.028125
1 0.23046875 0.1390625 0.0453125 0.0203125
1 0.240625 0.12421875 0.0515625 0.021875
1 0.28828125 0.1140625 0.0609375 0.0265625
1 0.2359375 0.10390625 0.059375 0.0234375
1 0.2234375 0.0875 0.05625 0.0234375
1 0.3109375 0.0515625 0.06875 0.0234375
1 0.32734375 0.009375 0.0796875 0.01875
1 0.559375 0.165625 0.01875 0.03125
1 0.7328125 0.1125 0.05 0.0265625
1 0.56640625 0.25 0.0328125 0.028125
1 0.40703125 0.40234375 0.0640625 0.0265625
1 0.23828125 0.49921875 0.0546875 0.028125
1 0.13125 0.48984375 0.0578125 0.025
1 0.1328125 0.5203125 0.0421875 0.0234375
1 0.2125 0.66875 0.05 0.0265625
1 0.42734375 0.5484375 0.0859375 0.0390625
1 0.39296875 0.8171875 0.0609375 0.0296875
1 0.4515625 0.95 0.0671875 0.028125
1 0.3671875 0.94921875 0.0609375 0.0296875
1 0.25703125 0.9953125 0.0578125 0.009375
1 0.26640625 0.8328125 0.0515625 0.021875
1 0.28359375 0.77578125 0.0515625 0.021875
1 0.21171875 0.7578125 0.0421875 0.021875
1 0.2015625 0.8328125 0.0421875 0.021875
1 0.134375 0.69140625 0.0453125 0.0234375
1 0.925 0.6578125 0.05 0.0203125
1 0.96484375 0.66171875 0.0515625 0.0265625
1 0.91171875 0.70078125 0.0546875 0.025
1 0.853125 0.73984375 0.05 0.0234375
1 0.959375 0.7859375 0.0515625 0.021875
1 0.97265625 0.8109375 0.053125 0.021875
1 0.89921875 0.996875 0.0359375 0.00625