1 0.11484375 0.02734375 0.0140625 0.0546875
1 0.115625 0.0828125 0.0109375 0.05
1 0.2875 0.03984375 0.015625 0.059375
1 0.25 0.0140625 0.021875 0.028125
0 0.9984375 0.2203125 0.003125 0.01875
1 0.765625 0.41953125 0.009375 0.0203125
1 0.7328125 0.3453125 0.015625 0.0484375
1 0.77890625 0.15234375 0.015625 0.065625
1 0.9125 0.2921875 0.0125 0.05
1 0.38984375 0.53046875 0.01875 0.0765625
1 0.2625 0.5234375 0.021875 0.0796875
1 0.0140625 0.50703125 0.0203125 0.078125
1 0.3296875 0.6984375 0.0125 0.05
1 0.05390625 0.72421875 0.015625 0.0609375
1 0.059375 0.8140625 0.0125 0.040625
1 0.4359375 0.5390625 0.01875 0.065625
1 0.434375 0.765625 0.0203125 0.05625
1 0.36875 0.8265625 0.0125 0.0640625
0 0.9234375 0.74609375 0.0046875 0.009375
1 0.9921875 0.7046875 0.009375 0.053125
1 0.89140625 0.69921875 0.00625 0.053125
1 0.92421875 0.7421875 0.015625 0.04375
1 0.87578125 0.6953125 0.0078125 0.05
1 0.84765625 0.61328125 0.0125 0.05625
1 0.82421875 0.6125 0.0125 0.0609375
1 0.7421875 0.71953125 0.0078125 0.04375
1 0.61796875 0.69609375 0.009375 0.0453125
1 0.61328125 0.6921875 0.0125 0.05
1 0.5828125 0.7125 0.009375 0.04375
1 0.575 0.70390625 0.0125 0.04375
1 0.56640625 0.640625 0.009375 0.053125