1 0.05078125 0.5109375 0.0953125 0.0328125
1 0.04375 0.70078125 0.0875 0.0328125
0 0.49921875 0.29609375 0.0125 0.0078125
1 0.65390625 0.34296875 0.05 0.0171875
1 0.56953125 0.790625 0.0484375 0.0125
1 0.40703125 0.48984375 0.0375 0.0125
1 0.4828125 0.51015625 0.0421875 0.015625
1 0.50390625 0.5078125 0.0453125 0.015625
1 0.5734375 0.53125 0.0484375 0.0140625
1 0.6609375 0.5515625 0.05 0.0203125
1 0.63203125 0.46484375 0.0515625 0.01875
1 0.52421875 0.453125 0.05 0.0140625
1 0.540625 0.42421875 0.0453125 0.0140625
1 0.41015625 0.384375 0.0453125 0.015625
1 0.4203125 0.36484375 0.01875 0.0109375
1 0.8265625 0.128125 0.065625 0.01875
1 0.7875 0.065625 0.0578125 0.0171875
1 0.615625 0.0640625 0.0546875 0.0171875
1 0.4921875 0.08828125 0.04375 0.0125
1 0.525 0.17734375 0.0515625 0.0171875
1 0.578125 0.26875 0.0453125 0.01875
1 0.48046875 0.28828125 0.040625 0.01875
1 0.4453125 0.3 0.040625 0.015625
1 0.3984375 0.23828125 0.0375 0.0125
1 0.30625 0.9453125 0.0828125 0.028125
1 0.35625 0.85859375 0.046875 0.0203125
1 0.32578125 0.81328125 0.0859375 0.0078125
1 0.64765625 0.84921875 0.053125 0.0171875