1 0.34453125 0.17734375 0.0171875 0.075
1 0.30625 0.44765625 0.015625 0.059375
1 0.153125 0.39609375 0.01875 0.0609375
1 0.20234375 0.490625 0.015625 0.0609375
1 0.17890625 0.51484375 0.015625 0.059375
1 0.35234375 0.5203125 0.015625 0.046875
1 0.42265625 0.4203125 0.0140625 0.05625
1 0.34296875 0.7328125 0.0109375 0.034375
1 0.33046875 0.68359375 0.0109375 0.040625
1 0.3125 0.71171875 0.0109375 0.040625
1 0.24921875 0.65390625 0.0109375 0.04375
1 0.334375 0.60234375 0.0125 0.046875
1 0.34921875 0.5828125 0.01875 0.046875
1 0.50078125 0.50390625 0.0125 0.0390625
1 0.55 0.5484375 0.0125 0.040625
1 0.540625 0.60546875 0.009375 0.034375
1 0.6234375 0.525 0.0109375 0.034375
1 0.5765625 0.49140625 0.01875 0.046875
1 0.634375 0.45390625 0.0171875 0.04375
1 0.65 0.34140625 0.01875 0.05625
1 0.7578125 0.35390625 0.015625 0.046875
1 0.7828125 0.42734375 0.0140625 0.040625
1 0.790625 0.53515625 0.0140625 0.028125
1 0.6703125 0.4984375 0.0125 0.040625
1 0.69140625 0.56015625 0.0109375 0.040625
1 0.81640625 0.58203125 0.0140625 0.028125
1 0.8734375 0.58125 0.0109375 0.034375
1 0.99765625 0.484375 0.0046875 0.04375
0 0.996875 0.47265625 0.0046875 0.015625
1 0.07265625 0.825 0.0109375 0.0125
1 0.12109375 0.85 0.009375 0.03125
1 0.09765625 0.89453125 0.0109375 0.028125
1 0.03125 0.85390625 0.0109375 0.028125
1 0.04140625 0.82734375 0.0078125 0.0171875