1 0.50078125 0.05625 0.0359375 0.025
1 0.5125 0.21796875 0.0125 0.0296875
1 0.453125 0.15234375 0.0625 0.0265625
1 0.42578125 0.171875 0.0609375 0.025
1 0.44921875 0.00546875 0.0484375 0.0109375
1 0.25390625 0.00703125 0.0421875 0.0140625
1 0.30078125 0.078125 0.0453125 0.01875
1 0.36484375 0.00625 0.0484375 0.0125
0 0.7578125 0.1828125 0.015625 0.009375
0 0.634375 0.2875 0.0125 0.003125
0 0.52734375 0.1609375 0.0125 0.0109375
1 0.54140625 0.003125 0.0453125 0.00625
1 0.6109375 0.18359375 0.0578125 0.0234375
1 0.540625 0.28515625 0.04375 0.0078125
1 0.07890625 0.46953125 0.0734375 0.0328125
1 0.00625 0.37890625 0.0125 0.0234375
1 0.01953125 0.8453125 0.0390625 0.03125
1 0.7890625 0.9734375 0.0578125 0.028125
1 0.690625 0.95625 0.0515625 0.0203125
1 0.65390625 0.99453125 0.0453125 0.0109375
1 0.65546875 0.90703125 0.0453125 0.0234375
1 0.57421875 0.85625 0.0421875 0.021875
1 0.609375 0.84296875 0.0421875 0.0203125
1 0.6609375 0.82265625 0.0453125 0.01875
1 0.6609375 0.84140625 0.0453125 0.021875
1 0.71640625 0.91171875 0.0421875 0.01875
1 0.81484375 0.80859375 0.053125 0.0265625
1 0.7265625 0.6875 0.0484375 0.0234375
1 0.61875 0.68046875 0.0390625 0.0203125
1 0.8265625 0.559375 0.053125 0.025
1 0.84609375 0.61484375 0.0484375 0.0234375
1 0.91015625 0.659375 0.0484375 0.025
1 0.94375 0.58046875 0.0546875 0.0265625
1 0.87578125 0.53671875 0.0546875 0.021875
1 0.83203125 0.47734375 0.0546875 0.0265625