1 0.03125 0.53515625 0.0625 0.0234375
1 0.296875 0.55078125 0.0609375 0.0203125
1 0.259375 0.703125 0.0625 0.0125
1 0.34921875 0.65078125 0.0625 0.0203125
1 0.375 0.67265625 0.0609375 0.0203125
1 0.365625 0.4984375 0.0484375 0.01875
1 0.2609375 0.4359375 0.0578125 0.021875
1 0.2796875 0.19453125 0.0578125 0.0203125
1 0.434375 0.21875 0.05 0.01875
1 0.428125 0.27734375 0.0546875 0.0203125
1 0.428125 0.33671875 0.0484375 0.0171875
1 0.44921875 0.3796875 0.0203125 0.015625
1 0.4421875 0.509375 0.034375 0.015625
1 0.428125 0.496875 0.0484375 0.021875
1 0.97421875 0.565625 0.0515625 0.025
1 0.8296875 0.3796875 0.0828125 0.028125
0 0.25078125 0.8984375 0.0203125 0.0140625
1 0.175 0.803125 0.0859375 0.0390625
1 0.2421875 0.9765625 0.0921875 0.040625
1 0.37265625 0.84765625 0.08125 0.0421875
1 0.3890625 0.76328125 0.075 0.0328125
1 0.4296875 0.94296875 0.059375 0.0234375
1 0.875 0.915625 0.0359375 0.0109375
1 0.93203125 0.9328125 0.0375 0.0125
1 0.98515625 0.87890625 0.0296875 0.0109375
1 0.996875 0.8015625 0.00625 0.0125
1 0.96640625 0.81171875 0.028125 0.009375
1 0.953125 0.73515625 0.034375 0.0109375
1 0.978125 0.72734375 0.0328125 0.0125
1 0.9859375 0.72734375 0.028125 0.0140625
1 0.85 0.7421875 0.028125 0.0140625
1 0.86953125 0.7515625 0.028125 0.009375
1 0.89609375 0.74609375 0.03125 0.0140625
1 0.89609375 0.74140625 0.028125 0.009375
1 0.98203125 0.978125 0.0328125 0.015625
0 0.94140625 0.73671875 0.0078125 0.00625