1 0.1234375 0.2390625 0.0265625 0.0890625
1 0.090625 0.1328125 0.028125 0.0921875
1 0.06015625 0.178125 0.0234375 0.0859375
1 0.33359375 0.03359375 0.0171875 0.0671875
1 0.3375 0.0296875 0.01875 0.059375
1 0.6640625 0.04921875 0.01875 0.0578125
1 0.74765625 0.14609375 0.03125 0.0859375
1 0.875 0.0296875 0.021875 0.059375
1 0.97578125 0.0578125 0.021875 0.078125
1 0.60234375 0.00703125 0.0203125 0.0140625
1 0.6328125 0.0265625 0.021875 0.053125
1 0.646875 0.00546875 0.01875 0.0109375
1 0.6546875 0.01796875 0.025 0.0359375
0 0.6765625 0.03125 0.0109375 0.01875
0 0.79296875 0.54140625 0.0140625 0.0171875
1 0.528125 0.61953125 0.01875 0.0609375
1 0.55625 0.6375 0.01875 0.0640625
1 0.56796875 0.56328125 0.01875 0.0609375
1 0.54921875 0.50859375 0.0125 0.0375
1 0.6328125 0.44765625 0.0125 0.0359375
1 0.62265625 0.51328125 0.0125 0.040625
1 0.6984375 0.4953125 0.01875 0.0421875
1 0.66875 0.546875 0.0140625 0.059375
1 0.67578125 0.6046875 0.0171875 0.0484375
1 0.63671875 0.5828125 0.0140625 0.059375
1 0.7 0.6984375 0.01875 0.071875
1 0.80625 0.5703125 0.0171875 0.05625
1 0.8109375 0.53671875 0.0171875 0.0609375
1 0.8984375 0.590625 0.021875 0.0703125
1 0.91484375 0.83203125 0.0203125 0.090625
1 0.96015625 0.521875 0.0171875 0.0578125
1 0.9640625 0.46953125 0.0171875 0.0609375