0 0.4859375 0.38828125 0.0109375 0.021875
1 0.47890625 0.5296875 0.0203125 0.01875
1 0.61484375 0.51171875 0.0140625 0.0546875
1 0.47890625 0.4234375 0.0140625 0.0640625
1 0.4375 0.34140625 0.0171875 0.053125
1 0.29765625 0.29609375 0.0109375 0.046875
1 0.27265625 0.36953125 0.0203125 0.0640625
1 0.128125 0.3640625 0.0140625 0.0625
1 0.46328125 0.2640625 0.009375 0.040625
1 0.50625 0.3328125 0.0109375 0.053125
1 0.50546875 0.2703125 0.0140625 0.046875
1 0.57109375 0.321875 0.015625 0.046875
1 0.58984375 0.3421875 0.0140625 0.059375
1 0.621875 0.37109375 0.0140625 0.0625
1 0.86484375 0.42109375 0.0140625 0.0625
1 0.90546875 0.3828125 0.0125 0.053125
1 0.88671875 0.309375 0.0140625 0.05
1 0.8421875 0.27734375 0.0125 0.034375
1 0.88125 0.26015625 0.009375 0.034375
1 0.85234375 0.2375 0.009375 0.034375
1 0.83828125 0.2375 0.0109375 0.034375
1 0.72734375 0.2875 0.009375 0.0390625
1 0.69453125 0.24921875 0.009375 0.034375
1 0.54921875 0.89453125 0.0234375 0.121875
1 0.453125 0.81484375 0.0265625 0.10625
1 0.32421875 0.671875 0.0171875 0.08125
1 0.05078125 0.8109375 0.0265625 0.090625
1 0.01875 0.70234375 0.021875 0.084375
1 0.06875 0.67578125 0.0171875 0.084375
1 0.03203125 0.5734375 0.0203125 0.06875
1 0.0546875 0.5640625 0.015625 0.05
1 0.3125 0.6375 0.0171875 0.084375