1 0.40234375 0.11171875 0.0890625 0.0390625
1 0.3015625 0.1609375 0.0921875 0.0421875
1 0.3515625 0.184375 0.0859375 0.0359375
1 0.3765625 0.34140625 0.075 0.0375
1 0.059375 0.3359375 0.0484375 0.0203125
1 0.12421875 0.29296875 0.0671875 0.034375
1 0.08203125 0.1546875 0.0640625 0.0265625
1 0.08359375 0.00625 0.0640625 0.0125
0 0.35703125 0.9796875 0.015625 0.009375
1 0.17890625 0.459375 0.05 0.0203125
1 0.18359375 0.46640625 0.0328125 0.0140625
1 0.26015625 0.57109375 0.0484375 0.0203125
1 0.334375 0.5703125 0.0484375 0.0203125
1 0.35625 0.5953125 0.046875 0.0203125
1 0.32890625 0.7453125 0.0453125 0.0171875
1 0.24296875 0.69609375 0.034375 0.0203125
1 0.21640625 0.77265625 0.0390625 0.01875
1 0.34375 0.76953125 0.053125 0.021875
1 0.4390625 0.7921875 0.0609375 0.0265625
1 0.5953125 0.946875 0.065625 0.028125
1 0.36015625 0.91640625 0.0453125 0.0203125
1 0.31015625 0.953125 0.0453125 0.0234375
1 0.93984375 0.92265625 0.0578125 0.025
1 0.884375 0.96640625 0.0546875 0.025
1 0.8546875 0.984375 0.0625 0.03125
1 0.76640625 0.86796875 0.0546875 0.025
1 0.834375 0.76640625 0.05 0.0265625
1 0.95546875 0.83046875 0.0546875 0.028125
1 0.91015625 0.77890625 0.0515625 0.025
1 0.80625 0.60078125 0.0515625 0.0296875
1 0.76484375 0.7 0.040625 0.015625
1 0.72578125 0.5984375 0.0140625 0.025
1 0.7296875 0.5625 0.021875 0.028125
1 0.77734375 0.51171875 0.065625 0.0328125
1 0.828125 0.4953125 0.059375 0.0296875
1 0.86640625 0.46171875 0.065625 0.0359375
1 0.915625 0.44609375 0.071875 0.0328125
1 0.97421875 0.4703125 0.0515625 0.03125