0 0.19140625 0.0484375 0.0265625 0.0125
1 0.125 0.15 0.0875 0.0203125
1 0.1453125 0.16953125 0.090625 0.0171875
1 0.3453125 0.2375 0.06875 0.015625
1 0.39453125 0.19609375 0.0609375 0.01875
1 0.4703125 0.11171875 0.053125 0.0171875
1 0.50859375 0.1765625 0.04375 0.0109375
1 0.334375 0.27421875 0.065625 0.0109375
1 0.98359375 0.03515625 0.0328125 0.0265625
1 0.76796875 0.0046875 0.1046875 0.009375
1 0.840625 0.2765625 0.0875 0.00625
1 0.18125 0.6796875 0.078125 0.0234375
1 0.1671875 0.553125 0.08125 0.0265625
1 0.1375 0.30625 0.0796875 0.025
1 0.3453125 0.6109375 0.05 0.015625
1 0.35703125 0.334375 0.0609375 0.01875
1 0.446875 0.33515625 0.040625 0.0140625
1 0.03515625 0.89765625 0.0703125 0.0234375
1 0.04453125 0.93359375 0.071875 0.01875
1 0.0359375 0.91328125 0.0484375 0.025
1 0.1234375 0.859375 0.0625 0.01875
1 0.1921875 0.72578125 0.0671875 0.021875
1 0.21953125 0.86015625 0.053125 0.01875
1 0.1796875 0.91640625 0.06875 0.01875
1 0.35546875 0.82734375 0.065625 0.0203125
1 0.35859375 0.7890625 0.0625 0.01875
1 0.41796875 0.7125 0.0578125 0.0234375
1 0.47578125 0.64375 0.0640625 0.015625
1 0.42421875 0.99375 0.0421875 0.0125
0 0.02578125 0.9125 0.015625 0.0078125
0 0.790625 0.82890625 0.0109375 0.0046875
0 0.8546875 0.7765625 0.009375 0.00625
0 0.8953125 0.69140625 0.0109375 0.00625
0 0.81640625 0.6765625 0.009375 0.00625
0 0.73984375 0.734375 0.0109375 0.00625
0 0.65 0.765625 0.009375 0.00625
0 0.65625 0.66640625 0.0078125 0.0046875
0 0.64453125 0.50703125 0.009375 0.00625
0 0.56640625 0.47109375 0.0078125 0.0046875
0 0.65390625 0.42265625 0.0125 0.0046875
0 0.70703125 0.45390625 0.009375 0.0046875
0 0.75078125 0.52109375 0.0125 0.00625
0 0.8125 0.58828125 0.0078125 0.00625
0 0.8765625 0.56328125 0.0125 0.003125
0 0.83046875 0.51328125 0.009375 0.0046875
1 0.91171875 0.71171875 0.0484375 0.015625
1 0.9234375 0.65078125 0.040625 0.0109375
1 0.92265625 0.63359375 0.0484375 0.0109375
1 0.890625 0.6046875 0.04375 0.0171875
1 0.8546875 0.63828125 0.05625 0.0171875
1 0.859375 0.621875 0.053125 0.01875
1 0.72734375 0.62265625 0.0828125 0.0234375
1 0.7171875 0.57734375 0.06875 0.028125
1 0.834375 0.4859375 0.05625 0.0140625
1 0.82578125 0.4609375 0.053125 0.0109375
1 0.85625 0.44921875 0.05625 0.0125
1 0.83984375 0.43828125 0.05 0.009375
1 0.8375 0.39140625 0.0515625 0.0140625
1 0.78515625 0.36875 0.05625 0.0125
1 0.7984375 0.33046875 0.059375 0.0140625
1 0.75234375 0.32578125 0.0578125 0.015625
1 0.7015625 0.31015625 0.06875 0.0125