0 0.396875 0.5046875 0.028125 0.0140625
1 0.31875 0.60703125 0.0703125 0.0265625
1 0.4546875 0.39765625 0.0890625 0.028125
1 0.43203125 0.3796875 0.0921875 0.025
1 0.22734375 0.3296875 0.0703125 0.021875
1 0.18125 0.375 0.0625 0.0234375
1 0.11328125 0.465625 0.0546875 0.021875
1 0.06953125 0.4046875 0.0453125 0.015625
1 0.0828125 0.278125 0.05 0.01875
1 0.23359375 0.28671875 0.065625 0.028125
1 0.2625 0.0921875 0.0796875 0.028125
1 0.26640625 0.040625 0.0734375 0.025
1 0.1765625 0.04609375 0.0671875 0.025
1 0.16953125 0.01171875 0.0578125 0.0234375
1 0.09453125 0.13515625 0.05625 0.0171875
1 0.090625 0.1453125 0.0578125 0.0203125
1 0.0546875 0.1671875 0.0484375 0.01875
1 0.05078125 0.21328125 0.05 0.01875
0 0.60078125 0.08671875 0.0015625 0.0046875
0 0.646875 0.16171875 0.009375 0.0046875
0 0.6625 0.32265625 0.00625 0.0046875
0 0.6453125 0.41796875 0.00625 0.0046875
0 0.68515625 0.4984375 0.00625 0.0046875
0 0.70390625 0.5984375 0.009375 0.0046875
0 0.61640625 0.63203125 0.00625 0.0046875
1 0.79921875 0.62578125 0.06875 0.0234375
1 0.65 0.2140625 0.0484375 0.015625
1 0.6453125 0.2296875 0.0515625 0.015625
1 0.6328125 0.50703125 0.0453125 0.015625
0 0.115625 0.66171875 0.009375 0.0046875
0 0.240625 0.7015625 0.0125 0.00625
0 0.2359375 0.78671875 0.015625 0.0078125
0 0.1015625 0.84375 0.015625 0.0078125
0 0.14609375 0.88671875 0.0203125 0.0109375
0 0.2375 0.940625 0.015625 0.0078125
0 0.26328125 0.890625 0.015625 0.0109375
1 0.0640625 0.6796875 0.0546875 0.0203125
1 0.084375 0.70703125 0.065625 0.0265625
1 0.0734375 0.7890625 0.053125 0.01875
1 0.1578125 0.815625 0.0671875 0.021875
1 0.16328125 0.85859375 0.0625 0.01875
1 0.21171875 0.84609375 0.059375 0.0296875
1 0.23984375 0.878125 0.0703125 0.0234375
1 0.159375 0.92265625 0.0640625 0.025
1 0.16953125 0.95390625 0.0484375 0.021875
1 0.15234375 0.96640625 0.06875 0.0234375
1 0.53125 0.96328125 0.084375 0.0359375
1 0.7875 0.68671875 0.0578125 0.0203125
1 0.7734375 0.7515625 0.0546875 0.0203125
1 0.90078125 0.76796875 0.0578125 0.028125
1 0.853125 0.825 0.0609375 0.0203125
1 0.7953125 0.80390625 0.0546875 0.0203125
1 0.84375 0.9734375 0.0515625 0.01875
1 0.975 0.9265625 0.05 0.028125