1 0.14765625 0.0671875 0.06875 0.0125
1 0.09609375 0.028125 0.0609375 0.015625
1 0.01796875 0.1375 0.0359375 0.0125
1 0.16015625 0.10859375 0.0640625 0.01875
1 0.215625 0.296875 0.078125 0.0171875
1 0.2265625 0.34765625 0.071875 0.015625
1 0.13671875 0.3546875 0.065625 0.015625
1 0.1359375 0.39140625 0.05625 0.01875
1 0.04375 0.278125 0.05625 0.009375
1 0.03828125 0.26875 0.05625 0.0125
1 0.0109375 0.2515625 0.021875 0.0125
1 0.00625 0.20625 0.0125 0.0125
0 0.66875 0.33125 0.0046875 0.003125
1 0.7671875 0.04140625 0.05 0.0125
1 0.80859375 0.0546875 0.0453125 0.0078125
1 0.77734375 0.09140625 0.0453125 0.009375
1 0.771875 0.1734375 0.040625 0.0109375
1 0.76015625 0.23125 0.040625 0.0125
1 0.83203125 0.2671875 0.046875 0.0125
1 0.709375 0.2140625 0.0390625 0.0078125
1 0.70703125 0.26953125 0.0375 0.0109375
1 0.671875 0.33125 0.028125 0.00625
1 0.709375 0.3375 0.03125 0.00625
1 0.71953125 0.3359375 0.028125 0.0078125
1 0.69296875 0.3703125 0.03125 0.009375
1 0.721875 0.39921875 0.034375 0.00625
1 0.7484375 0.3890625 0.040625 0.0125
1 0.746875 0.37578125 0.040625 0.009375
1 0.13984375 0.96484375 0.0625 0.01875
1 0.25078125 0.9515625 0.06875 0.01875
1 0.14921875 0.80546875 0.065625 0.015625
1 0.0171875 0.7828125 0.034375 0.015625
1 0.01171875 0.6859375 0.0234375 0.0125
1 0.121875 0.66171875 0.0625 0.0125
1 0.22890625 0.5921875 0.0578125 0.0171875
1 0.1 0.56640625 0.0578125 0.0171875
1 0.2359375 0.4234375 0.05625 0.009375
1 0.42578125 0.453125 0.0484375 0.015625
1 0.36953125 0.76484375 0.065625 0.0171875
1 0.390625 0.75625 0.059375 0.01875
0 0.4015625 0.7453125 0.021875 0.009375
1 0.521875 0.98984375 0.075 0.0203125
1 0.73828125 0.9484375 0.071875 0.028125
1 0.54453125 0.86640625 0.078125 0.01875
1 0.4890625 0.9234375 0.078125 0.025
1 0.4828125 0.8578125 0.065625 0.01875
1 0.478125 0.8421875 0.05625 0.01875
1 0.46015625 0.8109375 0.0203125 0.021875
1 0.47890625 0.7546875 0.0578125 0.01875
1 0.4640625 0.7046875 0.028125 0.015625
1 0.471875 0.6640625 0.04375 0.01875
1 0.4625 0.54609375 0.025 0.0171875
1 0.47265625 0.43671875 0.0453125 0.0203125
1 0.5765625 0.60625 0.0875 0.025
1 0.59140625 0.69296875 0.0921875 0.0265625
1 0.90390625 0.86328125 0.0953125 0.01875
0 0.95234375 0.96796875 0.0328125 0.01875