1 0.07421875 0.3453125 0.021875 0.065625
1 0.178125 0.403125 0.0265625 0.0546875
1 0.18984375 0.4125 0.0203125 0.053125
1 0.3109375 0.3796875 0.01875 0.0625
1 0.35546875 0.31875 0.0265625 0.0578125
1 0.3203125 0.2703125 0.0171875 0.040625
1 0.290625 0.2015625 0.01875 0.0421875
1 0.4640625 0.30703125 0.021875 0.053125
1 0.5015625 0.37109375 0.025 0.0578125
1 0.4515625 0.41796875 0.025 0.0421875
1 0.503125 0.425 0.025 0.028125
1 0.521875 0.3875 0.021875 0.0671875
1 0.96796875 0.4296875 0.0109375 0.01875
1 0.96328125 0.30703125 0.009375 0.021875
1 0.884375 0.27734375 0.009375 0.01875
1 0.84296875 0.2890625 0.009375 0.021875
1 0.74765625 0.37890625 0.009375 0.0234375
0 0.959375 0.40390625 0.0109375 0.0171875
0 0.8140625 0.325 0.00625 0.0109375
1 0.409375 0.8046875 0.0203125 0.0734375
1 0.38515625 0.65703125 0.021875 0.053125
1 0.35 0.6234375 0.015625 0.0484375
1 0.29765625 0.61015625 0.0171875 0.0421875
1 0.23046875 0.66875 0.0203125 0.0609375
1 0.14375 0.65 0.01875 0.0546875
1 0.03125 0.628125 0.0203125 0.0609375
1 0.12421875 0.58515625 0.015625 0.046875
1 0.17890625 0.628125 0.0171875 0.040625
0 0.49140625 0.64921875 0.0046875 0.009375
1 0.4890625 0.6265625 0.015625 0.0421875
1 0.36875 0.61015625 0.0140625 0.040625
1 0.3671875 0.59609375 0.0140625 0.0359375
1 0.284375 0.5875 0.01875 0.0453125
1 0.184375 0.57421875 0.01875 0.0421875
1 0.14921875 0.5875 0.015625 0.046875
1 0.1359375 0.57421875 0.0171875 0.0421875
0 0.303125 0.71015625 0.0109375 0.015625
0 0.44921875 0.77265625 0.0078125 0.009375
0 0.15234375 0.73046875 0.0078125 0.0140625
0 0.08203125 0.68828125 0.0078125 0.0125
0 0.0015625 0.76328125 0.003125 0.0140625
0 0.0828125 0.8265625 0.0078125 0.015625
0 0.2328125 0.77578125 0.0078125 0.0125
0 0.2125 0.9203125 0.0109375 0.0140625
0 0.33359375 0.85390625 0.009375 0.015625
0 0.4140625 0.94140625 0.009375 0.0140625
0 0.10625 0.9671875 0.0078125 0.0140625
0 0.53046875 0.78125 0.009375 0.0140625
1 0.6046875 0.72734375 0.009375 0.0546875
0 0.54140625 0.99140625 0.0109375 0.0171875
0 0.59453125 0.69609375 0.0078125 0.009375
1 0.99140625 0.77421875 0.0171875 0.0578125
1 0.87265625 0.76015625 0.0203125 0.0609375
1 0.6484375 0.78828125 0.0203125 0.0578125
1 0.61171875 0.64140625 0.0046875 0.0546875
1 0.61640625 0.57890625 0.0140625 0.0609375
1 0.8515625 0.59375 0.0171875 0.05625
1 0.9453125 0.575 0.01875 0.0515625
1 0.98984375 0.58515625 0.0203125 0.0578125
1 0.9890625 0.45859375 0.01875 0.0390625
1 0.85 0.48046875 0.0140625 0.0390625
1 0.81171875 0.48125 0.021875 0.0515625