0 0.18125 0.28046875 0.009375 0.0203125
1 0.11796875 0.096875 0.0171875 0.0640625
1 0.1546875 0.25078125 0.0140625 0.05625
1 0.253125 0.16328125 0.0140625 0.0640625
1 0.36328125 0.2078125 0.0203125 0.053125
1 0.3765625 0.21796875 0.0140625 0.05625
1 0.38203125 0.29609375 0.0171875 0.071875
1 0.29453125 0.38046875 0.0171875 0.0859375
1 0.49921875 0.271875 0.0171875 0.05625
1 0.4921875 0.16796875 0.0109375 0.0625
1 0.52890625 0.10234375 0.0203125 0.05625
1 0.48828125 0.05859375 0.0125 0.0390625
1 0.45 0.00703125 0.0125 0.0140625
1 0.63515625 0.07734375 0.015625 0.0515625
1 0.63828125 0.2015625 0.0171875 0.065625
1 0.6140625 0.2859375 0.0140625 0.071875
1 0.6515625 0.39375 0.003125 0.05625
1 0.7421875 0.32265625 0.0140625 0.059375
1 0.76484375 0.31171875 0.0140625 0.05625
1 0.88125 0.265625 0.0171875 0.059375
1 0.9765625 0.42890625 0.0203125 0.0625
1 0.90390625 0.4859375 0.0171875 0.065625
1 0.7796875 0.49921875 0.0203125 0.0640625
1 0.76171875 0.5734375 0.0203125 0.03125
1 0.684375 0.52578125 0.0109375 0.06875
0 0.00234375 0.79296875 0.0046875 0.009375
1 0.46484375 0.98046875 0.0203125 0.0390625
1 0.57265625 0.9875 0.0171875 0.025
1 0.57578125 0.95078125 0.0171875 0.065625
1 0.51796875 0.9109375 0.0109375 0.053125
1 0.25546875 0.884375 0.0109375 0.0375
1 0.23984375 0.9765625 0.0171875 0.046875
1 0.209375 0.8609375 0.009375 0.040625
1 0.1578125 0.97109375 0.0125 0.053125
1 0.05390625 0.9875 0.0171875 0.025
1 0.94765625 0.88828125 0.015625 0.053125
1 0.85859375 0.8578125 0.0140625 0.046875
1 0.84296875 0.83359375 0.0109375 0.0453125
1 0.8484375 0.921875 0.0125 0.0453125
1 0.703125 0.80625 0.0109375 0.046875
1 0.67109375 0.840625 0.0140625 0.046875