0 0.03359375 0.06484375 0.0203125 0.0109375
1 0.015625 0.03984375 0.03125 0.0171875
1 0.00703125 0.26328125 0.0140625 0.0171875
1 0.0625 0.2640625 0.0734375 0.021875
1 0.140625 0.17109375 0.0875 0.0234375
1 0.046875 0.3828125 0.0578125 0.0203125
1 0.01015625 0.5265625 0.0203125 0.021875
1 0.06875 0.496875 0.0734375 0.01875
0 0.9765625 0.3953125 0.0046875 0.00625
0 0.86640625 0.475 0.009375 0.00625
0 0.95234375 0.29140625 0.00625 0.003125
0 0.85625 0.3015625 0.009375 0.00625
0 0.78828125 0.3703125 0.009375 0.0078125
0 0.81796875 0.40546875 0.00625 0.003125
0 0.69609375 0.41484375 0.0078125 0.0046875
0 0.74140625 0.1515625 0.00625 0.003125
1 0.9765625 0.55 0.046875 0.015625
1 0.728125 0.5578125 0.03125 0.003125
1 0.80390625 0.5484375 0.040625 0.0125
1 0.75 0.5171875 0.0390625 0.0109375
1 0.73828125 0.50703125 0.034375 0.009375
1 0.7984375 0.415625 0.040625 0.0125
1 0.75703125 0.39140625 0.0421875 0.0140625
1 0.6671875 0.36796875 0.03125 0.0078125
1 0.79140625 0.33046875 0.0453125 0.0140625
1 0.7578125 0.31484375 0.0375 0.0125
1 0.7125 0.30859375 0.0265625 0.009375
1 0.70625 0.2578125 0.03125 0.0125
1 0.7125 0.1875 0.03125 0.0125
1 0.79375 0.25546875 0.0421875 0.01875
1 0.8515625 0.20703125 0.0421875 0.015625
1 0.9296875 0.165625 0.0578125 0.0203125
1 0.815625 0.16875 0.0453125 0.0140625
1 0.903125 0.1125 0.0515625 0.015625
1 0.7734375 0.04921875 0.04375 0.0109375
1 0.8390625 0.0265625 0.0484375 0.0171875
1 0.38125 0.86796875 0.05 0.0203125
1 0.34765625 0.7859375 0.0421875 0.015625
1 0.29765625 0.73125 0.0609375 0.0203125
1 0.203125 0.91875 0.0515625 0.0171875
0 0.33828125 0.84453125 0.0234375 0.0140625
1 0.82734375 0.80546875 0.0703125 0.021875
1 0.69609375 0.8734375 0.046875 0.0140625
1 0.66015625 0.903125 0.0421875 0.0140625
1 0.68515625 0.8296875 0.046875 0.0140625
1 0.62890625 0.7671875 0.0421875 0.0140625
1 0.628125 0.746875 0.0453125 0.0140625
1 0.65078125 0.63515625 0.040625 0.015625
1 0.6703125 0.6140625 0.046875 0.0140625
1 0.61953125 0.63046875 0.0359375 0.0171875
1 0.6125 0.5796875 0.0359375 0.0140625
1 0.60234375 0.565625 0.040625 0.0125
1 0.6 0.59453125 0.0390625 0.015625
1 0.59375 0.6015625 0.03125 0.0125
1 0.59375 0.6140625 0.03125 0.0125
1 0.6265625 0.603125 0.0359375 0.0125