0 0.35859375 0.096875 0.01875 0.015625
1 0.3890625 0.00390625 0.04375 0.0078125
1 0.1890625 0.0296875 0.071875 0.0296875
1 0.33125 0.11484375 0.05625 0.025
1 0.36640625 0.1140625 0.0609375 0.0265625
1 0.32578125 0.20859375 0.0703125 0.03125
1 0.08984375 0.2625 0.090625 0.034375
1 0.40390625 0.259375 0.0578125 0.025
1 0.4421875 0.25390625 0.034375 0.0265625
1 0.54765625 0.15 0.0765625 0.0421875
1 0.68359375 0.07265625 0.0640625 0.0296875
1 0.796875 0.11171875 0.05 0.0265625
1 0.8015625 0.02265625 0.0421875 0.021875
1 0.97734375 0.1015625 0.0453125 0.025
1 0.97109375 0.271875 0.0453125 0.015625
0 0.8296875 0.07578125 0.025 0.0171875
1 0.38984375 0.659375 0.05 0.0234375
1 0.3859375 0.68359375 0.0453125 0.0203125
1 0.42578125 0.67890625 0.0390625 0.01875
1 0.4390625 0.6890625 0.040625 0.025
1 0.45078125 0.69921875 0.0171875 0.0171875
1 0.4359375 0.75 0.04375 0.01875
1 0.3796875 0.78515625 0.0515625 0.021875
1 0.41015625 0.8265625 0.0515625 0.0265625
1 0.44296875 0.8953125 0.0328125 0.01875
1 0.71484375 0.84609375 0.0375 0.015625
1 0.734375 0.8359375 0.0421875 0.01875
1 0.721875 0.80234375 0.0328125 0.0171875
1 0.75234375 0.78828125 0.034375 0.0140625
1 0.73359375 0.775 0.0328125 0.0171875
1 0.70546875 0.77578125 0.0328125 0.015625
1 0.67109375 0.7796875 0.0375 0.015625
1 0.703125 0.80859375 0.0328125 0.015625
1 0.68828125 0.77578125 0.0265625 0.0125
1 0.6921875 0.8265625 0.040625 0.01875
0 0.72421875 0.88359375 0.0171875 0.009375
0 0.78515625 0.79296875 0.015625 0.009375
0 0.69609375 0.78671875 0.0125 0.009375
0 0.83515625 0.55390625 0.015625 0.0078125