1 0.02890625 0.21484375 0.0578125 0.0234375
1 0.09375 0.221875 0.0546875 0.0203125
1 0.04921875 0.2515625 0.0609375 0.0265625
1 0.065625 0.28203125 0.0640625 0.021875
1 0.01015625 0.2890625 0.0203125 0.021875
1 0.01796875 0.35859375 0.0359375 0.0171875
1 0.940625 0.3046875 0.0625 0.021875
1 0.946875 0.2609375 0.059375 0.0265625
1 0.9703125 0.2546875 0.059375 0.01875
1 0.8484375 0.24296875 0.0578125 0.0171875
1 0.834375 0.259375 0.0453125 0.015625
1 0.8296875 0.253125 0.0484375 0.0171875
1 0.78125 0.2125 0.0453125 0.015625
1 0.93203125 0.196875 0.0578125 0.01875
1 0.95546875 0.12578125 0.0578125 0.0203125
1 0.77265625 0.00390625 0.0390625 0.0078125
1 0.77109375 0.0375 0.0390625 0.0140625
1 0.79375 0.0921875 0.0421875 0.015625
1 0.84140625 0.1046875 0.0421875 0.015625
1 0.85546875 0.05625 0.0453125 0.015625
1 0.85 0.04453125 0.0453125 0.01875
1 0.2078125 0.80859375 0.0734375 0.025
1 0.03828125 0.88125 0.0578125 0.0265625
1 0.06171875 0.96328125 0.065625 0.0296875
1 0.02109375 0.97578125 0.0421875 0.0234375
1 0.075 0.7578125 0.0546875 0.025
1 0.1515625 0.50625 0.0625 0.01875
1 0.04765625 0.49921875 0.0515625 0.015625
1 0.0671875 0.4671875 0.0453125 0.021875
1 0.1328125 0.4609375 0.0453125 0.0171875
1 0.14609375 0.38359375 0.0578125 0.0078125
1 0.08984375 0.38984375 0.0421875 0.0203125
1 0.0203125 0.396875 0.040625 0.025
1 0.01171875 0.4125 0.0234375 0.021875
0 0.084375 0.459375 0.028125 0.0125
0 0.65 0.4421875 0.015625 0.0078125
1 0.9640625 0.88984375 0.071875 0.0296875
1 0.81953125 0.82265625 0.0734375 0.025
1 0.8078125 0.84375 0.0640625 0.0203125
1 0.775 0.684375 0.053125 0.015625
1 0.8625 0.60546875 0.0703125 0.021875
1 0.9671875 0.6671875 0.065625 0.025
1 0.89296875 0.48515625 0.0578125 0.01875
1 0.796875 0.45390625 0.0609375 0.021875
1 0.68984375 0.49609375 0.03125 0.0140625
1 0.7 0.47734375 0.040625 0.0140625
1 0.69609375 0.44296875 0.0421875 0.015625
1 0.74140625 0.43515625 0.0484375 0.01875
1 0.740625 0.39765625 0.0359375 0.0140625
1 0.71953125 0.39296875 0.0375 0.0109375
1 0.7171875 0.39921875 0.040625 0.0125
1 0.73359375 0.41484375 0.0390625 0.0140625
1 0.73125 0.425 0.0390625 0.0140625