0 0.22578125 0.35390625 0.0140625 0.0171875
1 0.0046875 0.36640625 0.009375 0.0609375
1 0.0828125 0.46640625 0.0125 0.0265625
1 0.06171875 0.40859375 0.0125 0.040625
1 0.13984375 0.4140625 0.01875 0.0421875
1 0.10234375 0.36796875 0.0140625 0.059375
1 0.10078125 0.309375 0.015625 0.046875
1 0.06484375 0.33671875 0.0140625 0.059375
1 0.109375 0.21328125 0.0171875 0.0703125
1 0.234375 0.32265625 0.015625 0.0546875
1 0.24453125 0.35546875 0.0171875 0.059375
1 0.321875 0.28828125 0.0203125 0.0703125
1 0.30078125 0.046875 0.01875 0.090625
1 0.465625 0.24453125 0.015625 0.0671875
1 0.39453125 0.346875 0.015625 0.05625
1 0.40546875 0.39765625 0.0171875 0.059375
1 0.69921875 0.309375 0.015625 0.05
1 0.69453125 0.22734375 0.015625 0.053125
1 0.64765625 0.2109375 0.01875 0.0703125
1 0.7109375 0.15234375 0.0109375 0.065625
1 0.7421875 0.15234375 0.015625 0.05625
1 0.74296875 0.1375 0.0125 0.05625
1 0.8 0.12734375 0.0265625 0.0609375
1 0.77265625 0.059375 0.021875 0.0921875
1 0.77890625 0.17578125 0.0125 0.0625
1 0.7890625 0.16171875 0.0140625 0.0625
1 0.809375 0.1609375 0.01875 0.0578125
1 0.828125 0.14375 0.015625 0.05625
1 0.84296875 0.14140625 0.0171875 0.0625
1 0.834375 0.12265625 0.0125 0.053125
1 0.86640625 0.12890625 0.01875 0.0703125
1 0.91875 0.1359375 0.0140625 0.0625
1 0.91015625 0.153125 0.015625 0.0625
0 0.69375 0.303125 0.009375 0.0203125
0 0.2703125 0.52578125 0.0109375 0.0125
0 0.228125 0.5234375 0.0109375 0.0125
0 0.21328125 0.61484375 0.0109375 0.0125
0 0.4671875 0.70390625 0.0109375 0.01875
0 0.07734375 0.6125 0.0125 0.0171875
0 0.175 0.72265625 0.0109375 0.015625
0 0.21484375 0.95234375 0.0125 0.015625
0 0.28984375 0.96796875 0.0109375 0.015625
1 0.3625 0.7203125 0.0359375 0.0796875
1 0.52734375 0.81328125 0.0203125 0.06875
1 0.4125 0.84609375 0.0265625 0.065625
1 0.46015625 0.88046875 0.015625 0.053125
1 0.43984375 0.9125 0.01875 0.0546875
1 0.39453125 0.93359375 0.015625 0.05
1 0.38125 0.9546875 0.0171875 0.046875
1 0.38359375 0.871875 0.021875 0.0578125
1 0.30546875 0.89609375 0.0171875 0.05625
1 0.2484375 0.8953125 0.0203125 0.0640625
1 0.2203125 0.81953125 0.0328125 0.075
1 0.16875 0.8734375 0.0234375 0.0640625
1 0.1875 0.9890625 0.015625 0.021875
1 0.065625 0.975 0.01875 0.05
1 0.034375 0.871875 0.021875 0.0734375
1 0.01875 0.79453125 0.025 0.08125
0 0.91015625 0.83828125 0.0078125 0.0140625
0 0.95703125 0.62890625 0.0078125 0.0140625
0 0.8484375 0.5984375 0.0078125 0.0140625
0 0.840625 0.690625 0.003125 0.0109375
0 0.74375 0.57890625 0.0078125 0.015625
0 0.6609375 0.50859375 0.00625 0.0125
0 0.68359375 0.70234375 0.00625 0.015625
0 0.7671875 0.8453125 0.0078125 0.0140625
0 0.7015625 0.9203125 0.00625 0.0125
0 0.60703125 0.88046875 0.00625 0.0125
1 0.6375 0.671875 0.0140625 0.053125
1 0.61796875 0.8296875 0.0125 0.04375
1 0.70234375 0.62734375 0.01875 0.0421875
1 0.590625 0.78671875 0.0125 0.05
1 0.8328125 0.809375 0.0125 0.04375
1 0.8390625 0.49140625 0.015625 0.0234375
1 0.7984375 0.93671875 0.009375 0.046875
1 0.653125 0.75625 0.0140625 0.05
1 0.72109375 0.77421875 0.015625 0.04375
1 0.8671875 0.71328125 0.015625 0.05