1 0.44765625 0.07734375 0.0578125 0.025
1 0.48828125 0.11484375 0.059375 0.0234375
1 0.5171875 0.09453125 0.0328125 0.0203125
1 0.503125 0.1421875 0.0578125 0.025
1 0.38984375 0.1375 0.0546875 0.025
1 0.3484375 0.17890625 0.05625 0.0234375
1 0.2703125 0.2625 0.0546875 0.025
1 0.30078125 0.4015625 0.0546875 0.0234375
1 0.2625 0.4640625 0.034375 0.009375
1 0.4390625 0.45859375 0.0375 0.0171875
1 0.45859375 0.4265625 0.0484375 0.0234375
1 0.45390625 0.30078125 0.03125 0.021875
1 0.51015625 0.26875 0.0421875 0.01875
1 0.36328125 0.45625 0.0421875 0.01875
1 0.34140625 0.45390625 0.0296875 0.01875
1 0.359375 0.384375 0.053125 0.028125
0 0.5859375 0.296875 0.0125 0.0125
1 0.61015625 0.275 0.0484375 0.0234375
1 0.63046875 0.27890625 0.053125 0.021875
1 0.65078125 0.26875 0.0546875 0.028125
1 0.621875 0.25625 0.0640625 0.03125
1 0.75078125 0.3046875 0.0484375 0.0234375
1 0.6015625 0.45703125 0.04375 0.0234375
1 0.80859375 0.396875 0.046875 0.01875
1 0.91171875 0.178125 0.0359375 0.015625
1 0.79375 0.15625 0.053125 0.0234375
1 0.7578125 0.08359375 0.0609375 0.028125
1 0.82421875 0.08984375 0.0515625 0.025
1 0.88125 0.109375 0.05 0.0234375
1 0.9109375 0.15859375 0.0421875 0.01875
1 0.103125 0.62734375 0.0796875 0.034375
1 0.22890625 0.7421875 0.053125 0.021875
1 0.4234375 0.79375 0.0546875 0.028125
1 0.3984375 0.76796875 0.05 0.021875
1 0.3609375 0.77265625 0.05625 0.021875
1 0.27890625 0.82421875 0.0609375 0.0296875
1 0.23203125 0.765625 0.0578125 0.028125
1 0.16640625 0.82734375 0.0625 0.0296875
1 0.11484375 0.86875 0.059375 0.0296875
1 0.09296875 0.97890625 0.06875 0.0375
1 0.18671875 0.95078125 0.0625 0.0296875
1 0.23984375 0.93203125 0.0625 0.0296875
1 0.384375 0.5484375 0.0640625 0.0265625
1 0.409375 0.69140625 0.0515625 0.025
1 0.440625 0.7140625 0.0484375 0.0234375
1 0.98359375 0.828125 0.0328125 0.034375
1 0.86953125 0.98359375 0.0828125 0.0328125