1 0.38984375 0.32421875 0.015625 0.05625
1 0.284375 0.27890625 0.01875 0.0546875
1 0.1640625 0.35546875 0.0171875 0.0546875
1 0.08515625 0.34375 0.01875 0.0328125
1 0.06953125 0.42421875 0.0203125 0.0453125
1 0.08515625 0.50390625 0.0171875 0.0421875
1 0.13828125 0.51171875 0.0265625 0.0296875
1 0.1578125 0.50546875 0.0125 0.0375
1 0.1953125 0.5125 0.0171875 0.0484375
1 0.31171875 0.46484375 0.01875 0.0296875
1 0.3609375 0.50703125 0.0140625 0.040625
1 0.13359375 0.4328125 0.0140625 0.040625
1 0.1296875 0.41171875 0.015625 0.0296875
1 0.20078125 0.4046875 0.0203125 0.053125
1 0.46875 0.3421875 0.021875 0.0578125
1 0.48203125 0.371875 0.0171875 0.0625
1 0.49453125 0.315625 0.0140625 0.059375
1 0.6671875 0.30390625 0.015625 0.053125
1 0.64765625 0.3203125 0.01875 0.0578125
1 0.62421875 0.34375 0.0125 0.0375
1 0.6109375 0.38046875 0.0140625 0.046875
1 0.50078125 0.45234375 0.0109375 0.0375
1 0.63046875 0.36171875 0.0125 0.0375
1 0.6375 0.34609375 0.021875 0.0453125
1 0.65859375 0.34921875 0.01875 0.0421875
1 0.6734375 0.3484375 0.015625 0.053125
1 0.67265625 0.33984375 0.01875 0.0453125
1 0.6953125 0.30546875 0.01875 0.0546875
1 0.7046875 0.31953125 0.01875 0.0640625
1 0.74140625 0.30234375 0.021875 0.0578125
1 0.73828125 0.3 0.0265625 0.0484375
1 0.86328125 0.34921875 0.021875 0.0578125
1 0.12890625 0.96484375 0.0203125 0.0703125
1 0.125 0.91875 0.021875 0.0890625
1 0.13671875 0.91015625 0.0265625 0.0953125
1 0.21171875 0.771875 0.0359375 0.04375
1 0.309375 0.828125 0.0296875 0.10625
1 0.57578125 0.7734375 0.0234375 0.046875
1 0.534375 0.90390625 0.0140625 0.046875
1 0.51328125 0.94453125 0.015625 0.0421875
1 0.5796875 0.90625 0.0140625 0.046875
1 0.6515625 0.95 0.015625 0.0421875
1 0.671875 0.94609375 0.0140625 0.0453125
1 0.77734375 0.903125 0.0171875 0.040625
1 0.79453125 0.8796875 0.0140625 0.046875
1 0.78828125 0.93203125 0.0171875 0.0359375
1 0.953125 0.815625 0.015625 0.059375
1 0.98359375 0.81953125 0.01875 0.0515625
1 0.9546875 0.871875 0.0171875 0.0515625
1 0.8390625 0.93046875 0.0140625 0.0359375
1 0.8546875 0.93671875 0.0140625 0.040625
1 0.82734375 0.94453125 0.015625 0.0390625
1 0.82109375 0.95234375 0.0125 0.0328125
1 0.809375 0.9546875 0.0125 0.0328125
1 0.81328125 0.9203125 0.0125 0.0375