1 0.05390625 0.50703125 0.0140625 0.028125
1 0.2015625 0.48515625 0.015625 0.05625
1 0.23046875 0.53203125 0.0125 0.059375
1 0.2046875 0.55703125 0.0140625 0.03125
1 0.25390625 0.55234375 0.015625 0.05625
1 0.27109375 0.43984375 0.015625 0.053125
1 0.690625 0.05625 0.0328125 0.1015625
1 0.76484375 0.3828125 0.0265625 0.090625
1 0.84375 0.4296875 0.021875 0.084375
1 0.978125 0.434375 0.015625 0.05625
1 0.89609375 0.521875 0.01875 0.0515625
1 0.8484375 0.58828125 0.015625 0.0671875
1 0.81640625 0.60546875 0.0203125 0.053125
1 0.75078125 0.5984375 0.01875 0.0453125
1 0.7734375 0.51875 0.0203125 0.0640625
1 0.734375 0.640625 0.0140625 0.040625
1 0.70078125 0.64375 0.01875 0.0453125
1 0.6609375 0.6484375 0.021875 0.046875
1 0.60859375 0.659375 0.0203125 0.0515625
1 0.57109375 0.60859375 0.01875 0.0515625
1 0.54921875 0.5828125 0.0125 0.0453125
1 0.53515625 0.53359375 0.015625 0.0578125
1 0.4265625 0.6109375 0.015625 0.0453125
1 0.31640625 0.44921875 0.0140625 0.0765625
1 0.7453125 0.5140625 0.015625 0.05625
0 0.40859375 0.55859375 0.0140625 0.021875
1 0.0671875 0.86171875 0.0109375 0.040625
1 0.0359375 0.82578125 0.0125 0.0140625
0 0.978125 0.984375 0.00625 0.0125
1 0.98203125 0.9890625 0.0140625 0.021875
1 0.921875 0.93359375 0.021875 0.0546875
1 0.85625 0.96875 0.01875 0.046875
1 0.8 0.9765625 0.0109375 0.0375
1 0.678125 0.9796875 0.015625 0.040625
1 0.696875 0.8671875 0.0140625 0.0625
1 0.62265625 0.90546875 0.01875 0.0625
1 0.5296875 0.98671875 0.0125 0.0265625