1 0.5078125 0.13828125 0.015625 0.05625
1 0.5 0.18046875 0.015625 0.053125
1 0.36875 0.0484375 0.0140625 0.0359375
1 0.38359375 0.03359375 0.0140625 0.0453125
1 0.3328125 0.090625 0.0140625 0.05
1 0.3390625 0.25 0.021875 0.0640625
1 0.3875 0.234375 0.01875 0.0671875
1 0.24375 0.02890625 0.0140625 0.040625
1 0.21015625 0.02421875 0.0125 0.034375
1 0.203125 0.00703125 0.015625 0.0140625
1 0.03984375 0.02578125 0.015625 0.0453125
1 0.05 0.0765625 0.0125 0.046875
1 0.05859375 0.13203125 0.015625 0.05
1 0.61640625 0.36953125 0.021875 0.0828125
1 0.59140625 0.29921875 0.0265625 0.0796875
1 0.6890625 0.303125 0.0234375 0.0671875
1 0.9125 0.28828125 0.0203125 0.0640625
1 0.8953125 0.34765625 0.0203125 0.0671875
1 0.87890625 0.4171875 0.0171875 0.078125
1 0.89453125 0.4140625 0.01875 0.084375
1 0.93984375 0.38828125 0.0328125 0.0765625
1 0.9828125 0.4015625 0.028125 0.0828125
1 0.9703125 0.35078125 0.01875 0.0796875
1 0.9859375 0.325 0.0234375 0.0796875
1 0.30234375 0.7015625 0.009375 0.0359375
1 0.33125 0.6484375 0.0109375 0.0375
1 0.290625 0.5828125 0.0078125 0.0328125
1 0.28046875 0.5640625 0.0078125 0.009375
1 0.21953125 0.58984375 0.0078125 0.028125
1 0.1421875 0.58671875 0.009375 0.034375
1 0.1390625 0.56796875 0.009375 0.0171875
1 0.0484375 0.575 0.0078125 0.028125
1 0.06171875 0.59765625 0.0109375 0.03125
1 0.0171875 0.68984375 0.009375 0.0375
1 0.12734375 0.6890625 0.0125 0.0265625
1 0.140625 0.671875 0.0078125 0.028125
1 0.14140625 0.6453125 0.0109375 0.0296875
1 0.13671875 0.64453125 0.0078125 0.028125
1 0.3859375 0.609375 0.0125 0.03125
0 0.14140625 0.59921875 0.0046875 0.0078125
1 0.90234375 0.91875 0.0171875 0.059375
1 0.846875 0.79609375 0.0125 0.053125
1 0.83203125 0.6515625 0.0109375 0.05
1 0.8625 0.65859375 0.015625 0.053125
1 0.8015625 0.63828125 0.0125 0.040625
1 0.8390625 0.57265625 0.0125 0.0265625
1 0.675 0.56796875 0.015625 0.0171875
1 0.6109375 0.6015625 0.0125 0.034375
1 0.5359375 0.609375 0.0125 0.053125