1 0.2734375 0.165625 0.0125 0.05625
1 0.26953125 0.209375 0.0140625 0.053125
1 0.13125 0.084375 0.0109375 0.0359375
1 0.1453125 0.06875 0.0125 0.0453125
1 0.09765625 0.128125 0.0125 0.05
1 0.11171875 0.2875 0.01875 0.0625
1 0.16015625 0.26953125 0.015625 0.065625
1 0.00546875 0.07109375 0.0109375 0.040625
1 0.859375 0.496875 0.0140625 0.059375
1 0.83125 0.44140625 0.0109375 0.0625
1 0.81015625 0.36875 0.009375 0.04375
1 0.7859375 0.4484375 0.01875 0.053125
1 0.77890625 0.54765625 0.0203125 0.0640625
1 0.67421875 0.61640625 0.0296875 0.0453125
1 0.66015625 0.51796875 0.0140625 0.05625
1 0.6140625 0.52890625 0.0140625 0.05
1 0.35078125 0.5421875 0.0203125 0.0625
1 0.28359375 0.49375 0.0078125 0.065625
1 0.3421875 0.38125 0.0171875 0.0484375
1 0.4234375 0.390625 0.0171875 0.046875
1 0.4609375 0.43515625 0.01875 0.05625
1 0.484375 0.459375 0.0171875 0.059375
1 0.55546875 0.3671875 0.0125 0.0375
1 0.60234375 0.31171875 0.0109375 0.0375
1 0.5796875 0.38125 0.0109375 0.053125
0 0.28828125 0.56015625 0.0171875 0.021875
1 0.69453125 0.4125 0.0140625 0.053125
1 0.03125 0.91484375 0.0140625 0.053125
1 0.04296875 0.9296875 0.0140625 0.053125
1 0.08359375 0.95078125 0.0140625 0.0609375
1 0.18203125 0.9859375 0.0171875 0.028125
0 0.590625 0.90078125 0.009375 0.01875
1 0.99609375 0.746875 0.0078125 0.08125
1 0.903125 0.8390625 0.0171875 0.06875
1 0.92890625 0.98359375 0.0203125 0.0328125
1 0.853125 0.79453125 0.0203125 0.075
1 0.77890625 0.77265625 0.0171875 0.065625
1 0.765625 0.75 0.0109375 0.053125
1 0.6984375 0.7390625 0.015625 0.059375
1 0.62421875 0.7125 0.0203125 0.0578125
1 0.5921875 0.81171875 0.0171875 0.0671875
1 0.66796875 0.921875 0.0171875 0.071875
1 0.66875 0.92578125 0.0203125 0.046875
1 0.73125 0.875 0.0171875 0.0765625
1 0.4796875 0.87578125 0.0203125 0.06875
1 0.4453125 0.75234375 0.0203125 0.065625
1 0.471875 0.71953125 0.0171875 0.053125