1 0.0578125 0.24375 0.01875 0.0578125
1 0.06796875 0.2015625 0.01875 0.0546875
1 0.19296875 0.340625 0.015625 0.0375
1 0.1765625 0.35390625 0.015625 0.046875
1 0.23046875 0.3 0.0171875 0.0515625
1 0.2328125 0.140625 0.025 0.0640625
1 0.18359375 0.153125 0.021875 0.0671875
1 0.31640625 0.36640625 0.015625 0.0421875
1 0.34921875 0.37265625 0.0140625 0.0359375
1 0.3546875 0.40546875 0.0171875 0.0453125
1 0.3953125 0.425 0.0140625 0.0359375
1 0.47109375 0.33203125 0.0296875 0.0609375
1 0.4875 0.18984375 0.0296875 0.0671875
1 0.59921875 0.203125 0.025 0.0625
1 0.62578125 0.3578125 0.01875 0.0578125
1 0.5890625 0.41796875 0.01875 0.0546875
1 0.575 0.45 0.025 0.0609375
1 0.53984375 0.49296875 0.0234375 0.0625
1 0.7015625 0.5125 0.01875 0.034375
1 0.79375 0.44375 0.021875 0.05
1 0.715625 0.33046875 0.021875 0.0546875
1 0.771875 0.3703125 0.01875 0.0515625
1 0.96171875 0.4515625 0.025 0.05
1 0.86796875 0.5046875 0.0109375 0.040625
1 0.38046875 0.7640625 0.025 0.0703125
1 0.271875 0.89765625 0.025 0.0609375
1 0.35546875 0.946875 0.01875 0.0546875
1 0.2015625 0.9296875 0.021875 0.0578125
1 0.16953125 0.971875 0.021875 0.0546875
1 0.1703125 0.87734375 0.01875 0.0515625
1 0.096875 0.76640625 0.0203125 0.0703125
1 0.0046875 0.7953125 0.009375 0.0625
1 0.00390625 0.94140625 0.0078125 0.0515625
1 0.02578125 0.98046875 0.0171875 0.0390625
0 0.30859375 0.9140625 0.0109375 0.025
0 0.828125 0.54375 0.0078125 0.009375
0 0.7359375 0.6078125 0.00625 0.009375
0 0.7234375 0.68515625 0.00625 0.009375
0 0.86484375 0.7125 0.0078125 0.0078125
0 0.9125 0.68984375 0.00625 0.009375
0 0.96484375 0.61328125 0.0046875 0.0109375
0 0.8484375 0.7734375 0.0046875 0.0078125
0 0.83671875 0.73984375 0.00625 0.009375
0 0.70390625 0.8328125 0.0046875 0.0109375
0 0.61484375 0.78984375 0.00625 0.0125
0 0.69375 0.815625 0.0078125 0.009375
1 0.98515625 0.659375 0.028125 0.059375
1 0.9625 0.68203125 0.01875 0.0578125
1 0.94140625 0.7078125 0.0203125 0.053125
1 0.884375 0.74609375 0.0203125 0.0578125
1 0.7875 0.7828125 0.01875 0.0515625
1 0.775 0.8109375 0.0125 0.04375
1 0.6921875 0.771875 0.0171875 0.05
1 0.64296875 0.67734375 0.01875 0.053125
1 0.86171875 0.64921875 0.021875 0.0625
1 0.9484375 0.6546875 0.0203125 0.0609375
1 0.9921875 0.60234375 0.015625 0.0640625
1 0.675 0.54375 0.01875 0.028125
1 0.690625 0.84765625 0.015625 0.0421875
1 0.47734375 0.7328125 0.021875 0.0515625