1 0.40078125 0.38515625 0.0171875 0.0609375
1 0.36953125 0.4953125 0.0203125 0.0703125
1 0.2515625 0.3765625 0.0203125 0.0640625
1 0.23515625 0.40859375 0.01875 0.0578125
1 0.265625 0.2625 0.021875 0.0578125
1 0.32578125 0.25390625 0.0171875 0.053125
1 0.02265625 0.38125 0.01875 0.0578125
1 0.55078125 0.1703125 0.0203125 0.0703125
1 0.6375 0.1640625 0.021875 0.0625
1 0.64609375 0.10078125 0.025 0.0546875
1 0.66875 0.09453125 0.01875 0.0671875
1 0.69296875 0.121875 0.01875 0.0609375
1 0.69296875 0.0796875 0.015625 0.065625
1 0.73203125 0.096875 0.01875 0.065625
1 0.76328125 0.06796875 0.0171875 0.053125
1 0.81953125 0.17578125 0.01875 0.0546875
1 0.775 0.0328125 0.015625 0.059375
1 0.8 0.06171875 0.0140625 0.0515625
1 0.840625 0.05234375 0.015625 0.059375
1 0.8765625 0.0546875 0.0171875 0.0296875
1 0.90625 0.0078125 0.015625 0.015625
1 0.90078125 0.06640625 0.0140625 0.05
1 0.9734375 0.121875 0.025 0.0578125
1 0.47421875 0.13046875 0.015625 0.06875
0 0.4765625 0.1125 0.0078125 0.01875
1 0.05625 0.6125 0.0140625 0.0421875
1 0.146875 0.65234375 0.01875 0.0546875
1 0.14609375 0.63984375 0.0171875 0.0484375
1 0.18984375 0.61015625 0.0140625 0.04375
1 0.20390625 0.60234375 0.0109375 0.040625
1 0.20703125 0.60546875 0.0109375 0.046875
1 0.24609375 0.61484375 0.015625 0.053125
1 0.30859375 0.7421875 0.021875 0.0671875
1 0.334375 0.64375 0.01875 0.0578125
1 0.11640625 0.88828125 0.025 0.0828125
1 0.5015625 0.54921875 0.01875 0.0203125
1 0.6171875 0.56015625 0.015625 0.0421875
1 0.70390625 0.60859375 0.0140625 0.053125
1 0.6875 0.615625 0.0140625 0.046875
1 0.73515625 0.55 0.0171875 0.021875
1 0.8671875 0.5453125 0.015625 0.0125