1 0.2234375 0.45625 0.0609375 0.025
1 0.33671875 0.4359375 0.0703125 0.0265625
1 0.23046875 0.30625 0.0640625 0.0265625
1 0.2640625 0.29296875 0.0578125 0.0234375
1 0.115625 0.3078125 0.0578125 0.0265625
1 0.10078125 0.3671875 0.053125 0.0234375
1 0.259375 0.07890625 0.0578125 0.0234375
1 0.25859375 0.04375 0.0453125 0.025
1 0.4140625 0.0625 0.05625 0.0203125
1 0.446875 0.07734375 0.059375 0.0265625
1 0.52890625 0.159375 0.0703125 0.0296875
1 0.44765625 0.27890625 0.0703125 0.0328125
1 0.92109375 0.1046875 0.0578125 0.021875
1 0.91328125 0.084375 0.0453125 0.01875
1 0.90703125 0.0890625 0.0484375 0.0203125
1 0.846875 0.1109375 0.0453125 0.01875
1 0.9765625 0.1765625 0.046875 0.021875
1 0.97578125 0.25078125 0.0484375 0.0234375
1 0.96171875 0.4015625 0.034375 0.015625
1 0.9421875 0.40859375 0.0546875 0.0203125
1 0.934375 0.4140625 0.05625 0.021875
1 0.8015625 0.38203125 0.05 0.01875
1 0.76796875 0.30625 0.0390625 0.0171875
1 0.77734375 0.271875 0.0390625 0.0171875
1 0.81796875 0.228125 0.0421875 0.0171875
1 0.86640625 0.23203125 0.0421875 0.0171875
1 0.86328125 0.2828125 0.0453125 0.01875
1 0.85390625 0.29140625 0.0453125 0.021875
1 0.37421875 0.659375 0.0671875 0.0265625
1 0.23046875 0.565625 0.0515625 0.0203125
1 0.23125 0.80625 0.05 0.021875
1 0.209375 0.82578125 0.0515625 0.0234375
1 0.28984375 0.9859375 0.0578125 0.021875
1 0.18125 0.94921875 0.0515625 0.021875
1 0.1890625 0.90078125 0.0546875 0.0203125
1 0.14453125 0.9171875 0.0546875 0.0234375
1 0.13515625 0.93515625 0.0453125 0.01875
1 0.10625 0.921875 0.0484375 0.0171875
1 0.121875 0.8984375 0.0515625 0.0203125
1 0.853125 0.74375 0.1203125 0.0484375
1 0.7140625 0.97265625 0.06875 0.0390625
1 0.6984375 0.98125 0.0375 0.03125