1 0.00625 0.275 0.0125 0.059375
1 0.00546875 0.64140625 0.0109375 0.0765625
1 0.09765625 0.4375 0.025 0.0609375
1 0.11640625 0.55078125 0.028125 0.0703125
1 0.24765625 0.446875 0.028125 0.0640625
1 0.26015625 0.48046875 0.025 0.0578125
1 0.2484375 0.33203125 0.028125 0.0578125
1 0.1890625 0.315625 0.0234375 0.053125
1 0.47421875 0.4796875 0.025 0.0578125
1 0.51015625 0.4796875 0.025 0.046875
1 0.48828125 0.63515625 0.021875 0.05625
1 0.47265625 0.6671875 0.028125 0.059375
1 0.271875 0.6640625 0.0328125 0.0703125
1 0.66171875 0.53671875 0.0140625 0.0703125
1 0.63125 0.57890625 0.028125 0.0609375
1 0.7015625 0.13125 0.01875 0.0453125
1 0.76953125 0.10390625 0.015625 0.0390625
1 0.7921875 0.19765625 0.0171875 0.040625
1 0.74453125 0.2421875 0.0234375 0.0515625
1 0.71640625 0.2921875 0.028125 0.0609375
1 0.68046875 0.35078125 0.0234375 0.0703125
1 0.9375 0.43515625 0.03125 0.0703125
1 0.93046875 0.38828125 0.028125 0.0703125
1 0.97578125 0.32578125 0.0265625 0.06875
1 0.96953125 0.2484375 0.0234375 0.0546875
1 0.9578125 0.22734375 0.021875 0.0609375
1 0.8703125 0.17421875 0.01875 0.0421875
1 0.81328125 0.18671875 0.0234375 0.0515625
1 0.56328125 0.71796875 0.0359375 0.0171875
1 0.15859375 0.7921875 0.0375 0.0859375
1 0.85 0.9921875 0.015625 0.015625