0 0.15078125 0.034375 0.0140625 0.0078125
1 0.18984375 0.571875 0.0484375 0.015625
1 0.178125 0.55234375 0.040625 0.0140625
1 0.18828125 0.4796875 0.0390625 0.0140625
1 0.13828125 0.47578125 0.05625 0.015625
1 0.15859375 0.2265625 0.0515625 0.0171875
1 0.1734375 0.14296875 0.0453125 0.0171875
1 0.16953125 0.04296875 0.0484375 0.0171875
1 0.21953125 0.3015625 0.04375 0.0109375
1 0.23125 0.31484375 0.0390625 0.015625
1 0.2203125 0.3296875 0.028125 0.0125
1 0.21875 0.34765625 0.0296875 0.015625
1 0.22578125 0.3734375 0.034375 0.009375
1 0.22890625 0.38125 0.0375 0.009375
1 0.209375 0.3859375 0.028125 0.009375
1 0.18046875 0.39453125 0.040625 0.0140625
1 0.21953125 0.33125 0.0390625 0.0140625
1 0.95859375 0.5234375 0.0765625 0.0234375
1 0.98671875 0.56953125 0.0265625 0.0203125
1 0.66328125 0.221875 0.103125 0.0421875
1 0.8546875 0.10703125 0.103125 0.0390625
1 0.965625 0.1453125 0.06875 0.028125
1 0.91484375 0.34140625 0.0859375 0.025
0 0.14765625 0.9296875 0.0203125 0.0125
1 0.7265625 0.74921875 0.0625 0.01875
1 0.7734375 0.853125 0.05625 0.0125
1 0.765625 0.86796875 0.0515625 0.0140625
1 0.8046875 0.89140625 0.05 0.0171875
1 0.87421875 0.8921875 0.0546875 0.01875
1 0.87109375 0.9359375 0.0453125 0.0171875
1 0.85 0.9546875 0.0453125 0.015625
1 0.88828125 0.96171875 0.0359375 0.0125
1 0.89921875 0.95703125 0.040625 0.0109375
1 0.94765625 0.94375 0.0484375 0.0171875
1 0.97890625 0.9921875 0.0421875 0.015625
1 0.66484375 0.99375 0.0609375 0.0125
1 0.7234375 0.92109375 0.0546875 0.0203125
1 0.97734375 0.81484375 0.0453125 0.0140625
0 0.70234375 0.7546875 0.01875 0.0078125