1 0.30703125 0.09453125 0.0515625 0.0203125
1 0.2984375 0.178125 0.0453125 0.0203125
1 0.3859375 0.03828125 0.04375 0.0140625
1 0.40078125 0.02890625 0.0390625 0.01875
1 0.39453125 0.0125 0.028125 0.0140625
1 0.39375 0.009375 0.040625 0.015625
1 0.56875 0.17890625 0.01875 0.0203125
1 0.63671875 0.21484375 0.0484375 0.0078125
1 0.64140625 0.2 0.0390625 0.015625
1 0.68828125 0.20703125 0.040625 0.0125
1 0.753125 0.215625 0.03125 0.00625
1 0.78046875 0.21171875 0.034375 0.0125
1 0.76171875 0.19140625 0.0359375 0.015625
1 0.71171875 0.19140625 0.0375 0.015625
1 0.6734375 0.13359375 0.0421875 0.0171875
1 0.7015625 0.0203125 0.0453125 0.0171875
1 0.74609375 0.0578125 0.040625 0.0140625
0 0.27890625 0.37109375 0.015625 0.009375
1 0.0234375 0.965625 0.046875 0.021875
1 0.0265625 0.940625 0.053125 0.021875
1 0.13828125 0.99296875 0.0515625 0.0140625
1 0.15859375 0.96171875 0.05625 0.01875
1 0.2296875 0.91953125 0.05 0.0171875
1 0.228125 0.9109375 0.0328125 0.0125
1 0.2015625 0.784375 0.0484375 0.0171875
1 0.1328125 0.7546875 0.0484375 0.0171875
1 0.1234375 0.7234375 0.046875 0.0171875
1 0.20859375 0.596875 0.0453125 0.0140625
1 0.26796875 0.67734375 0.034375 0.01875
1 0.32265625 0.61796875 0.0390625 0.015625
1 0.20546875 0.56875 0.0546875 0.01875
1 0.12734375 0.51015625 0.0609375 0.021875
1 0.04765625 0.3046875 0.065625 0.0234375
1 0.22890625 0.24609375 0.0546875 0.01875
1 0.2859375 0.29140625 0.046875 0.0171875
1 0.25 0.428125 0.0453125 0.0171875
1 0.3109375 0.41484375 0.0453125 0.0203125
1 0.596875 0.859375 0.0640625 0.0265625
1 0.65703125 0.98359375 0.0609375 0.025
1 0.71796875 0.9109375 0.0609375 0.025
1 0.7671875 0.73203125 0.0453125 0.01875
1 0.7140625 0.68515625 0.0515625 0.0171875
1 0.79375 0.7140625 0.0421875 0.01875
1 0.7484375 0.575 0.0546875 0.01875
1 0.71484375 0.51875 0.0546875 0.01875
1 0.7484375 0.46796875 0.0484375 0.0203125
1 0.79140625 0.4515625 0.0453125 0.0203125
1 0.80703125 0.41171875 0.0546875 0.0203125
1 0.7953125 0.38515625 0.0515625 0.0234375
1 0.75 0.3703125 0.0484375 0.0171875
1 0.73515625 0.378125 0.0546875 0.01875
1 0.77265625 0.51015625 0.040625 0.0140625
1 0.76328125 0.53359375 0.0453125 0.021875
1 0.7828125 0.54140625 0.0453125 0.0234375
1 0.8234375 0.50546875 0.0484375 0.0203125
1 0.828125 0.5890625 0.0453125 0.0171875
1 0.8484375 0.57265625 0.0375 0.0125