1 0.90625 0.603125 0.0625 0.0125
1 0.12734375 0.7453125 0.071875 0.0140625
1 0.17109375 0.840625 0.0609375 0.0171875
1 0.2515625 0.89453125 0.0453125 0.0140625
1 0.31875 0.915625 0.04375 0.0109375
1 0.32421875 0.934375 0.0375 0.009375
1 0.28125 0.8234375 0.0453125 0.0109375
1 0.31484375 0.778125 0.04375 0.009375
1 0.2859375 0.71796875 0.040625 0.0125
1 0.31171875 0.68671875 0.04375 0.009375
1 0.27890625 0.671875 0.046875 0.01875
1 0.234375 0.61875 0.053125 0.01875
1 0.25703125 0.72734375 0.034375 0.0140625
1 0.25703125 0.79453125 0.04375 0.009375
1 0.2625 0.7671875 0.040625 0.009375
0 0.240625 0.7859375 0.0125 0.00625
1 0.8609375 0.80859375 0.059375 0.0234375
1 0.71796875 0.80390625 0.065625 0.0234375
1 0.715625 0.91640625 0.0609375 0.01875
1 0.86484375 0.96484375 0.05625 0.0140625
1 0.9296875 0.93671875 0.053125 0.0140625
1 0.96328125 0.92734375 0.059375 0.01875
1 0.98984375 0.89765625 0.0203125 0.0171875