1 0.3265625 0.290625 0.00625 0.05
1 0.31875 0.29765625 0.021875 0.0453125
1 0.2359375 0.34453125 0.0234375 0.0453125
1 0.20234375 0.3484375 0.0234375 0.05
1 0.18359375 0.38046875 0.0203125 0.0484375
1 0.16796875 0.31796875 0.0171875 0.04375
1 0.14296875 0.3265625 0.025 0.0453125
1 0.20234375 0.30625 0.0234375 0.05
1 0.02265625 0.36875 0.0296875 0.053125
1 0.07578125 0.46875 0.028125 0.0546875
1 0.99453125 0.30078125 0.0109375 0.0765625
1 0.66171875 0.2453125 0.021875 0.0453125
1 0.41171875 0.45625 0.0390625 0.078125
1 0.4265625 0.2453125 0.01875 0.046875
1 0.40078125 0.159375 0.015625 0.0328125
1 0.49453125 0.15859375 0.0140625 0.028125
1 0.515625 0.17890625 0.01875 0.0390625
1 0.56640625 0.17734375 0.01875 0.0421875
1 0.7140625 0.11796875 0.0203125 0.0359375
1 0.759375 0.06875 0.0125 0.028125
1 0.7859375 0.1328125 0.021875 0.0390625
1 0.8203125 0.1625 0.025 0.0453125
1 0.91953125 0.11796875 0.0203125 0.0484375
1 0.93984375 0.1625 0.025 0.0578125
1 0.94453125 0.1328125 0.0234375 0.05625
1 0.91484375 0.0671875 0.0203125 0.0484375
1 0.88515625 0.0390625 0.015625 0.0359375
1 0.01640625 0.7078125 0.028125 0.0546875
1 0.04765625 0.64140625 0.0203125 0.0484375
1 0.13046875 0.75 0.028125 0.0546875
1 0.19296875 0.60390625 0.0265625 0.0515625
1 0.26328125 0.6375 0.0265625 0.0515625
1 0.31640625 0.71875 0.025 0.0515625
1 0.22109375 0.9171875 0.03125 0.0671875
1 0.11015625 0.96640625 0.0359375 0.0671875
1 0.746875 0.9734375 0.034375 0.053125
1 0.44140625 0.95859375 0.0359375 0.075
1 0.45859375 0.93671875 0.0296875 0.0703125
1 0.51640625 0.8109375 0.025 0.053125
1 0.55703125 0.84296875 0.03125 0.0703125
1 0.6265625 0.825 0.0234375 0.0546875
1 0.65390625 0.80546875 0.0234375 0.053125
1 0.58203125 0.74921875 0.0265625 0.053125
1 0.60078125 0.73984375 0.0234375 0.0578125
1 0.36328125 0.825 0.025 0.0578125
1 0.79140625 0.68046875 0.0203125 0.053125
1 0.72890625 0.9578125 0.0359375 0.084375