0 0.1890625 0.26953125 0.009375 0.0140625
1 0.58203125 0.090625 0.0140625 0.05
1 0.58359375 0.16640625 0.0109375 0.0515625
1 0.56875 0.17578125 0.021875 0.05
1 0.553125 0.1765625 0.0234375 0.0453125
1 0.45703125 0.17578125 0.0234375 0.0453125
1 0.425 0.1875 0.0234375 0.05
1 0.39375 0.16796875 0.0203125 0.0484375
1 0.409375 0.23046875 0.0171875 0.04375
1 0.3828125 0.23515625 0.025 0.0453125
1 0.4453125 0.225 0.0234375 0.05
1 0.2578125 0.25390625 0.0296875 0.053125
1 0.25625 0.140625 0.028125 0.0546875
1 0.11328125 0.25390625 0.0171875 0.046875
1 0.109375 0.2703125 0.021875 0.0375
1 0.228125 0.28359375 0.01875 0.0109375
1 0.0453125 0.24765625 0.0265625 0.053125
0 0.621875 0.1421875 0.0140625 0.0234375
1 0.6234375 0.1828125 0.046875 0.096875
1 0.6296875 0.278125 0.034375 0.021875
1 0.86640625 0.2734375 0.0328125 0.03125
1 0.8984375 0.22109375 0.028125 0.0671875
0 0.0765625 0.66875 0.0078125 0.00625
0 0.10703125 0.78671875 0.0046875 0.009375
0 0.134375 0.8765625 0.0046875 0.0078125
0 0.2828125 0.84453125 0.00625 0.0109375
0 0.29453125 0.784375 0.00625 0.0078125
0 0.3078125 0.6625 0.0046875 0.0078125
0 0.32578125 0.61875 0.00625 0.0078125
0 0.4359375 0.7265625 0.00625 0.0109375
0 0.4421875 0.784375 0.0046875 0.009375
0 0.415625 0.8203125 0.0046875 0.00625
0 0.490625 0.69453125 0.0046875 0.0046875
0 0.46796875 0.64609375 0.0078125 0.0109375
0 0.4984375 0.621875 0.00625 0.009375
1 0.58203125 0.6828125 0.0140625 0.046875
1 0.57265625 0.6640625 0.0265625 0.046875
1 0.546875 0.70625 0.0234375 0.0484375
1 0.384375 0.609375 0.028125 0.0546875
1 0.2609375 0.64921875 0.0265625 0.0640625
1 0.26953125 0.7125 0.028125 0.0546875
1 0.31875 0.71640625 0.025 0.0578125
1 0.26015625 0.7828125 0.021875 0.0453125
1 0.38125 0.7828125 0.021875 0.0390625
1 0.1734375 0.82109375 0.025 0.053125
1 0.1484375 0.88828125 0.015625 0.0359375
1 0.14765625 0.90234375 0.015625 0.0375
1 0.08359375 0.85078125 0.0265625 0.05
1 0.01640625 0.90390625 0.0234375 0.0453125
1 0.13671875 0.73828125 0.025 0.0546875
1 0.653125 0.63359375 0.021875 0.0515625
1 0.68359375 0.57421875 0.021875 0.0515625
1 0.78984375 0.60234375 0.025 0.046875
1 0.8203125 0.6078125 0.021875 0.0484375
1 0.85546875 0.60234375 0.0203125 0.0453125
1 0.896875 0.57109375 0.0265625 0.0546875
1 0.94921875 0.61484375 0.0171875 0.0328125
1 0.9109375 0.665625 0.0140625 0.03125
1 0.925 0.671875 0.0171875 0.0328125