0 0.1328125 0.23671875 0.0125 0.0078125
1 0.19765625 0.0171875 0.046875 0.0125
1 0.1328125 0.0125 0.04375 0.009375
1 0.13359375 0.0390625 0.0453125 0.0171875
1 0.1359375 0.16640625 0.0515625 0.021875
1 0.2484375 0.14765625 0.0546875 0.01875
1 0.16171875 0.3078125 0.046875 0.009375
1 0.13828125 0.31484375 0.05 0.0125
1 0.10078125 0.24296875 0.0390625 0.0125
1 0.096875 0.2015625 0.040625 0.0125
1 0.1796875 0.3734375 0.053125 0.0171875
1 0.69765625 0.034375 0.0765625 0.0265625
1 0.503125 0.890625 0.034375 0.009375
1 0.45078125 0.79375 0.0328125 0.0078125
1 0.4265625 0.8046875 0.0203125 0.0140625
1 0.35390625 0.77734375 0.025 0.0078125
0 0.36875 0.7640625 0.009375 0.00625
1 0.3921875 0.7203125 0.028125 0.00625
1 0.42734375 0.603125 0.0265625 0.0078125
1 0.48125 0.50546875 0.0296875 0.0109375
1 0.565625 0.59140625 0.040625 0.0140625
0 0.5109375 0.75234375 0.0125 0.0078125