1 0.053125 0.0671875 0.065625 0.025
1 0.7234375 0.475 0.0640625 0.028125
1 0.5921875 0.478125 0.0609375 0.028125
1 0.6140625 0.29375 0.0453125 0.0203125
1 0.68046875 0.2703125 0.0515625 0.0203125
1 0.5953125 0.26640625 0.0421875 0.0203125
1 0.68984375 0.1546875 0.0546875 0.0203125
1 0.74140625 0.115625 0.0546875 0.0203125
1 0.7296875 0.05546875 0.0484375 0.021875
1 0.69609375 0.02421875 0.0453125 0.021875
1 0.69140625 0.0859375 0.040625 0.015625
1 0.69140625 0.1109375 0.0453125 0.0234375
1 0.6703125 0.1109375 0.0453125 0.025
1 0.64609375 0.0625 0.0484375 0.021875
1 0.6109375 0.13828125 0.0453125 0.01875
1 0.5984375 0.115625 0.0375 0.0140625
1 0.1734375 0.9921875 0.0625 0.015625
1 0.18359375 0.95546875 0.0609375 0.0296875
1 0.20859375 0.9515625 0.0625 0.0234375
1 0.08671875 0.93125 0.0578125 0.021875
1 0.07109375 0.94609375 0.0453125 0.01875
1 0.0671875 0.93984375 0.0484375 0.0203125
1 0.021875 0.8953125 0.04375 0.01875
1 0.17265625 0.890625 0.0578125 0.021875
1 0.2015625 0.82109375 0.0578125 0.0234375
1 0.24453125 0.6765625 0.034375 0.015625
1 0.22890625 0.66171875 0.0546875 0.0203125
1 0.22421875 0.65390625 0.05625 0.021875
1 0.08984375 0.62890625 0.05 0.01875
1 0.028125 0.68515625 0.0390625 0.0171875
1 0.0234375 0.7203125 0.0390625 0.0171875
1 0.0421875 0.7765625 0.0421875 0.0171875
1 0.08828125 0.79296875 0.0421875 0.0171875
1 0.10625 0.7453125 0.0453125 0.01875
1 0.1015625 0.7328125 0.0453125 0.021875
1 0.79140625 0.5296875 0.0546875 0.021875
1 0.8953125 0.68984375 0.0515625 0.021875
1 0.85703125 0.81328125 0.0625 0.03125
1 0.79296875 0.80703125 0.0578125 0.0234375
1 0.7859375 0.7578125 0.0578125 0.0265625
1 0.728125 0.8203125 0.04375 0.025
1 0.71796875 0.7 0.0421875 0.0203125
1 0.68515625 0.90625 0.0484375 0.025
1 0.76953125 0.94140625 0.0640625 0.028125
1 0.66796875 0.99296875 0.0421875 0.0140625
1 0.61015625 0.93515625 0.0421875 0.0171875
1 0.6234375 0.93359375 0.0390625 0.0171875
0 0.6359375 0.94765625 0.0171875 0.009375