1 0.41484375 0.07890625 0.0703125 0.0234375
1 0.4046875 0.16484375 0.0625 0.025
1 0.340625 0.16953125 0.05625 0.028125
1 0.33359375 0.1921875 0.0671875 0.021875
1 0.359375 0.21796875 0.0609375 0.021875
1 0.3171875 0.215625 0.065625 0.01875
1 0.33203125 0.25546875 0.065625 0.021875
1 0.3015625 0.28515625 0.053125 0.0203125
1 0.40625 0.346875 0.0546875 0.0203125
1 0.26640625 0.29453125 0.059375 0.01875
1 0.29375 0.32109375 0.053125 0.0171875
1 0.28203125 0.36171875 0.059375 0.01875
1 0.2828125 0.39765625 0.0296875 0.01875
1 0.21640625 0.42421875 0.0515625 0.01875
1 0.29296875 0.42265625 0.0515625 0.0171875
1 0.34453125 0.49765625 0.0578125 0.0265625
1 0.39453125 0.5828125 0.065625 0.021875
1 0.2625 0.57578125 0.059375 0.01875
1 0.3 0.6875 0.075 0.0296875
1 0.378125 0.00390625 0.06875 0.0078125
0 0.3609375 0.003125 0.01875 0.00625
0 0.90703125 0.4640625 0.0140625 0.0109375
0 0.90546875 0.50625 0.0140625 0.0109375
0 0.8125 0.51328125 0.0140625 0.0109375
0 0.90390625 0.13203125 0.0171875 0.0109375
0 0.76484375 0.04609375 0.0203125 0.0125
0 0.74609375 0.25234375 0.0203125 0.0125
0 0.803125 0.6484375 0.01875 0.0140625
0 0.70234375 0.5421875 0.0171875 0.0109375
1 0.72109375 0.35546875 0.0828125 0.04375
1 0.64296875 0.18203125 0.0671875 0.0265625
1 0.62109375 0.29375 0.0234375 0.03125
1 0.628125 0.48828125 0.0375 0.0390625
1 0.63359375 0.690625 0.0484375 0.03125
1 0.24296875 0.92890625 0.05 0.028125
1 0.3484375 0.89765625 0.0640625 0.0265625
1 0.38125 0.7765625 0.0671875 0.025
1 0.5703125 0.92734375 0.065625 0.03125
1 0.984375 0.96484375 0.03125 0.0140625