1 0.25078125 0.1671875 0.0265625 0.065625
1 0.22265625 0.134375 0.0234375 0.053125
1 0.15390625 0.234375 0.0234375 0.0546875
1 0.215625 0.0984375 0.021875 0.059375
1 0.1875 0.1234375 0.0203125 0.053125
1 0.1484375 0.11015625 0.021875 0.059375
1 0.11171875 0.1078125 0.0203125 0.03125
1 0.08984375 0.0390625 0.021875 0.0515625
1 0.08671875 0.11640625 0.0203125 0.0515625
1 0.01171875 0.1625 0.0234375 0.059375
1 0.96171875 0.08046875 0.0203125 0.0453125
1 0.94765625 0.1015625 0.01875 0.0453125
1 0.95703125 0.17109375 0.0203125 0.053125
1 0.90390625 0.1703125 0.0203125 0.046875
1 0.8859375 0.21328125 0.0234375 0.0578125
1 0.8765625 0.1515625 0.0203125 0.0484375
1 0.890625 0.11875 0.01875 0.0453125
1 0.8828125 0.084375 0.025 0.046875
1 0.83984375 0.0765625 0.0203125 0.046875
1 0.78359375 0.03359375 0.01875 0.0421875
1 0.78125 0.103125 0.0234375 0.0484375
1 0.7484375 0.12734375 0.0203125 0.0453125
1 0.7375 0.1171875 0.021875 0.0453125
1 0.7375 0.13671875 0.0203125 0.053125
1 0.690625 0.27421875 0.0265625 0.0640625
1 0.7078125 0.37890625 0.0296875 0.0671875
0 0.73828125 0.1515625 0.009375 0.0109375
1 0.009375 0.84453125 0.01875 0.0546875
1 0.00546875 0.89921875 0.0109375 0.0546875
1 0.034375 0.7609375 0.0234375 0.0578125
1 0.13125 0.7359375 0.021875 0.0421875
1 0.21171875 0.82734375 0.025 0.046875
1 0.85546875 0.8734375 0.025 0.0640625
1 0.815625 0.79453125 0.025 0.05
1 0.82734375 0.77265625 0.01875 0.0328125
1 0.82265625 0.7515625 0.0203125 0.040625
1 0.80625 0.759375 0.021875 0.0453125
1 0.7765625 0.74453125 0.01875 0.0453125
1 0.77421875 0.7296875 0.0171875 0.040625
1 0.76640625 0.71328125 0.01875 0.0421875
1 0.67109375 0.7390625 0.025 0.0484375
1 0.6625 0.70390625 0.0140625 0.04375
1 0.66953125 0.6953125 0.01875 0.0453125
1 0.54609375 0.66015625 0.0234375 0.0453125
1 0.51015625 0.62890625 0.021875 0.0453125
1 0.4578125 0.665625 0.0234375 0.0484375
1 0.453125 0.72578125 0.021875 0.0546875
1 0.42421875 0.67109375 0.01875 0.046875
1 0.390625 0.81171875 0.0171875 0.05
1 0.3859375 0.81953125 0.0203125 0.053125