0 0.53671875 0.034375 0.009375 0.01875
1 0.55 0.065625 0.0171875 0.0546875
1 0.5375 0.05078125 0.01875 0.0421875
1 0.54921875 0.13046875 0.0234375 0.0609375
1 0.515625 0.11796875 0.0203125 0.0578125
1 0.49609375 0.184375 0.0203125 0.0578125
1 0.41171875 0.09921875 0.0203125 0.0609375
1 0.39140625 0.08515625 0.0203125 0.0578125
1 0.28359375 0.02578125 0.0234375 0.0515625
1 0.14375 0.01953125 0.028125 0.0390625
1 0.1640625 0.1671875 0.0265625 0.0640625
1 0.22734375 0.23515625 0.025 0.0671875
1 0.346875 0.2671875 0.028125 0.065625
1 0.4375 0.30234375 0.01875 0.0546875
1 0.11015625 0.19765625 0.021875 0.0515625
1 0.99296875 0.30078125 0.0140625 0.0578125
1 0.978125 0.03671875 0.0203125 0.0609375
1 0.95 0.09921875 0.01875 0.0640625
1 0.80234375 0.01015625 0.0140625 0.0203125
1 0.78046875 0.0109375 0.0171875 0.021875
1 0.59453125 0.02421875 0.0109375 0.0484375
1 0.684375 0.02265625 0.01875 0.0453125
1 0.72109375 0.17578125 0.0234375 0.059375
1 0.62265625 0.284375 0.0359375 0.0828125
1 0.515625 0.73046875 0.0375 0.075
1 0.51484375 0.6171875 0.0203125 0.0578125
1 0.4671875 0.621875 0.01875 0.0515625
1 0.2640625 0.79921875 0.0375 0.0828125
1 0.2046875 0.603125 0.0265625 0.0640625
1 0.1390625 0.546875 0.025 0.0671875
1 0.0234375 0.5796875 0.034375 0.071875
1 0.215625 0.4421875 0.021875 0.05
1 0.29453125 0.46171875 0.021875 0.0484375
1 0.3265625 0.51015625 0.025 0.0578125
1 0.34765625 0.5375 0.0234375 0.0609375
1 0.42890625 0.4546875 0.0171875 0.0390625
1 0.4828125 0.4046875 0.015625 0.0390625
1 0.4515625 0.471875 0.0171875 0.0546875
1 0.04296875 0.43359375 0.0203125 0.0578125
0 0.140625 0.61328125 0.0203125 0.0234375
1 0.56171875 0.51640625 0.0203125 0.0546875
1 0.5953125 0.97421875 0.0125 0.0515625
1 0.6484375 0.72109375 0.0203125 0.0640625
1 0.74140625 0.6453125 0.01875 0.0515625
1 0.82734375 0.58984375 0.01875 0.0421875
1 0.85625 0.75 0.01875 0.0640625
1 0.971875 0.65546875 0.025 0.0515625
0 0.7609375 0.6640625 0.009375 0.0234375