1 0.0140625 0.58203125 0.028125 0.0203125
1 0.0109375 0.54609375 0.021875 0.0171875
1 0.0625 0.5421875 0.0578125 0.0171875
1 0.0140625 0.43984375 0.028125 0.0171875
1 0.00859375 0.41796875 0.0171875 0.0171875
1 0.12109375 0.2140625 0.0640625 0.0234375
1 0.1734375 0.29140625 0.0671875 0.021875
1 0.17734375 0.415625 0.065625 0.025
1 0.26875 0.4390625 0.0703125 0.025
1 0.19765625 0.5125 0.06875 0.015625
1 0.3265625 0.19921875 0.0796875 0.0234375
1 0.1625 0.16875 0.0515625 0.0203125
1 0.1265625 0.00234375 0.065625 0.0046875
1 0.36796875 0.01171875 0.0921875 0.0234375
1 0.6828125 0.2609375 0.0453125 0.015625
1 0.7296875 0.084375 0.0484375 0.0203125
1 0.82734375 0.13984375 0.053125 0.0171875
1 0.81328125 0.3046875 0.0546875 0.01875
1 0.6921875 0.3328125 0.0484375 0.0140625
1 0.69921875 0.35234375 0.046875 0.0140625
1 0.8671875 0.46328125 0.0578125 0.0171875
1 0.72265625 0.484375 0.046875 0.0140625
1 0.61484375 0.478125 0.0109375 0.015625
1 0.69921875 0.62265625 0.0546875 0.0171875
1 0.859375 0.6421875 0.059375 0.0140625
1 0.9359375 0.653125 0.05 0.0125
1 0.14609375 0.89296875 0.0640625 0.028125
1 0.98984375 0.884375 0.0203125 0.025