0 0.2453125 0.12734375 0.01875 0.009375
1 0.271875 0.10625 0.0546875 0.0171875
1 0.26171875 0.121875 0.0421875 0.01875
1 0.334375 0.08828125 0.0609375 0.0234375
1 0.33203125 0.12421875 0.0578125 0.0203125
1 0.40078125 0.125 0.0578125 0.0203125
1 0.3421875 0.2296875 0.0609375 0.0203125
1 0.334375 0.25234375 0.0578125 0.0203125
1 0.30234375 0.37421875 0.0609375 0.0234375
1 0.52421875 0.36953125 0.0671875 0.025
1 0.521875 0.2453125 0.065625 0.028125
1 0.6125 0.21640625 0.0703125 0.028125
1 0.5375 0.146875 0.06875 0.01875
1 0.990625 0.19375 0.01875 0.009375
1 0.9859375 0.1859375 0.028125 0.009375
1 0.99140625 0.171875 0.0171875 0.009375
1 0.98828125 0.1671875 0.0234375 0.009375
1 0.99296875 0.1578125 0.0140625 0.00625
1 0.9875 0.153125 0.025 0.009375
1 0.99375 0.153125 0.0125 0.00625
1 0.99453125 0.146875 0.0109375 0.00625
1 0.99375 0.13984375 0.0125 0.0078125
1 0.9890625 0.1359375 0.021875 0.009375
1 0.96796875 0.00390625 0.025 0.0078125
0 0.56640625 0.56171875 0.0234375 0.0125
1 0.528125 0.575 0.096875 0.0375
1 0.41171875 0.61484375 0.0734375 0.0265625
1 0.30546875 0.5734375 0.0734375 0.021875
1 0.27734375 0.640625 0.0578125 0.01875
1 0.2515625 0.653125 0.059375 0.0171875
1 0.18515625 0.6640625 0.0546875 0.0171875
1 0.2234375 0.6125 0.0546875 0.0203125
1 0.19296875 0.6140625 0.0546875 0.0203125
1 0.228125 0.5703125 0.0625 0.0203125
1 0.259375 0.47578125 0.0578125 0.0203125
1 0.30859375 0.4734375 0.0703125 0.021875
1 0.24609375 0.459375 0.0703125 0.025
1 0.34921875 0.88984375 0.0734375 0.021875
1 0.2984375 0.9796875 0.065625 0.021875
1 0.19921875 0.76171875 0.0484375 0.015625
1 0.17578125 0.7703125 0.0515625 0.015625
1 0.94375 0.72421875 0.0390625 0.015625
1 0.99375 0.63359375 0.0125 0.0140625
1 0.9890625 0.621875 0.021875 0.015625
1 0.903125 0.56953125 0.0390625 0.0140625
1 0.93046875 0.55390625 0.05 0.015625
1 0.92421875 0.5359375 0.0453125 0.0125
1 0.95703125 0.46484375 0.0453125 0.015625
1 0.975 0.42421875 0.046875 0.01875
1 0.94140625 0.40703125 0.0359375 0.0140625
1 0.89296875 0.465625 0.0359375 0.015625
1 0.8828125 0.47734375 0.0421875 0.0171875
1 0.9 0.66015625 0.0359375 0.0140625
0 0.8953125 0.66171875 0.009375 0.0046875