1 0.5484375 0.13046875 0.0640625 0.0140625
1 0.61484375 0.23828125 0.0484375 0.0109375
1 0.5015625 0.26171875 0.053125 0.009375
1 0.47578125 0.2984375 0.059375 0.0109375
1 0.35390625 0.215625 0.053125 0.0109375
1 0.43203125 0.16171875 0.059375 0.0140625
1 0.40859375 0.05625 0.0625 0.0171875
1 0.278125 0.01171875 0.05 0.0109375
1 0.28515625 0.0390625 0.053125 0.0109375
1 0.171875 0.21015625 0.034375 0.009375
1 0.8890625 0.08984375 0.05625 0.0140625
1 0.94921875 0.303125 0.0515625 0.0109375
1 0.9828125 0.3109375 0.034375 0.00625
1 0.44296875 0.95234375 0.0765625 0.0171875
1 0.23828125 0.734375 0.053125 0.0109375
1 0.35625 0.66640625 0.05625 0.0171875
1 0.31328125 0.6734375 0.053125 0.0140625
1 0.2765625 0.6609375 0.05625 0.0171875
1 0.2171875 0.53125 0.05 0.0140625
1 0.484375 0.52109375 0.0828125 0.0203125
1 0.4328125 0.40234375 0.075 0.0203125
1 0.2984375 0.36640625 0.05625 0.0109375
1 0.31953125 0.37734375 0.05625 0.0140625
1 0.26796875 0.41640625 0.053125 0.0140625
1 0.2375 0.41953125 0.05 0.0125
1 0.17421875 0.48671875 0.0375 0.009375
0 0.26171875 0.73125 0.009375 0.00625