1 0.00859375 0.07890625 0.0171875 0.0546875
1 0.19609375 0.1578125 0.015625 0.0359375
1 0.33046875 0.00859375 0.0234375 0.0171875
0 0.60234375 0.121875 0.0078125 0.0125
0 0.7546875 0.01640625 0.009375 0.0125
1 0.578125 0.07578125 0.01875 0.0453125
1 0.67109375 0.0984375 0.015625 0.046875
1 0.5921875 0.02734375 0.0203125 0.0515625
1 0.6828125 0.04453125 0.01875 0.0453125
0 0.12265625 0.76171875 0.00625 0.009375
1 0.00390625 0.75078125 0.0078125 0.0578125
1 0.046875 0.73515625 0.0203125 0.0546875
1 0.14453125 0.709375 0.0171875 0.053125
1 0.12109375 0.7578125 0.025 0.0453125
1 0.15859375 0.70234375 0.01875 0.05
1 0.16953125 0.615625 0.0234375 0.0578125
1 0.1921875 0.61015625 0.025 0.0625
1 0.29453125 0.69765625 0.0171875 0.04375
1 0.4109375 0.64921875 0.01875 0.046875
1 0.41484375 0.64453125 0.021875 0.0515625
1 0.44921875 0.6578125 0.01875 0.0453125
1 0.4546875 0.64765625 0.021875 0.0453125
1 0.45 0.584375 0.0203125 0.0546875
1 0.8515625 0.6515625 0.021875 0.0515625
1 0.8796875 0.765625 0.0265625 0.05625
1 0.8078125 0.8109375 0.0234375 0.04375
1 0.76171875 0.7359375 0.0234375 0.0578125
1 0.67890625 0.7015625 0.021875 0.059375
1 0.5765625 0.7578125 0.0234375 0.0578125
1 0.55703125 0.74921875 0.0140625 0.0515625
1 0.55234375 0.94140625 0.0046875 0.0453125
1 0.58046875 0.89609375 0.0234375 0.0546875
1 0.6015625 0.89921875 0.021875 0.0546875
1 0.6390625 0.92265625 0.015625 0.04375
1 0.6625 0.9234375 0.021875 0.0453125
1 0.7125 0.89765625 0.0203125 0.046875
1 0.76484375 0.89765625 0.021875 0.046875