1 0.0125 0.15078125 0.025 0.0171875
1 0.10234375 0.05078125 0.0546875 0.0171875
1 0.0234375 0.009375 0.046875 0.01875
1 0.28125 0.01640625 0.0359375 0.0140625
1 0.16953125 0.19921875 0.0546875 0.0203125
0 0.99375 0.23828125 0.0125 0.0109375
1 0.93515625 0.3640625 0.0671875 0.025
1 0.83359375 0.2171875 0.0515625 0.01875
1 0.946875 0.1484375 0.0515625 0.021875
1 0.95078125 0.00234375 0.0421875 0.0046875
1 0.859375 0.07578125 0.0546875 0.0234375
1 0.8765625 0.10859375 0.05625 0.0171875
1 0.79921875 0.07421875 0.065625 0.021875
1 0.68671875 0.04609375 0.0734375 0.028125
0 0.371875 0.42421875 0.0234375 0.0140625
0 0.40234375 0.5125 0.0171875 0.0109375
0 0.23046875 0.48671875 0.015625 0.0109375
0 0.0953125 0.5859375 0.0171875 0.0109375
0 0.28515625 0.62265625 0.025 0.0125
0 0.34296875 0.67890625 0.0171875 0.009375
0 0.225 0.79921875 0.0234375 0.0125
0 0.03984375 0.94921875 0.0234375 0.0140625
0 0.1328125 0.99140625 0.021875 0.009375
1 0.42109375 0.79140625 0.0546875 0.0203125
1 0.390625 0.734375 0.0484375 0.015625
1 0.3015625 0.84453125 0.05 0.025
1 0.36640625 0.88359375 0.0640625 0.021875
1 0.4109375 0.85 0.05 0.0234375
1 0.2171875 0.73203125 0.0625 0.01875
1 0.08125 0.86640625 0.078125 0.025
1 0.03359375 0.7765625 0.0671875 0.025
1 0.115625 0.45703125 0.078125 0.0296875
1 0.84765625 0.47890625 0.0546875 0.0234375
1 0.78671875 0.42421875 0.0578125 0.0203125
1 0.72734375 0.43515625 0.0578125 0.0265625
1 0.73203125 0.48125 0.0671875 0.025
1 0.79453125 0.5265625 0.0578125 0.0203125
1 0.7765625 0.5953125 0.0578125 0.0234375
1 0.81484375 0.5375 0.0578125 0.021875
1 0.85546875 0.54453125 0.0484375 0.015625
1 0.84375 0.58046875 0.0390625 0.0171875
1 0.8703125 0.58515625 0.046875 0.015625
1 0.85 0.63515625 0.0578125 0.0265625
1 0.86640625 0.64765625 0.0515625 0.021875
1 0.884375 0.72421875 0.0453125 0.01875
1 0.7375 0.73515625 0.0703125 0.021875
1 0.81953125 0.80703125 0.0609375 0.021875
1 0.8484375 0.85546875 0.0625 0.0234375
1 0.66640625 0.9484375 0.0859375 0.025
0 0.85703125 0.490625 0.01875 0.0109375