0 0.28203125 0.0890625 0.0078125 0.003125
1 0.21484375 0.00234375 0.021875 0.0046875
1 0.2078125 0.0078125 0.025 0.0078125
1 0.21875 0.00703125 0.021875 0.0046875
1 0.234375 0.0078125 0.028125 0.0078125
1 0.22421875 0.01171875 0.028125 0.0046875
1 0.21953125 0.01953125 0.021875 0.00625
1 0.21484375 0.025 0.0265625 0.0078125
1 0.21640625 0.159375 0.025 0.00625
1 0.2703125 0.18046875 0.025 0.00625
1 0.2390625 0.17734375 0.0234375 0.00625
1 0.22734375 0.17265625 0.0234375 0.00625
1 0.21796875 0.171875 0.021875 0.0046875
1 0.2125 0.16875 0.025 0.0046875
1 0.2078125 0.178125 0.0234375 0.0046875
1 0.2109375 0.18515625 0.025 0.0078125
1 0.22578125 0.18828125 0.028125 0.0078125
0 0.86640625 0.24453125 0.025 0.0125
1 0.81328125 0.3359375 0.0671875 0.0203125
1 0.8421875 0.22421875 0.075 0.0171875
1 0.7796875 0.2296875 0.06875 0.0171875
1 0.6171875 0.20703125 0.059375 0.0171875
0 0.434375 0.67890625 0.009375 0.0109375
1 0.39609375 0.67265625 0.0859375 0.0296875
1 0.2796875 0.65703125 0.0734375 0.0203125
1 0.1828125 0.71796875 0.071875 0.015625
1 0.14296875 0.65703125 0.05625 0.0140625
1 0.11484375 0.65 0.059375 0.0125
1 0.04765625 0.65234375 0.053125 0.0125
1 0.09453125 0.6953125 0.053125 0.015625
1 0.06484375 0.7 0.053125 0.015625
1 0.1078125 0.7359375 0.0609375 0.015625
1 0.15625 0.82265625 0.05625 0.015625
1 0.2046875 0.815625 0.06875 0.015625
1 0.14609375 0.84140625 0.06875 0.01875
1 0.2484375 0.89140625 0.065625 0.0203125
1 0.3109375 0.9359375 0.065625 0.015625
1 0.09765625 0.97421875 0.046875 0.015625
1 0.16484375 0.3984375 0.071875 0.015625
1 0.04296875 0.553125 0.046875 0.0125
1 0.02109375 0.55 0.0421875 0.0125
0 0.73359375 0.90234375 0.015625 0.00625
1 0.61328125 0.95234375 0.04375 0.0109375
1 0.71015625 0.90859375 0.046875 0.01875
1 0.66875 0.846875 0.059375 0.015625
1 0.78046875 0.83359375 0.053125 0.01875
1 0.5875 0.7453125 0.046875 0.0125
1 0.46796875 0.71328125 0.034375 0.0109375
1 0.65234375 0.70234375 0.05 0.0125
1 0.596875 0.6109375 0.05625 0.0171875
1 0.65390625 0.590625 0.05625 0.015625
1 0.60859375 0.471875 0.046875 0.01875
1 0.7140625 0.4515625 0.059375 0.015625