0 0.259375 0.10390625 0.0078125 0.0046875
1 0.2125 0.2390625 0.0265625 0.0109375
1 0.20390625 0.23203125 0.028125 0.0109375
1 0.2140625 0.21796875 0.0265625 0.0109375
1 0.209375 0.2125 0.0296875 0.009375
1 0.21328125 0.20390625 0.021875 0.00625
1 0.2046875 0.19921875 0.025 0.0109375
1 0.215625 0.1984375 0.021875 0.00625
1 0.23046875 0.19453125 0.028125 0.0109375
1 0.21953125 0.1921875 0.028125 0.0078125
1 0.2140625 0.1859375 0.021875 0.0078125
1 0.2078125 0.18125 0.0265625 0.0109375
1 0.17890625 0.05 0.025 0.009375
1 0.22734375 0.01796875 0.025 0.009375
1 0.19765625 0.028125 0.0234375 0.009375
1 0.18671875 0.034375 0.0234375 0.009375
1 0.17734375 0.0375 0.021875 0.00625
1 0.1734375 0.04140625 0.025 0.0078125
1 0.16640625 0.034375 0.0234375 0.0078125
1 0.16875 0.0265625 0.025 0.0109375
1 0.18203125 0.0203125 0.028125 0.0109375
1 0.58984375 0.46328125 0.0703125 0.0109375
1 0.453125 0.571875 0.03125 0.015625
1 0.45234375 0.5390625 0.0328125 0.021875
1 0.45234375 0.6046875 0.0328125 0.015625
1 0.3765625 0.584375 0.0453125 0.0171875
1 0.34921875 0.671875 0.0421875 0.015625
1 0.33125 0.709375 0.0421875 0.0171875
1 0.3515625 0.76875 0.0421875 0.01875
1 0.4078125 0.746875 0.0453125 0.0203125
1 0.459375 0.796875 0.01875 0.015625
1 0.38203125 0.86484375 0.0421875 0.01875
1 0.3328125 0.92578125 0.0359375 0.0171875
1 0.4359375 0.93046875 0.0515625 0.0203125
1 0.46015625 0.9296875 0.0171875 0.015625
1 0.96328125 0.76640625 0.0734375 0.0328125
1 0.80390625 0.75 0.0734375 0.028125
1 0.79921875 0.77265625 0.0640625 0.0234375
1 0.71875 0.63125 0.053125 0.0171875
1 0.77734375 0.5296875 0.0703125 0.025
1 0.90546875 0.55234375 0.0859375 0.028125
1 0.57890625 0.47890625 0.03125 0.0140625