0 0.2625 0.425 0.0046875 0.0078125
1 0.1828125 0.3703125 0.009375 0.025
1 0.1703125 0.42734375 0.009375 0.025
1 0.16875 0.39609375 0.009375 0.0234375
1 0.17109375 0.38359375 0.009375 0.0234375
1 0.1703125 0.37421875 0.0078125 0.021875
1 0.17265625 0.36875 0.0078125 0.025
1 0.16328125 0.36484375 0.0078125 0.0234375
1 0.15703125 0.36953125 0.0109375 0.025
1 0.15546875 0.384375 0.0125 0.028125
1 0.51328125 0.021875 0.0296875 0.04375
1 0.53125 0.09140625 0.0296875 0.0828125
1 0.675 0.253125 0.04375 0.109375
1 0.44609375 0.00703125 0.0296875 0.0140625
1 0.39453125 0.021875 0.0296875 0.04375
1 0.3734375 0.0140625 0.028125 0.028125
1 0.31875 0.0828125 0.0296875 0.0734375
1 0.03515625 0.7796875 0.025 0.0609375
1 0.0578125 0.8453125 0.0265625 0.0671875
1 0.05546875 0.759375 0.021875 0.0515625
1 0.071875 0.7453125 0.0203125 0.0515625
1 0.0890625 0.72109375 0.01875 0.0453125
1 0.090625 0.69921875 0.01875 0.0453125
1 0.109375 0.7203125 0.025 0.0453125
1 0.13984375 0.8078125 0.025 0.0640625
1 0.096875 0.8421875 0.021875 0.0515625
1 0.209375 0.85703125 0.03125 0.06875
1 0.18046875 0.7578125 0.0234375 0.0609375
1 0.17421875 0.7203125 0.0203125 0.05625
1 0.21953125 0.746875 0.028125 0.0609375
1 0.27421875 0.665625 0.01875 0.0421875
1 0.521875 0.984375 0.028125 0.03125
1 0.60703125 0.978125 0.0296875 0.04375
1 0.60078125 0.88828125 0.0171875 0.0421875
1 0.546875 0.875 0.021875 0.05
1 0.72734375 0.99296875 0.0296875 0.0140625
1 0.828125 0.9515625 0.025 0.065625
1 0.8640625 0.859375 0.0203125 0.0546875
1 0.9234375 0.88671875 0.03125 0.065625
1 0.9375 0.94375 0.0328125 0.071875
1 0.95703125 0.978125 0.0328125 0.04375