1 0.20859375 0.07734375 0.0625 0.0234375
1 0.61015625 0.0140625 0.0625 0.028125
1 0.74921875 0.08671875 0.0578125 0.0234375
1 0.81796875 0.07109375 0.0546875 0.021875
1 0.85234375 0.0671875 0.0609375 0.028125
1 0.9046875 0.046875 0.0625 0.0265625
1 0.88359375 0.21015625 0.0546875 0.021875
1 0.77890625 0.2734375 0.05 0.025
1 0.69609375 0.1640625 0.0546875 0.025
1 0.715625 0.23046875 0.0515625 0.021875
1 0.734375 0.43515625 0.0515625 0.028125
1 0.8140625 0.36328125 0.040625 0.0140625
1 0.009375 0.53515625 0.01875 0.0140625
1 0.01484375 0.63984375 0.0234375 0.0140625
1 0.7109375 0.5515625 0.05625 0.03125
1 0.83125 0.5046875 0.0453125 0.0171875
1 0.78828125 0.734375 0.0515625 0.0328125
1 0.80078125 0.6546875 0.0546875 0.01875
0 0.77578125 0.9296875 0.00625 0.00625
1 0.75078125 0.875 0.0453125 0.0171875
1 0.7671875 0.9078125 0.04375 0.015625
1 0.753125 0.9125 0.0328125 0.0140625
1 0.76953125 0.91171875 0.0171875 0.0140625
1 0.78828125 0.89921875 0.0359375 0.015625
1 0.79765625 0.8453125 0.0390625 0.015625
1 0.8109375 0.8328125 0.040625 0.0171875
1 0.825 0.81953125 0.03125 0.0203125
1 0.8203125 0.80078125 0.0359375 0.015625
1 0.76640625 0.78515625 0.0546875 0.01875