1 0.03671875 0.0109375 0.0109375 0.021875
1 0.578125 0.21953125 0.0234375 0.0828125
1 0.340625 0.40546875 0.0140625 0.0375
1 0.31796875 0.375 0.0125 0.0375
1 0.30390625 0.40859375 0.0125 0.040625
1 0.2921875 0.3984375 0.0078125 0.0265625
1 0.24765625 0.41015625 0.0078125 0.0265625
1 0.23984375 0.4515625 0.00625 0.034375
1 0.2375 0.36015625 0.0125 0.034375
1 0.1890625 0.55859375 0.00625 0.028125
1 0.196875 0.465625 0.009375 0.028125
1 0.17578125 0.4109375 0.0109375 0.0328125
1 0.1640625 0.45 0.0078125 0.0359375
1 0.175 0.496875 0.0078125 0.034375
1 0.1640625 0.49765625 0.0109375 0.028125
1 0.065625 0.5546875 0.0109375 0.021875
1 0.99140625 0.4671875 0.0171875 0.0875
1 0.9875 0.6796875 0.01875 0.0625
1 0.94453125 0.57890625 0.015625 0.05
1 0.81015625 0.734375 0.0125 0.05625
1 0.75625 0.6859375 0.0171875 0.05625
1 0.64140625 0.62890625 0.015625 0.065625
1 0.5921875 0.58203125 0.0171875 0.0625
1 0.64296875 0.50546875 0.0234375 0.0859375
1 0.5078125 0.63984375 0.01875 0.065625