1 0.29375 0.62109375 0.015625 0.0359375
1 0.48828125 0.59375 0.0109375 0.046875
1 0.51484375 0.4625 0.0140625 0.046875
1 0.4640625 0.4109375 0.0109375 0.03125
1 0.41015625 0.4578125 0.0125 0.034375
1 0.37734375 0.45859375 0.0125 0.034375
1 0.34921875 0.4328125 0.0109375 0.0375
1 0.3421875 0.3703125 0.0109375 0.03125
1 0.61328125 0.4203125 0.009375 0.028125
1 0.3109375 0.48671875 0.0140625 0.034375
1 0.31484375 0.53671875 0.0140625 0.046875
1 0.29375 0.5375 0.0125 0.0375
1 0.2890625 0.490625 0.009375 0.040625
1 0.284375 0.42421875 0.009375 0.0296875
1 0.27109375 0.4 0.009375 0.034375
1 0.25625 0.42265625 0.0125 0.034375
1 0.26796875 0.47109375 0.0125 0.0359375
1 0.221875 0.52265625 0.0140625 0.040625
1 0.1046875 0.52265625 0.0125 0.04375
1 0.13046875 0.47109375 0.0109375 0.040625
1 0.7828125 0.3546875 0.0171875 0.065625
1 0.84375 0.44296875 0.028125 0.0890625
1 0.93515625 0.33515625 0.021875 0.0640625
1 0.8296875 0.1875 0.0140625 0.0375
1 0.82265625 0.2890625 0.0203125 0.0640625
1 0.78125 0.16796875 0.0125 0.040625
1 0.73984375 0.28203125 0.0140625 0.053125
1 0.21796875 0.98828125 0.0140625 0.0234375
1 0.37578125 0.95703125 0.0109375 0.03125
1 0.6046875 0.984375 0.015625 0.03125
1 0.35859375 0.91484375 0.009375 0.0375
1 0.31171875 0.90703125 0.0078125 0.0296875
1 0.31171875 0.8890625 0.009375 0.034375
1 0.29453125 0.87109375 0.0078125 0.025
1 0.27109375 0.8296875 0.0078125 0.028125
1 0.22109375 0.8796875 0.009375 0.03125
1 0.2 0.9109375 0.0078125 0.0328125
1 0.34765625 0.85625 0.009375 0.034375
1 0.37109375 0.8421875 0.0078125 0.0234375
1 0.4046875 0.86953125 0.0109375 0.03125
1 0.428125 0.8984375 0.0078125 0.028125
1 0.45390625 0.88671875 0.0109375 0.028125
1 0.54921875 0.8734375 0.0125 0.034375
1 0.49765625 0.8296875 0.0078125 0.0328125
1 0.4296875 0.80859375 0.009375 0.025
1 0.71953125 0.853125 0.0125 0.0359375
0 0.46328125 0.9 0.0078125 0.0125
1 0.74453125 0.84609375 0.0203125 0.0640625
1 0.7328125 0.7765625 0.00625 0.0625
1 0.76328125 0.76796875 0.0203125 0.0609375
1 0.77109375 0.6609375 0.0140625 0.04375
1 0.90703125 0.66484375 0.0140625 0.0375
1 0.91484375 0.68125 0.0109375 0.0375
1 0.93125 0.7265625 0.0140625 0.053125
1 0.9859375 0.83515625 0.0203125 0.0640625
1 0.9328125 0.64765625 0.0125 0.0171875