0 0.103125 0.25703125 0.0046875 0.0078125
0 0.0984375 0.19609375 0.003125 0.0078125
0 0.1796875 0.1578125 0.003125 0.009375
0 0.34140625 0.1640625 0.003125 0.00625
0 0.37734375 0.26015625 0.003125 0.009375
0 0.4328125 0.19453125 0.003125 0.00625
0 0.51796875 0.16640625 0.003125 0.00625
0 0.34921875 0.3265625 0.003125 0.0078125
0 0.265625 0.31875 0.003125 0.009375
1 0.23203125 0.16171875 0.009375 0.046875
1 0.246875 0.16875 0.009375 0.05
1 0.24921875 0.2546875 0.009375 0.04375
1 0.22109375 0.265625 0.009375 0.040625
1 0.2 0.2546875 0.009375 0.040625
1 0.20234375 0.29609375 0.00625 0.0359375
1 0.24140625 0.31875 0.0046875 0.0265625
1 0.23984375 0.3328125 0.003125 0.025
1 0.30625 0.36640625 0.0046875 0.025
1 0.40546875 0.30390625 0.00625 0.034375
1 0.43125 0.28125 0.009375 0.0359375
1 0.453125 0.26328125 0.0078125 0.040625
1 0.51953125 0.21953125 0.009375 0.04375
1 0.51953125 0.31484375 0.0046875 0.03125
1 0.46171875 0.31015625 0.00625 0.0296875
1 0.4140625 0.35 0.00625 0.028125
1 0.428125 0.3578125 0.00625 0.03125
0 0.82265625 0.165625 0.009375 0.0171875
1 0.85078125 0.18671875 0.0125 0.046875
1 0.85234375 0.20703125 0.009375 0.053125
1 0.8671875 0.22421875 0.015625 0.053125
1 0.871875 0.19296875 0.0171875 0.0625
1 0.85625 0.3296875 0.0125 0.046875
1 0.665625 0.2140625 0.0171875 0.059375
1 0.62109375 0.1828125 0.021875 0.05625
1 0.64296875 0.28046875 0.015625 0.059375
1 0.5953125 0.284375 0.009375 0.053125
1 0.56484375 0.2671875 0.0140625 0.053125
1 0.5984375 0.31796875 0.0125 0.053125
1 0.61640625 0.35625 0.009375 0.046875
1 0.70546875 0.42734375 0.00625 0.034375
1 0.78046875 0.40859375 0.0078125 0.046875
1 0.33984375 0.6125 0.00625 0.03125
1 0.32265625 0.6125 0.0078125 0.03125
1 0.29765625 0.59375 0.00625 0.025
1 0.284375 0.5984375 0.0078125 0.0296875
1 0.21875 0.578125 0.009375 0.01875
1 0.20625 0.59921875 0.00625 0.025
1 0.2078125 0.58828125 0.0046875 0.021875
1 0.1828125 0.58203125 0.00625 0.0265625
1 0.07421875 0.57734375 0.0078125 0.0171875
1 0.07734375 0.58046875 0.0046875 0.0234375
1 0.07578125 0.59921875 0.009375 0.028125
1 0.0421875 0.5953125 0.00625 0.028125
1 0.03515625 0.61171875 0.00625 0.0265625
1 0.02421875 0.59921875 0.0078125 0.028125
1 0.034375 0.58828125 0.00625 0.028125
1 0.0296875 0.5828125 0.009375 0.028125
1 0.2453125 0.5953125 0.00625 0.028125
0 0.53671875 0.5796875 0.0109375 0.01875
1 0.6125 0.58671875 0.028125 0.0359375
1 0.81953125 0.63203125 0.034375 0.0890625
1 0.58828125 0.93359375 0.0125 0.040625
1 0.675 0.87265625 0.015625 0.05
1 0.69609375 0.840625 0.01875 0.059375
1 0.74453125 0.90078125 0.0125 0.046875
1 0.7921875 0.865625 0.0125 0.053125
1 0.79296875 0.84609375 0.0140625 0.053125
1 0.82890625 0.8265625 0.015625 0.0625
1 0.72890625 0.8 0.0125 0.053125
1 0.60703125 0.75234375 0.015625 0.0609375
1 0.97890625 0.88671875 0.0125 0.053125