0 0.46015625 0.1578125 0.00625 0.003125
0 0.36171875 0.12890625 0.009375 0.003125
0 0.4234375 0.06875 0.00625 0.003125
0 0.29765625 0.1609375 0.0078125 0.003125
0 0.3109375 0.24375 0.009375 0.003125
1 0.4703125 0.26640625 0.046875 0.0125
1 0.4625 0.25234375 0.05 0.0125
1 0.3765625 0.25625 0.04375 0.0125
1 0.3671875 0.28515625 0.040625 0.0125
1 0.31328125 0.26796875 0.0265625 0.00625
1 0.29921875 0.27109375 0.025 0.0046875
1 0.2609375 0.20703125 0.025 0.00625
1 0.31640625 0.10390625 0.034375 0.009375
1 0.3375 0.0765625 0.0359375 0.0125
1 0.35390625 0.053125 0.040625 0.0109375
1 0.30625 0.04765625 0.0296875 0.0078125
1 0.26953125 0.0984375 0.028125 0.0078125
1 0.2609375 0.084375 0.03125 0.0078125
1 0.97109375 0.13125 0.0515625 0.01875
1 0.37578125 0.35625 0.059375 0.0140625
1 0.38359375 0.44375 0.0546875 0.0203125
1 0.4078125 0.37265625 0.0609375 0.0203125
1 0.4171875 0.4015625 0.053125 0.0125
1 0.4359375 0.396875 0.0546875 0.0171875
1 0.4109375 0.45625 0.046875 0.0140625
1 0.41953125 0.46640625 0.04375 0.0140625
1 0.4109375 0.484375 0.053125 0.0125
1 0.39765625 0.48515625 0.05 0.015625
1 0.403125 0.50546875 0.04375 0.0125
1 0.39140625 0.503125 0.05625 0.015625
1 0.35234375 0.49921875 0.05625 0.015625
1 0.35703125 0.48828125 0.04375 0.0125
1 0.37578125 0.471875 0.05 0.0140625
1 0.41640625 0.54765625 0.053125 0.0140625
1 0.38046875 0.56015625 0.0484375 0.01875
1 0.48671875 0.64921875 0.0640625 0.01875
1 0.425 0.77890625 0.0609375 0.0234375
1 0.4203125 0.87421875 0.0546875 0.0203125
1 0.73828125 0.95078125 0.0875 0.01875
1 0.628125 0.9171875 0.0375 0.015625
1 0.65859375 0.609375 0.0859375 0.025
1 0.63125 0.36328125 0.04375 0.0140625
1 0.6234375 0.353125 0.028125 0.015625
1 0.69296875 0.3703125 0.0875 0.0203125
1 0.7734375 0.3953125 0.084375 0.0203125
1 0.8078125 0.353125 0.0734375 0.021875