0 0.30078125 0.32109375 0.0046875 0.009375
0 0.23359375 0.37421875 0.0046875 0.00625
0 0.14453125 0.3859375 0.0046875 0.00625
0 0.340625 0.2609375 0.0046875 0.0078125
0 0.04375 0.37109375 0.0046875 0.009375
0 0.040625 0.27734375 0.0046875 0.00625
1 0.390625 0.2296875 0.009375 0.025
1 0.28125 0.27265625 0.0125 0.034375
1 0.2515625 0.28984375 0.015625 0.0375
1 0.2265625 0.303125 0.015625 0.040625
1 0.153125 0.33359375 0.0171875 0.0453125
1 0.17109375 0.23984375 0.0109375 0.03125
1 0.09140625 0.225 0.0140625 0.034375
1 0.22734375 0.25546875 0.0125 0.0296875
1 0.28125 0.22578125 0.0109375 0.028125
1 0.26953125 0.21484375 0.0125 0.03125
1 0.02890625 0.71640625 0.0234375 0.078125
1 0.0734375 0.62265625 0.025 0.0578125
1 0.06640625 0.55546875 0.0234375 0.0609375
1 0.16953125 0.59609375 0.0234375 0.0609375
1 0.17734375 0.63046875 0.0203125 0.0359375
1 0.1796875 0.53984375 0.0203125 0.0421875
1 0.26171875 0.64375 0.01875 0.0546875
1 0.29375 0.66640625 0.0296875 0.0734375
1 0.32109375 0.61484375 0.025 0.0484375
1 0.35234375 0.571875 0.01875 0.0546875
1 0.38359375 0.56875 0.0203125 0.0421875
1 0.41015625 0.63828125 0.0171875 0.0640625
1 0.978125 0.98515625 0.021875 0.0296875
1 0.95703125 0.8171875 0.021875 0.0546875
1 0.8796875 0.97734375 0.028125 0.0453125
1 0.9171875 0.86953125 0.0203125 0.0546875
1 0.66484375 0.86875 0.01875 0.0484375
1 0.64609375 0.828125 0.0203125 0.0421875
1 0.4828125 0.8484375 0.0265625 0.0609375
1 0.53828125 0.6828125 0.0203125 0.0484375
1 0.828125 0.684375 0.0171875 0.0390625
1 0.81640625 0.59140625 0.0171875 0.0421875