1 0.496875 0.0875 0.025 0.015625
1 0.30859375 0.24453125 0.0671875 0.01875
1 0.4796875 0.35078125 0.0515625 0.01875
1 0.48828125 0.45 0.0421875 0.015625
1 0.6046875 0.40859375 0.0609375 0.0171875
1 0.7171875 0.334375 0.053125 0.0140625
1 0.8578125 0.296875 0.05 0.0125
1 0.8546875 0.32890625 0.0546875 0.0171875
1 0.865625 0.26484375 0.040625 0.0125
1 0.9453125 0.29140625 0.04375 0.0125
1 0.9796875 0.20625 0.040625 0.0125
1 0.98984375 0.17109375 0.0203125 0.0140625
1 0.9828125 0.109375 0.034375 0.015625
1 0.928125 0.1265625 0.0453125 0.015625
1 0.87265625 0.07109375 0.034375 0.0125
1 0.96484375 0.0125 0.0421875 0.015625
1 0.853125 0.00234375 0.053125 0.0046875
0 0.14453125 0.58828125 0.0234375 0.0125
1 0.171875 0.97265625 0.03125 0.0125
1 0.1296875 0.9546875 0.04375 0.0125
1 0.14921875 0.903125 0.0390625 0.0140625
1 0.01953125 0.86484375 0.0390625 0.0171875
1 0.0984375 0.81015625 0.04375 0.0125
1 0.14765625 0.8140625 0.0515625 0.0140625
1 0.14609375 0.78046875 0.0390625 0.0125
1 0.15078125 0.7515625 0.0421875 0.0140625
1 0.09140625 0.71875 0.05 0.0171875
1 0.0296875 0.7296875 0.0578125 0.0171875
1 0.01484375 0.73203125 0.0296875 0.0203125
1 0.02578125 0.58203125 0.0515625 0.0171875
1 0.53125 0.9859375 0.04375 0.021875
1 0.659375 0.859375 0.0671875 0.0265625
1 0.575 0.5796875 0.0671875 0.0296875
1 0.8296875 0.8703125 0.0578125 0.0171875
1 0.85703125 0.93046875 0.0546875 0.0171875
1 0.7375 0.975 0.0578125 0.025
1 0.8484375 0.9859375 0.0546875 0.0171875