1 0.22421875 0.03125 0.0515625 0.01875
1 0.1515625 0.09765625 0.0421875 0.0171875
1 0.14609375 0.11015625 0.0453125 0.0140625
1 0.2328125 0.13046875 0.046875 0.015625
1 0.1296875 0.1671875 0.04375 0.0125
1 0.0953125 0.159375 0.0375 0.0125
1 0.06484375 0.16640625 0.034375 0.0109375
1 0.09921875 0.2625 0.0375 0.0125
1 0.13671875 0.19140625 0.04375 0.0109375
1 0.190625 0.1921875 0.04375 0.0140625
1 0.30703125 0.25546875 0.0546875 0.01875
1 0.2328125 0.27890625 0.0515625 0.0171875
1 0.17578125 0.28203125 0.04375 0.0125
1 0.196875 0.32109375 0.05 0.0140625
1 0.24296875 0.30546875 0.05 0.0140625
1 0.140625 0.34140625 0.040625 0.0109375
0 0.6453125 0.2296875 0.0140625 0.0078125
1 0.65859375 0.42890625 0.0625 0.0234375
1 0.7515625 0.30703125 0.0828125 0.0234375
1 0.62890625 0.2265625 0.0546875 0.01875
1 0.6375 0.2 0.0578125 0.021875
1 0.61640625 0.1578125 0.05 0.01875
1 0.61640625 0.0453125 0.0546875 0.01875
1 0.6328125 0.0234375 0.0609375 0.0171875
1 0.50390625 0.6875 0.0734375 0.0234375
1 0.5171875 0.6984375 0.075 0.0203125
1 0.4609375 0.721875 0.0609375 0.01875
1 0.44453125 0.76796875 0.075 0.0234375
1 0.49765625 0.82734375 0.0578125 0.0234375
1 0.44140625 0.8515625 0.0609375 0.0203125
1 0.53828125 0.79140625 0.0359375 0.0234375
1 0.4046875 0.7421875 0.05 0.0140625
1 0.38984375 0.68828125 0.0546875 0.0203125
1 0.4453125 0.67734375 0.0546875 0.0203125
1 0.3015625 0.6890625 0.0578125 0.0171875
1 0.246875 0.60546875 0.0421875 0.0171875
1 0.284375 0.8234375 0.046875 0.0140625
1 0.65390625 0.6046875 0.0671875 0.021875
1 0.6390625 0.628125 0.0609375 0.025