0 0.4453125 0.47109375 0.0078125 0.0078125
1 0.3890625 0.48984375 0.05 0.021875
1 0.4609375 0.47421875 0.0390625 0.0203125
1 0.4484375 0.3578125 0.0484375 0.0203125
1 0.53515625 0.3484375 0.034375 0.0140625
1 0.215625 0.30390625 0.0671875 0.028125
1 0.4015625 0.225 0.0515625 0.025
1 0.49296875 0.18828125 0.0421875 0.021875
1 0.5015625 0.17734375 0.046875 0.0203125
1 0.42734375 0.1296875 0.046875 0.021875
1 0.53671875 0.13046875 0.04375 0.01875
1 0.5671875 0.1484375 0.0390625 0.01875
1 0.596875 0.153125 0.0359375 0.015625
1 0.59765625 0.05078125 0.0390625 0.01875
1 0.53828125 0.1046875 0.04375 0.0171875
1 0.48828125 0.0859375 0.0453125 0.0203125
1 0.5328125 0.0078125 0.04375 0.015625
1 0.66875 0.21953125 0.01875 0.0296875
1 0.66796875 0.2078125 0.0171875 0.028125
1 0.73828125 0.290625 0.0671875 0.028125
1 0.790625 0.3875 0.05625 0.0234375
1 0.76796875 0.52734375 0.0609375 0.0234375
1 0.8875 0.4453125 0.04375 0.01875
1 0.8640625 0.228125 0.0546875 0.025
1 0.90390625 0.21875 0.0515625 0.025
1 0.8921875 0.0296875 0.0609375 0.0265625
1 0.93828125 0.015625 0.0515625 0.0234375
0 0.6359375 0.97734375 0.00625 0.0046875
1 0.60234375 0.71796875 0.0484375 0.0203125
1 0.55625 0.81640625 0.0484375 0.0203125
1 0.584375 0.8125 0.0515625 0.021875
1 0.57578125 0.8375 0.0421875 0.01875
1 0.5484375 0.91328125 0.0484375 0.021875
1 0.5828125 0.890625 0.0484375 0.0203125
1 0.59765625 0.94921875 0.0453125 0.0203125
1 0.62890625 0.91484375 0.0390625 0.01875
1 0.64453125 0.9453125 0.0296875 0.015625
1 0.65 0.96640625 0.01875 0.0171875
1 0.55546875 0.98671875 0.05 0.021875
1 0.4828125 0.93046875 0.05 0.0203125
1 0.81015625 0.68359375 0.0640625 0.0265625
1 0.6875 0.72890625 0.05625 0.0328125
1 0.678125 0.7671875 0.0375 0.03125
1 0.90625 0.91953125 0.0546875 0.028125
1 0.77890625 0.84296875 0.0578125 0.028125