0 0.28359375 0.08984375 0.0109375 0.0203125
1 0.30234375 0.05390625 0.046875 0.0890625
1 0.203125 0.16015625 0.0328125 0.0765625
1 0.265625 0.1828125 0.0328125 0.075
1 0.02421875 0.1296875 0.0359375 0.0765625
1 0.046875 0.353125 0.0328125 0.075
1 0.15546875 0.3140625 0.03125 0.06875
1 0.25234375 0.42734375 0.028125 0.0640625
1 0.37109375 0.41875 0.0265625 0.0640625
1 0.515625 0.32109375 0.034375 0.0796875
1 0.46640625 0.30234375 0.03125 0.0671875
1 0.603125 0.20625 0.0390625 0.0859375
1 0.578125 0.51015625 0.0265625 0.0640625
1 0.53203125 0.53046875 0.025 0.0609375
1 0.98984375 0.60625 0.0203125 0.025
1 0.99140625 0.58359375 0.0171875 0.0453125
1 0.990625 0.546875 0.01875 0.053125
1 0.88671875 0.6015625 0.0234375 0.034375
1 0.88984375 0.5609375 0.0234375 0.0484375
1 0.89140625 0.50625 0.0265625 0.0609375
1 0.79453125 0.5 0.028125 0.053125
1 0.7953125 0.54453125 0.0265625 0.05
1 0.73671875 0.4640625 0.0234375 0.059375
1 0.765625 0.4546875 0.028125 0.0546875
1 0.775 0.36171875 0.0375 0.06875
1 0.59453125 0.7375 0.03125 0.065625
1 0.4765625 0.646875 0.028125 0.05625
1 0.1953125 0.64375 0.03125 0.05
1 0.225 0.69140625 0.021875 0.040625
1 0.24765625 0.7625 0.021875 0.0421875
1 0.08515625 0.6421875 0.0265625 0.046875
1 0.684375 0.8484375 0.028125 0.0578125
1 0.66328125 0.9453125 0.0078125 0.05625
1 0.665625 0.978125 0.0125 0.04375