1 0.54296875 0.0140625 0.0734375 0.01875
1 0.3015625 0.05234375 0.0625 0.015625
1 0.33515625 0.165625 0.0625 0.0140625
1 0.4609375 0.28671875 0.078125 0.01875
1 0.46875 0.23515625 0.065625 0.0171875
1 0.5640625 0.3484375 0.03125 0.021875
1 0.5453125 0.52109375 0.06875 0.0203125
1 0.534375 0.53515625 0.090625 0.0203125
1 0.43046875 0.48828125 0.08125 0.0171875
1 0.4421875 0.4515625 0.084375 0.01875
1 0.28828125 0.3875 0.0625 0.0140625
1 0.259375 0.346875 0.059375 0.0125
1 0.98046875 0.26328125 0.0390625 0.0203125
1 0.71640625 0.14296875 0.0625 0.025
1 0.75546875 0.4625 0.059375 0.0203125
1 0.89140625 0.50703125 0.08125 0.021875
1 0.66484375 0.5875 0.04375 0.0125
1 0.61640625 0.5640625 0.053125 0.0140625
1 0.6234375 0.54375 0.05 0.0203125
1 0.5875 0.5359375 0.015625 0.0125
1 0.5875 0.36484375 0.015625 0.0171875
1 0.1015625 0.98046875 0.05 0.0125
1 0.31953125 0.9640625 0.046875 0.0140625
1 0.14765625 0.821875 0.040625 0.0140625
1 0.20625 0.690625 0.046875 0.0125
1 0.23125 0.70546875 0.040625 0.0109375
1 0.53828125 0.765625 0.053125 0.0140625
1 0.31015625 0.63203125 0.040625 0.0125
1 0.4921875 0.903125 0.0578125 0.0203125
1 0.94375 0.62890625 0.0953125 0.01875
1 0.97734375 0.74765625 0.0453125 0.0171875