0 0.49375 0.425 0.0203125 0.009375
1 0.5 0.4234375 0.01875 0.040625
1 0.396875 0.4703125 0.0765625 0.028125
1 0.4015625 0.4046875 0.075 0.028125
1 0.15625 0.5296875 0.075 0.01875
1 0.23671875 0.4515625 0.06875 0.0265625
1 0.17265625 0.31640625 0.0640625 0.025
1 0.22890625 0.21171875 0.0640625 0.0234375
1 0.3765625 0.1203125 0.0796875 0.0296875
1 0.37421875 0.171875 0.0671875 0.0265625
1 0.49140625 0.08515625 0.0359375 0.0328125
1 0.1921875 0.01953125 0.0609375 0.0203125
0 0.75859375 0.03515625 0.0125 0.00625
1 0.76953125 0.015625 0.0421875 0.01875
1 0.74609375 0.0203125 0.0453125 0.01875
1 0.8015625 0.15234375 0.0578125 0.021875
1 0.84296875 0.16484375 0.0546875 0.021875
1 0.69765625 0.28203125 0.0375 0.0171875
1 0.684375 0.265625 0.046875 0.01875
1 0.7359375 0.321875 0.0515625 0.01875
1 0.8953125 0.3328125 0.0640625 0.028125
1 0.88515625 0.28203125 0.0671875 0.025
1 0.66484375 0.40390625 0.0421875 0.0171875
1 0.65703125 0.43671875 0.0359375 0.015625
1 0.62421875 0.440625 0.0453125 0.0203125
1 0.60234375 0.48046875 0.0359375 0.015625
1 0.271875 0.6046875 0.0484375 0.0203125
1 0.19453125 0.6125 0.0421875 0.01875
1 0.08828125 0.59609375 0.0296875 0.0171875
1 0.0359375 0.61015625 0.0296875 0.0171875
1 0.025 0.665625 0.0359375 0.015625
1 0.08984375 0.8109375 0.04375 0.0140625
1 0.23046875 0.86875 0.0609375 0.021875
1 0.09375 0.85546875 0.034375 0.0125
1 0.103125 0.88828125 0.0453125 0.0234375
1 0.08046875 0.825 0.0390625 0.015625
1 0.0046875 0.91171875 0.009375 0.0140625
0 0.10234375 0.81015625 0.015625 0.00625
1 0.97578125 0.59375 0.0484375 0.021875
1 0.9015625 0.621875 0.0484375 0.0203125
1 0.9765625 0.71328125 0.046875 0.0234375
1 0.8890625 0.93828125 0.0578125 0.021875
1 0.7484375 0.865625 0.0515625 0.0203125
1 0.7734375 0.81328125 0.0546875 0.021875
1 0.7921875 0.75703125 0.0484375 0.01875
1 0.77421875 0.70546875 0.0421875 0.015625
1 0.70703125 0.6765625 0.0453125 0.0203125
1 0.678125 0.7296875 0.0421875 0.01875
1 0.69609375 0.56484375 0.0359375 0.015625
1 0.74765625 0.5640625 0.0421875 0.015625
1 0.72265625 0.54296875 0.0421875 0.0078125
1 0.825 0.5859375 0.0484375 0.0171875
1 0.840625 0.6046875 0.0484375 0.0234375