0 0.12421875 0.359375 0.0171875 0.009375
1 0.20859375 0.1328125 0.053125 0.0203125
1 0.3109375 0.18359375 0.040625 0.0171875
1 0.14453125 0.21953125 0.0609375 0.0265625
1 0.29609375 0.3125 0.0453125 0.021875
1 0.309375 0.33125 0.0421875 0.01875
1 0.30703125 0.3875 0.046875 0.025
1 0.2265625 0.37109375 0.05 0.0234375
1 0.14375 0.36796875 0.0546875 0.0234375
1 0.38046875 0.4125 0.0390625 0.0125
0 0.89453125 0.1296875 0.0140625 0.009375
1 0.69453125 0.1875 0.0328125 0.015625
1 0.81484375 0.3140625 0.0328125 0.015625
1 0.9140625 0.2328125 0.0359375 0.0171875
1 0.9609375 0.26875 0.0328125 0.0140625
1 0.99140625 0.2328125 0.0171875 0.015625
1 0.940625 0.18125 0.0296875 0.015625
1 0.91015625 0.2015625 0.0328125 0.0140625
1 0.89375 0.1296875 0.0296875 0.0125
1 0.83984375 0.14375 0.034375 0.0140625
1 0.82734375 0.07890625 0.028125 0.0125
1 0.88125 0.04609375 0.0296875 0.0125
1 0.9109375 0.065625 0.0328125 0.0140625
1 0.93515625 0.11328125 0.028125 0.0125
1 0.95625 0.12109375 0.025 0.0125
1 0.98203125 0.11484375 0.0265625 0.0140625
1 0.9515625 0.09609375 0.028125 0.0125
1 0.94609375 0.01875 0.025 0.0109375
1 0.53125 0.64375 0.015625 0.0375
1 0.39609375 0.79296875 0.0921875 0.0375
1 0.13828125 0.73671875 0.1203125 0.05
1 0.0640625 0.4515625 0.125 0.0578125
1 0.1734375 0.46640625 0.084375 0.0390625
1 0.19453125 0.44765625 0.0765625 0.0328125
1 0.2140625 0.42265625 0.08125 0.0078125
1 0.3515625 0.4484375 0.078125 0.0359375
1 0.2890625 0.46171875 0.08125 0.0328125
1 0.26328125 0.4265625 0.0703125 0.015625
1 0.3140625 0.496875 0.0875 0.0421875
1 0.25 0.5078125 0.084375 0.0390625
1 0.2671875 0.49296875 0.0796875 0.0296875
1 0.32578125 0.62421875 0.096875 0.0453125
1 0.43359375 0.48515625 0.06875 0.0265625
1 0.42734375 0.49453125 0.084375 0.0265625
0 0.52734375 0.67421875 0.0234375 0.0140625
1 0.66953125 0.425 0.0734375 0.0125
1 0.81015625 0.4640625 0.0640625 0.0328125
1 0.8359375 0.4484375 0.065625 0.0296875
1 0.83515625 0.4921875 0.0640625 0.03125
1 0.7546875 0.54453125 0.0765625 0.0359375
1 0.78046875 0.575 0.075 0.040625
1 0.8375 0.55703125 0.0578125 0.028125
1 0.84609375 0.6 0.0671875 0.0265625
1 0.92578125 0.6203125 0.0578125 0.0265625
1 0.92421875 0.7015625 0.059375 0.0328125
1 0.95 0.725 0.0578125 0.028125
1 0.79921875 0.80078125 0.078125 0.0375
1 0.8546875 0.91796875 0.0609375 0.028125
1 0.6734375 0.89453125 0.0953125 0.040625
0 0.73046875 0.534375 0.01875 0.0125