0 0.04296875 0.05625 0.015625 0.0078125
1 0.22109375 0.0671875 0.0453125 0.0171875
1 0.22734375 0.0890625 0.040625 0.0140625
1 0.20703125 0.14140625 0.0453125 0.0203125
1 0.18125 0.17421875 0.04375 0.0109375
1 0.1359375 0.1 0.05 0.0171875
1 0.059375 0.0703125 0.0546875 0.01875
1 0.61796875 0.06484375 0.0859375 0.0359375
1 0.6203125 0.1078125 0.0859375 0.034375
1 0.6828125 0.1296875 0.0828125 0.021875
1 0.6875 0.15546875 0.0734375 0.025
0 0.28203125 0.43125 0.0125 0.0078125
1 0.3015625 0.4265625 0.05625 0.015625
1 0.2 0.46953125 0.0640625 0.021875
1 0.20859375 0.53359375 0.0578125 0.021875
1 0.2625 0.54765625 0.05625 0.0140625
1 0.34453125 0.6078125 0.053125 0.0125
1 0.36640625 0.6578125 0.0453125 0.0171875
1 0.33671875 0.6796875 0.05 0.0171875
1 0.27578125 0.63984375 0.0515625 0.0171875
1 0.25703125 0.62890625 0.0453125 0.0140625
1 0.20859375 0.7921875 0.0546875 0.0203125
1 0.20703125 0.82421875 0.065625 0.015625
1 0.16875 0.8578125 0.065625 0.021875
1 0.2890625 0.88671875 0.05 0.015625
1 0.321875 0.9171875 0.04375 0.0140625
1 0.26640625 0.9609375 0.05 0.0140625
1 0.23828125 0.96015625 0.0546875 0.01875
1 0.1234375 0.9046875 0.0703125 0.0234375
1 0.19140625 0.9859375 0.0671875 0.01875
1 0.23671875 0.99765625 0.0578125 0.0046875
1 0.29296875 0.9953125 0.0546875 0.009375
1 0.903125 0.97265625 0.0609375 0.0296875
1 0.9484375 0.79765625 0.0546875 0.0234375
1 0.96953125 0.81328125 0.053125 0.0140625
1 0.9796875 0.71640625 0.040625 0.0203125
1 0.96171875 0.67578125 0.0484375 0.0171875
1 0.93046875 0.67265625 0.053125 0.0203125
1 0.9671875 0.63515625 0.04375 0.0140625
1 0.99140625 0.6484375 0.0171875 0.015625
1 0.98671875 0.62578125 0.0265625 0.0140625
1 0.9859375 0.61015625 0.028125 0.0140625
1 0.99453125 0.6015625 0.0109375 0.0125
1 0.98671875 0.59453125 0.0265625 0.0109375
1 0.98984375 0.590625 0.0203125 0.009375
1 0.99296875 0.5875 0.0140625 0.0125
1 0.98515625 0.52578125 0.0296875 0.0140625
1 0.98046875 0.33984375 0.0390625 0.0171875
0 0.97421875 0.3484375 0.0140625 0.0109375
1 0.92734375 0.99375 0.0484375 0.0125