1 0.0796875 0.275 0.065625 0.01875
1 0.171875 0.27421875 0.053125 0.015625
1 0.12890625 0.11875 0.0671875 0.0234375
1 0.215625 0.20234375 0.0546875 0.01875
1 0.2359375 0.21875 0.0578125 0.0203125
1 0.246875 0.309375 0.05 0.0140625
1 0.2796875 0.309375 0.0453125 0.015625
1 0.36796875 0.24609375 0.034375 0.009375
0 0.93203125 0.24375 0.00625 0.00625
1 0.8859375 0.20625 0.05 0.015625
1 0.94765625 0.24609375 0.0390625 0.0140625
1 0.65859375 0.32109375 0.0671875 0.0171875
0 0.31796875 0.8921875 0.01875 0.009375
1 0.3296875 0.89921875 0.0421875 0.0171875
1 0.2390625 0.6734375 0.0515625 0.015625
1 0.215625 0.6625 0.0484375 0.0203125
1 0.1265625 0.6265625 0.0546875 0.0203125
1 0.19921875 0.51015625 0.0484375 0.0171875
1 0.23359375 0.49921875 0.04375 0.0140625
1 0.33828125 0.5171875 0.0390625 0.0140625
1 0.4109375 0.54453125 0.015625 0.0140625
1 0.33125 0.58125 0.053125 0.015625
1 0.35703125 0.359375 0.0390625 0.0140625
1 0.2859375 0.3515625 0.0453125 0.0140625
1 0.40234375 0.3421875 0.0328125 0.015625
1 0.34765625 0.63515625 0.0453125 0.0171875
1 0.77734375 0.3359375 0.0578125 0.0125
1 0.7109375 0.37734375 0.0578125 0.025
1 0.65703125 0.37578125 0.0578125 0.021875
1 0.70546875 0.421875 0.0578125 0.01875
1 0.7359375 0.403125 0.0609375 0.01875
1 0.759375 0.42578125 0.0609375 0.021875
1 0.80390625 0.48125 0.0546875 0.0203125
1 0.703125 0.50546875 0.0578125 0.01875
1 0.8375 0.57578125 0.0515625 0.0203125
1 0.86796875 0.58984375 0.05 0.0203125
1 0.8296875 0.675 0.065625 0.01875
1 0.90234375 0.6734375 0.046875 0.0171875
0 0.88828125 0.66015625 0.015625 0.0109375
1 0.734375 0.7234375 0.0546875 0.01875
1 0.58515625 0.69453125 0.065625 0.0234375
1 0.55546875 0.78671875 0.065625 0.021875
1 0.7953125 0.88828125 0.0546875 0.01875