1 0.0515625 0.040625 0.01875 0.0515625
1 0.1875 0.06640625 0.025 0.0625
1 0.23046875 0.03828125 0.021875 0.0625
1 0.27890625 0.0234375 0.0203125 0.046875
1 0.36484375 0.15625 0.0328125 0.071875
1 0.97890625 0.1390625 0.01875 0.0453125
1 0.83125 0.1703125 0.0203125 0.05
1 0.80390625 0.1 0.015625 0.0390625
1 0.84296875 0.0703125 0.015625 0.0453125
1 0.75703125 0.06875 0.01875 0.0390625
1 0.78203125 0.07109375 0.015625 0.0390625
1 0.74453125 0.16796875 0.0171875 0.0484375
1 0.69140625 0.06875 0.015625 0.0390625
1 0.68046875 0.0734375 0.0140625 0.0328125
1 0.653125 0.13984375 0.0140625 0.053125
1 0.6609375 0.26875 0.0203125 0.0484375
1 0.57890625 0.1765625 0.01875 0.0453125
1 0.48671875 0.40078125 0.0203125 0.0171875
1 0.50546875 0.39609375 0.0203125 0.0265625
1 0.003125 0.584375 0.00625 0.025
1 0.03515625 0.6328125 0.0078125 0.025
1 0.025 0.603125 0.0078125 0.0234375
1 0.01875 0.5921875 0.0078125 0.0234375
1 0.015625 0.5828125 0.00625 0.021875
1 0.01171875 0.57890625 0.00625 0.025
1 0.01953125 0.571875 0.00625 0.0234375
1 0.02734375 0.57421875 0.009375 0.025
1 0.03359375 0.5875 0.0109375 0.028125
1 0.4765625 0.64296875 0.0171875 0.0453125
1 0.521875 0.696875 0.0171875 0.0515625
1 0.4953125 0.61640625 0.01875 0.0421875
1 0.6328125 0.6640625 0.0171875 0.0546875
1 0.68828125 0.6984375 0.0171875 0.0546875
1 0.73984375 0.665625 0.0203125 0.0484375
1 0.75703125 0.6234375 0.01875 0.0453125
1 0.79765625 0.60859375 0.01875 0.0546875
1 0.82421875 0.6203125 0.0234375 0.0515625
1 0.8375 0.66640625 0.0171875 0.0484375
1 0.8296875 0.68125 0.0171875 0.0546875
1 0.6984375 0.640625 0.0140625 0.040625
1 0.67421875 0.65 0.0203125 0.0453125
1 0.6671875 0.6296875 0.021875 0.0453125
1 0.70390625 0.58984375 0.0203125 0.0484375
1 0.6203125 0.584375 0.015625 0.0453125
1 0.63671875 0.5640625 0.0125 0.0375