1 0.65859375 0.0765625 0.028125 0.065625
1 0.4671875 0.009375 0.028125 0.01875
1 0.28515625 0.06796875 0.0359375 0.071875
1 0.98515625 0.37421875 0.0203125 0.0296875
1 0.90703125 0.365625 0.015625 0.0390625
1 0.92265625 0.33359375 0.015625 0.0328125
1 0.8875 0.32109375 0.01875 0.0421875
1 0.734375 0.37578125 0.015625 0.0265625
1 0.72109375 0.3734375 0.0203125 0.03125
1 0.72890625 0.321875 0.015625 0.040625
1 0.421875 0.85 0.0203125 0.0390625
1 0.3921875 0.8734375 0.01875 0.0390625
1 0.38671875 0.8375 0.01875 0.0421875
1 0.37265625 0.84453125 0.0109375 0.0265625
1 0.3328125 0.821875 0.0109375 0.0265625
1 0.3359375 0.7796875 0.0125 0.034375
1 0.31015625 0.8671875 0.0171875 0.0359375
1 0.3125 0.959375 0.0140625 0.040625
1 0.31484375 0.66328125 0.0109375 0.028125
1 0.2984375 0.7546875 0.0140625 0.0296875
1 0.26328125 0.80234375 0.015625 0.034375
1 0.2625 0.7609375 0.0140625 0.0359375
1 0.28515625 0.71875 0.0125 0.034375
1 0.275 0.71484375 0.015625 0.0296875
1 0.59296875 0.846875 0.0109375 0.025
1 0.63671875 0.71640625 0.015625 0.0265625
0 0.6484375 0.8640625 0.009375 0.0171875
0 0.075 0.6796875 0.0125 0.01875
1 0.08984375 0.64375 0.0140625 0.03125
1 0.19453125 0.63515625 0.0140625 0.0234375
1 0.0828125 0.73515625 0.015625 0.0359375
0 0.146875 0.925 0.0125 0.0171875
1 0.1046875 0.90390625 0.0234375 0.040625
1 0.75 0.6921875 0.034375 0.0796875
1 0.7609375 0.43046875 0.0234375 0.0578125
1 0.83203125 0.403125 0.0171875 0.028125