0 0.03203125 0.134375 0.0140625 0.0078125
1 0.03671875 0.03125 0.0453125 0.015625
1 0.05859375 0.1359375 0.0390625 0.015625
1 0.03203125 0.15390625 0.0421875 0.015625
1 0.03125 0.1828125 0.034375 0.01875
1 0.04765625 0.2 0.05 0.0171875
1 0.09765625 0.2046875 0.046875 0.0140625
1 0.11796875 0.16796875 0.0421875 0.0171875
1 0.1828125 0.1390625 0.0578125 0.0234375
1 0.1296875 0.33515625 0.0546875 0.01875
1 0.09921875 0.29609375 0.046875 0.015625
1 0.12578125 0.34765625 0.0546875 0.0171875
1 0.1796875 0.384375 0.0609375 0.0171875
1 0.1625 0.39609375 0.0546875 0.0171875
1 0.97890625 0.21640625 0.0421875 0.0234375
1 0.9375 0.1046875 0.0625 0.0234375
1 0.8765625 0.17265625 0.0546875 0.0171875
1 0.8375 0.178125 0.0546875 0.0171875
1 0.734375 0.18125 0.040625 0.0125
1 0.675 0.16328125 0.0484375 0.01875
1 0.7140625 0.07109375 0.0453125 0.015625
1 0.78046875 0.0265625 0.0390625 0.015625
1 0.7609375 0.09140625 0.0484375 0.0171875
1 0.859375 0.02578125 0.0515625 0.0203125
1 0.83046875 0.11171875 0.05 0.0171875
1 0.66640625 0.01796875 0.053125 0.015625
1 0.08359375 0.690625 0.065625 0.021875
1 0.09296875 0.80546875 0.0578125 0.0203125
1 0.07890625 0.88984375 0.0671875 0.01875
1 0.1671875 0.9234375 0.0640625 0.021875
1 0.07734375 0.996875 0.0578125 0.00625
1 0.08359375 0.99140625 0.059375 0.0171875
1 0.10703125 0.98203125 0.05625 0.0140625
1 0.09140625 0.96640625 0.05625 0.01875
1 0.10703125 0.96171875 0.0453125 0.015625
1 0.071875 0.95625 0.0484375 0.0171875
1 0.0671875 0.92890625 0.053125 0.0234375
1 0.05703125 0.9703125 0.040625 0.0125
1 0.06796875 0.97890625 0.04375 0.0125
1 0.04765625 0.97890625 0.0515625 0.0109375
1 0.76484375 0.975 0.0390625 0.0140625
1 0.78125 0.9671875 0.0375 0.0109375
1 0.82578125 0.95 0.053125 0.015625
1 0.934375 0.89375 0.0640625 0.0203125
1 0.81484375 0.765625 0.0578125 0.0171875
1 0.73671875 0.71171875 0.0546875 0.0171875
1 0.7125 0.66171875 0.0453125 0.015625
1 0.72421875 0.6265625 0.053125 0.0140625
1 0.76171875 0.64453125 0.0515625 0.0203125
1 0.81171875 0.44765625 0.0609375 0.0171875
1 0.7078125 0.8953125 0.04375 0.015625
1 0.73515625 0.94921875 0.040625 0.0125
0 0.8109375 0.49375 0.0296875 0.0171875