1 0.31484375 0.3625 0.046875 0.0109375
1 0.19765625 0.321875 0.034375 0.009375
1 0.3828125 0.3234375 0.05 0.0109375
1 0.33359375 0.22890625 0.05625 0.015625
1 0.390625 0.21171875 0.05625 0.0140625
1 0.3546875 0.09140625 0.046875 0.0171875
1 0.4890625 0.034375 0.059375 0.01875
1 0.44765625 0.09921875 0.05625 0.0171875
1 0.4953125 0.1375 0.05 0.0140625
1 0.5953125 0.22578125 0.06875 0.0140625
1 0.55234375 0.32109375 0.0609375 0.0203125
1 0.76875 0.41484375 0.08125 0.0078125
1 0.45078125 0.31875 0.059375 0.0140625
1 0.4375 0.328125 0.0375 0.009375
1 0.425 0.29765625 0.0125 0.0140625
1 0.79765625 0.62890625 0.0890625 0.0234375
1 0.7484375 0.5515625 0.0828125 0.01875
1 0.7390625 0.421875 0.05625 0.00625
1 0.65390625 0.503125 0.0515625 0.0171875
1 0.58984375 0.55234375 0.0671875 0.0140625
1 0.5734375 0.58515625 0.0515625 0.01875
1 0.5828125 0.65078125 0.0453125 0.0171875
1 0.6609375 0.625 0.0625 0.01875
1 0.540625 0.66796875 0.040625 0.0125
1 0.53984375 0.7015625 0.04375 0.0171875
1 0.5359375 0.7421875 0.0453125 0.0203125
1 0.52734375 0.79453125 0.05 0.01875
1 0.57890625 0.83046875 0.0515625 0.0171875
1 0.60546875 0.8515625 0.0453125 0.0109375
1 0.6546875 0.8640625 0.0578125 0.0140625
1 0.58203125 0.975 0.0453125 0.0140625
1 0.6671875 0.653125 0.05625 0.0140625
0 0.634375 0.990625 0.021875 0.0125