0 0.32734375 0.221875 0.015625 0.00625
1 0.44609375 0.2765625 0.04375 0.0125
1 0.35078125 0.2296875 0.0484375 0.0203125
1 0.39453125 0.16875 0.0609375 0.0171875
1 0.2828125 0.15234375 0.0546875 0.0203125
1 0.47890625 0.0703125 0.046875 0.0140625
1 0.415625 0.025 0.05 0.0140625
1 0.9328125 0.0125 0.0640625 0.0234375
1 0.9859375 0.26953125 0.028125 0.0171875
1 0.103125 0.51796875 0.0546875 0.0171875
1 0.19140625 0.4515625 0.05625 0.015625
1 0.24375 0.45546875 0.0609375 0.0171875
1 0.228125 0.47265625 0.059375 0.015625
1 0.30625 0.53046875 0.0546875 0.0171875
1 0.2703125 0.58828125 0.0546875 0.0171875
1 0.084375 0.615625 0.0671875 0.021875
1 0.209375 0.6125 0.053125 0.015625
1 0.140625 0.85546875 0.046875 0.0140625
1 0.175 0.884375 0.0421875 0.015625
1 0.36328125 0.74921875 0.0390625 0.0140625
1 0.4484375 0.7859375 0.040625 0.0125
0 0.68515625 0.52890625 0.0203125 0.0140625
1 0.7953125 0.5234375 0.0703125 0.025
1 0.8890625 0.5296875 0.0578125 0.0234375
1 0.7921875 0.69140625 0.0703125 0.025
1 0.72421875 0.63359375 0.0765625 0.0234375
1 0.6421875 0.53359375 0.0953125 0.03125
1 0.6515625 0.6640625 0.0921875 0.028125
1 0.71796875 0.7203125 0.0734375 0.021875
1 0.6453125 0.7421875 0.0859375 0.0390625
1 0.79453125 0.825 0.0703125 0.0234375
1 0.809375 0.9390625 0.0578125 0.0203125