0 0.54765625 0.4796875 0.015625 0.0078125
1 0.43515625 0.54375 0.0453125 0.0171875
1 0.52578125 0.4890625 0.0484375 0.0234375
1 0.47734375 0.4328125 0.0609375 0.021875
1 0.58671875 0.40625 0.0546875 0.025
1 0.384375 0.3421875 0.0484375 0.0171875
1 0.2609375 0.325 0.0359375 0.015625
1 0.44296875 0.290625 0.0515625 0.0171875
1 0.37734375 0.2078125 0.0578125 0.0234375
1 0.43046875 0.1796875 0.0578125 0.021875
1 0.37109375 0.06796875 0.0484375 0.0234375
1 0.4734375 0.03515625 0.0609375 0.021875
1 0.9765625 0.27734375 0.046875 0.0296875
1 0.9296875 0.35078125 0.0546875 0.021875
1 0.8921875 0.359375 0.0546875 0.021875
1 0.7890625 0.371875 0.0421875 0.015625
1 0.728125 0.359375 0.0484375 0.021875
1 0.76015625 0.2640625 0.046875 0.01875
1 0.821875 0.21328125 0.0390625 0.01875
1 0.8078125 0.2796875 0.0484375 0.0203125
1 0.90078125 0.20546875 0.0515625 0.0234375
1 0.87890625 0.29453125 0.05 0.0203125
1 0.93046875 0.134375 0.0484375 0.0234375
1 0.72734375 0.04921875 0.0390625 0.01875
0 0.84296875 0.0140625 0.021875 0.009375
1 0.784375 0.0984375 0.0546875 0.01875
1 0.790625 0.15078125 0.0453125 0.0234375
1 0.7078125 0.21484375 0.0546875 0.0203125
0 0.353125 0.9125 0.021875 0.0125
1 0.3296875 0.94375 0.0578125 0.021875
1 0.22421875 0.86328125 0.065625 0.0234375
1 0.246875 0.746875 0.05625 0.028125
1 0.2546875 0.73203125 0.0578125 0.021875
1 0.3296875 0.71171875 0.0734375 0.028125
1 0.4296875 0.78125 0.0875 0.0296875
1 0.0765625 0.65625 0.040625 0.0125
1 0.0203125 0.703125 0.040625 0.01875
0 0.7078125 0.81875 0.0046875 0.003125
1 0.83671875 0.95625 0.0421875 0.0171875
1 0.815625 0.9015625 0.0421875 0.01875
1 0.8796875 0.85390625 0.0484375 0.0203125
1 0.76796875 0.92734375 0.0390625 0.0140625
1 0.75625 0.8734375 0.0390625 0.0171875
1 0.7109375 0.81875 0.028125 0.0109375
1 0.746875 0.80546875 0.03125 0.0109375
1 0.75703125 0.80546875 0.0296875 0.0125
1 0.725 0.7765625 0.0328125 0.0140625
1 0.7484375 0.74296875 0.034375 0.0125
1 0.7765625 0.7484375 0.0421875 0.01875
1 0.77734375 0.76171875 0.0421875 0.015625
1 0.77734375 0.69296875 0.0421875 0.015625
1 0.8 0.67890625 0.0484375 0.0171875
1 0.81953125 0.70390625 0.0359375 0.015625