0 0.62890625 0.22578125 0.0203125 0.0171875
0 0.6 0.09765625 0.0203125 0.0140625
1 0.25234375 0.2078125 0.065625 0.034375
1 0.6078125 0.15 0.0625 0.053125
1 0.5890625 0.02421875 0.1 0.0484375
1 0.12578125 0.12421875 0.040625 0.0234375
1 0.23125 0.06484375 0.0640625 0.03125
1 0.7484375 0.078125 0.0734375 0.03125
1 0.8234375 0.1203125 0.0734375 0.0328125
1 0.80234375 0.21875 0.0609375 0.0296875
1 0.7203125 0.23125 0.0625 0.0359375
1 0.6546875 0.10859375 0.03125 0.0265625
1 0.659375 0.0921875 0.040625 0.021875
0 0.146875 0.990625 0.0125 0.00625
0 0.26953125 0.940625 0.00625 0.0046875
0 0.2625 0.7984375 0.009375 0.00625
0 0.4453125 0.79375 0.0125 0.00625
0 0.38125 0.65234375 0.0140625 0.0078125
0 0.27265625 0.58046875 0.0109375 0.0078125
0 0.15 0.671875 0.009375 0.0046875
0 0.13515625 0.75078125 0.0109375 0.0078125
0 0.04765625 0.8453125 0.0140625 0.009375
0 0.02890625 0.6078125 0.0109375 0.00625
0 0.334375 0.48125 0.0109375 0.0078125
0 0.12578125 0.44140625 0.0140625 0.0078125
1 0.228125 0.33984375 0.096875 0.0453125
1 0.0703125 0.325 0.0859375 0.0375
1 0.00625 0.59375 0.0125 0.025
1 0.01015625 0.85078125 0.0203125 0.0203125
1 0.08125 0.75078125 0.0609375 0.0296875
1 0.05546875 0.90234375 0.0515625 0.025
1 0.0109375 0.92421875 0.021875 0.0203125
1 0.25078125 0.95859375 0.0828125 0.0390625
1 0.93046875 0.5375 0.0578125 0.0265625
1 0.8375 0.7734375 0.0625 0.0265625
1 0.8390625 0.73671875 0.0609375 0.0265625
1 0.8421875 0.6625 0.059375 0.0265625
1 0.8046875 0.64453125 0.0578125 0.0265625
1 0.81328125 0.5109375 0.0625 0.025
1 0.78359375 0.5671875 0.0640625 0.021875
1 0.78203125 0.55625 0.0484375 0.0234375
1 0.78046875 0.55078125 0.059375 0.0265625
1 0.73203125 0.5875 0.0484375 0.021875
1 0.7359375 0.6015625 0.046875 0.025
1 0.70078125 0.61796875 0.046875 0.0265625
1 0.68671875 0.6671875 0.0515625 0.028125
1 0.709375 0.709375 0.0453125 0.0234375
1 0.73046875 0.70390625 0.03125 0.034375
1 0.75234375 0.69375 0.0546875 0.0265625
1 0.6578125 0.32109375 0.0375 0.0265625
0 0.7546875 0.571875 0.015625 0.0109375