0 0.496875 0.19765625 0.0203125 0.0140625
0 0.60546875 0.228125 0.0078125 0.0125
0 0.51015625 0.34609375 0.0203125 0.0140625
0 0.57265625 0.35625 0.015625 0.015625
0 0.56640625 0.45859375 0.015625 0.0125
0 0.43203125 0.45234375 0.015625 0.0125
0 0.46484375 0.5078125 0.025 0.0140625
0 0.52890625 0.55625 0.0203125 0.00625
1 0.5875 0.0765625 0.04375 0.046875
1 0.14765625 0.00234375 0.0390625 0.0046875
1 0.25546875 0.04921875 0.0640625 0.0296875
1 0.30546875 0.146875 0.0640625 0.028125
1 0.41171875 0.2171875 0.0734375 0.028125
1 0.17890625 0.209375 0.053125 0.0234375
1 0.4125 0.23046875 0.084375 0.03125
1 0.140625 0.2203125 0.0515625 0.0234375
1 0.16015625 0.40703125 0.0609375 0.028125
1 0.2671875 0.50703125 0.0765625 0.0296875
1 0.27578125 0.52890625 0.065625 0.0234375
1 0.19140625 0.490625 0.053125 0.021875
1 0.16328125 0.446875 0.0625 0.0234375
1 0.1078125 0.421875 0.0375 0.0171875
1 0.11484375 0.4484375 0.0421875 0.021875
1 0.11328125 0.459375 0.0578125 0.028125
1 0.15625 0.509375 0.0640625 0.0265625
1 0.19140625 0.525 0.0640625 0.0296875
1 0.73203125 0.1515625 0.0453125 0.01875
1 0.78046875 0.1859375 0.0515625 0.0265625
1 0.66328125 0.1671875 0.046875 0.01875
1 0.7015625 0.23984375 0.05 0.0203125
1 0.75703125 0.28515625 0.0578125 0.025
1 0.69375 0.340625 0.0453125 0.01875
1 0.62109375 0.2734375 0.0234375 0.015625
1 0.6203125 0.33828125 0.021875 0.0140625
1 0.6515625 0.346875 0.0453125 0.01875
1 0.68046875 0.36875 0.0421875 0.01875
1 0.74140625 0.41640625 0.0546875 0.0234375
1 0.74453125 0.46015625 0.0546875 0.0234375
1 0.69375 0.45 0.05 0.0234375
1 0.65546875 0.415625 0.0546875 0.025
1 0.66875 0.50625 0.05 0.021875
0 0.175 0.62421875 0.009375 0.00625
0 0.23515625 0.6328125 0.0078125 0.0046875
0 0.2546875 0.72109375 0.009375 0.0046875
0 0.21171875 0.8765625 0.00625 0.0046875
0 0.11015625 0.890625 0.009375 0.0046875
0 0.16171875 0.959375 0.00625 0.0046875
0 0.0515625 0.84765625 0.0078125 0.0046875
0 0.078125 0.76796875 0.009375 0.0046875
1 0.2390625 0.77109375 0.0484375 0.0203125
1 0.22890625 0.78359375 0.0515625 0.0203125
1 0.14453125 0.76640625 0.0453125 0.01875
1 0.13984375 0.73671875 0.0421875 0.01875
1 0.15546875 0.71875 0.0421875 0.01875
1 0.11484375 0.71171875 0.0359375 0.0140625
1 0.08359375 0.74453125 0.0265625 0.0109375
1 0.0703125 0.73984375 0.025 0.009375
1 0.02265625 0.796875 0.025 0.0109375
1 0.0609375 0.9078125 0.034375 0.0140625
1 0.07734375 0.93828125 0.0375 0.0171875
1 0.08984375 0.96328125 0.040625 0.0171875
1 0.0421875 0.9609375 0.0296875 0.0125
1 0.0140625 0.90625 0.028125 0.0125
1 0.009375 0.9171875 0.01875 0.0125
1 0.61640625 0.80703125 0.0140625 0.0171875
1 0.62109375 0.81171875 0.0234375 0.0203125