0 0.103125 0.18359375 0.0203125 0.0109375
0 0.03984375 0.31953125 0.0203125 0.0109375
1 0.040625 0.02890625 0.08125 0.0359375
1 0.5 0.1125 0.0375 0.01875
1 0.38046875 0.12734375 0.0640625 0.0234375
1 0.30078125 0.2015625 0.0640625 0.021875
1 0.1765625 0.23125 0.0734375 0.021875
1 0.39765625 0.30390625 0.053125 0.01875
1 0.17109375 0.24453125 0.0859375 0.0234375
1 0.43046875 0.32734375 0.0515625 0.01875
1 0.76015625 0.40390625 0.0578125 0.021875
1 0.8015625 0.415625 0.0546875 0.01875
1 0.83984375 0.4078125 0.0578125 0.021875
1 0.9125 0.284375 0.0515625 0.01875
1 0.64765625 0.24609375 0.084375 0.028125
1 0.7109375 0.13359375 0.0765625 0.028125
1 0.9359375 0.09609375 0.0484375 0.01875
1 0.8484375 0.11171875 0.05625 0.015625
1 0.82578125 0.12109375 0.0578125 0.01875
1 0.8734375 0.16484375 0.0546875 0.01875
1 0.903125 0.171875 0.0515625 0.0171875
1 0.959375 0.24453125 0.0390625 0.0140625
0 0.4515625 0.684375 0.0234375 0.0078125
1 0.415625 0.446875 0.0671875 0.0234375
1 0.4125 0.584375 0.059375 0.0171875
1 0.496875 0.5484375 0.04375 0.01875
1 0.46796875 0.85703125 0.04375 0.0109375
1 0.475 0.8609375 0.04375 0.0109375
1 0.48046875 0.83828125 0.0390625 0.0140625
1 0.4859375 0.84375 0.053125 0.0125
1 0.49140625 0.83828125 0.04375 0.0109375
1 0.4828125 0.80390625 0.0453125 0.0140625
1 0.4734375 0.79921875 0.046875 0.0125
1 0.30703125 0.85 0.0734375 0.025
1 0.9921875 0.5453125 0.015625 0.00625
1 0.98046875 0.60703125 0.03125 0.0125
1 0.915625 0.5921875 0.0390625 0.0125
1 0.9203125 0.61484375 0.034375 0.0109375
1 0.88046875 0.77421875 0.034375 0.0109375
1 0.928125 0.87421875 0.0328125 0.0109375
1 0.953125 0.8640625 0.0203125 0.0140625
1 0.98203125 0.95078125 0.028125 0.0078125
0 0.865625 0.9125 0.0125 0.0078125
1 0.91171875 0.63828125 0.0328125 0.0078125