1 0.00546875 0.24375 0.0109375 0.053125
1 0.05 0.27578125 0.0171875 0.0453125
1 0.07734375 0.2515625 0.0171875 0.05
1 0.05078125 0.18359375 0.0171875 0.0515625
1 0.04453125 0.1625 0.0140625 0.0453125
1 0.2140625 0.15 0.0203125 0.0546875
1 0.24609375 0.1546875 0.015625 0.065625
1 0.28671875 0.12421875 0.021875 0.065625
1 0.28984375 0.24765625 0.015625 0.05
1 0.31328125 0.2859375 0.0140625 0.04375
1 0.3671875 0.24140625 0.0140625 0.05
1 0.37265625 0.21328125 0.01875 0.0546875
1 0.3421875 0.0890625 0.0234375 0.0703125
1 0.403125 0.17265625 0.0125 0.0671875
1 0.40078125 0.275 0.0171875 0.0546875
1 0.7078125 0.01875 0.025 0.0375
1 0.81953125 0.0609375 0.025 0.0625
1 0.75078125 0.12109375 0.01875 0.0546875
1 0.74453125 0.159375 0.01875 0.0546875
1 0.7390625 0.2625 0.0140625 0.040625
1 0.75625 0.32265625 0.01875 0.0484375
1 0.84921875 0.284375 0.015625 0.046875
1 0.8953125 0.21953125 0.015625 0.0390625
1 0.8296875 0.2375 0.0171875 0.0484375
1 0.89765625 0.140625 0.0203125 0.0515625
1 0.81015625 0.16796875 0.0171875 0.05
1 0.96640625 0.10546875 0.0203125 0.0484375
1 0.96015625 0.24609375 0.0203125 0.0453125
1 0.9015625 0.33359375 0.0171875 0.0546875
1 0.3546875 0.64296875 0.0125 0.0375
1 0.34296875 0.646875 0.0140625 0.04375
1 0.2671875 0.72890625 0.0125 0.0375
1 0.25859375 0.6984375 0.0140625 0.0484375
1 0.23984375 0.7 0.0109375 0.0453125
1 0.17890625 0.65078125 0.0140625 0.04375
1 0.14375 0.6234375 0.0171875 0.046875
1 0.11875 0.65234375 0.0125 0.0359375
1 0.096875 0.6640625 0.0125 0.040625
1 0.09765625 0.6734375 0.0140625 0.040625
1 0.03671875 0.6625 0.0109375 0.040625
1 0.16484375 0.71328125 0.0140625 0.0359375
1 0.1734375 0.72578125 0.015625 0.0421875
1 0.35546875 0.75390625 0.0125 0.0359375
0 0.35546875 0.75859375 0.0046875 0.009375
0 0.9765625 0.7015625 0.0109375 0.0171875
0 0.8953125 0.8765625 0.0125 0.025
0 0.8265625 0.91875 0.009375 0.015625
0 0.73828125 0.775 0.0109375 0.0234375
0 0.73828125 0.50078125 0.0125 0.025
0 0.63828125 0.559375 0.0125 0.0234375
0 0.57421875 0.63984375 0.0078125 0.021875
0 0.50625 0.6078125 0.0109375 0.0171875
1 0.47265625 0.90546875 0.0171875 0.0546875
1 0.6984375 0.9671875 0.01875 0.0546875
1 0.76171875 0.95234375 0.0140625 0.046875
1 0.6765625 0.8390625 0.0234375 0.05
1 0.62265625 0.89296875 0.0203125 0.0640625
1 0.64375 0.94375 0.021875 0.05
1 0.80546875 0.78359375 0.015625 0.0625
1 0.7078125 0.61953125 0.021875 0.078125
1 0.584375 0.50546875 0.028125 0.0515625
1 0.5375 0.7140625 0.0203125 0.0453125
1 0.51171875 0.76484375 0.021875 0.0546875
1 0.4671875 0.6875 0.015625 0.0609375
1 0.45625 0.70390625 0.0140625 0.05
1 0.43671875 0.65703125 0.0265625 0.05
1 0.478125 0.65703125 0.0171875 0.0484375
1 0.4859375 0.63046875 0.0203125 0.053125
1 0.4953125 0.59375 0.028125 0.0609375
1 0.46796875 0.61640625 0.028125 0.0625
1 0.80859375 0.58828125 0.021875 0.0828125