1 0.5234375 0.0125 0.0625 0.0171875
1 0.4515625 0.02890625 0.0640625 0.0140625
1 0.4109375 0.08203125 0.0625 0.0140625
1 0.42109375 0.13203125 0.05625 0.0203125
1 0.36484375 0.3625 0.0375 0.0109375
1 0.44140625 0.4421875 0.0375 0.009375
1 0.43671875 0.45390625 0.04375 0.009375
1 0.3484375 0.521875 0.0375 0.009375
1 0.37734375 0.5328125 0.0484375 0.0109375
1 0.37421875 0.54921875 0.0453125 0.0015625
1 0.790625 0.19921875 0.0875 0.0140625
1 0.33359375 0.43125 0.0296875 0.009375
0 0.3265625 0.43203125 0.009375 0.003125
1 0.009375 0.63984375 0.01875 0.0171875
1 0.0578125 0.70625 0.0796875 0.01875
1 0.0640625 0.94296875 0.084375 0.01875
1 0.02890625 0.94765625 0.0578125 0.0203125
1 0.81171875 0.75625 0.0609375 0.0140625
1 0.675 0.7453125 0.0484375 0.0140625
1 0.65 0.55234375 0.046875 0.0046875
1 0.4671875 0.56484375 0.03125 0.009375
1 0.5109375 0.62109375 0.034375 0.009375
1 0.51015625 0.65390625 0.034375 0.009375
1 0.4828125 0.68046875 0.0375 0.0078125
1 0.4203125 0.684375 0.03125 0.009375
1 0.534375 0.721875 0.034375 0.0109375
1 0.58515625 0.7203125 0.046875 0.0125
1 0.58515625 0.74140625 0.0375 0.009375
1 0.5375 0.74375 0.040625 0.00625
1 0.47109375 0.7453125 0.0296875 0.0078125
1 0.44609375 0.75703125 0.034375 0.00625
1 0.46796875 0.7734375 0.034375 0.009375
1 0.5171875 0.76328125 0.0359375 0.009375
1 0.565625 0.8125 0.040625 0.0109375
1 0.56015625 0.9296875 0.04375 0.009375
1 0.509375 0.9015625 0.040625 0.0078125