1 0.1453125 0.03125 0.0578125 0.025
1 0.20078125 0.0296875 0.05625 0.0171875
1 0.29609375 0.06484375 0.053125 0.015625
1 0.33125 0.10703125 0.0453125 0.0203125
1 0.30859375 0.1359375 0.05 0.0203125
1 0.2390625 0.1140625 0.0515625 0.0203125
1 0.2171875 0.109375 0.046875 0.0171875
1 0.21640625 0.27734375 0.0546875 0.0234375
1 0.79453125 0.190625 0.040625 0.0171875
1 0.84921875 0.228125 0.0421875 0.0171875
1 0.90234375 0.20625 0.0359375 0.0140625
1 0.79921875 0.2671875 0.0484375 0.0234375
1 0.45546875 0.9421875 0.059375 0.025
1 0.334375 0.90859375 0.0640625 0.0296875
1 0.2234375 0.91484375 0.0703125 0.0296875
1 0.29765625 0.753125 0.0671875 0.0265625
1 0.48984375 0.8421875 0.0484375 0.0234375
1 0.43203125 0.70625 0.0546875 0.025
1 0.53671875 0.625 0.0640625 0.03125
1 0.4296875 0.609375 0.059375 0.021875
1 0.3 0.60703125 0.0640625 0.0234375
1 0.18203125 0.55703125 0.059375 0.0265625
1 0.3046875 0.509375 0.059375 0.0265625
1 0.49453125 0.39453125 0.046875 0.0265625
1 0.334375 0.2984375 0.046875 0.01875
1 0.27265625 0.29453125 0.0609375 0.0109375
1 0.1453125 0.3890625 0.0578125 0.0265625
1 0.03359375 0.36796875 0.0671875 0.0328125
1 0.0734375 0.7515625 0.0671875 0.028125
1 0.0515625 0.746875 0.0625 0.028125
0 0.0390625 0.7375 0.0234375 0.0125
1 0.575 0.49296875 0.0125 0.0140625
1 0.59453125 0.53671875 0.0421875 0.01875
1 0.59296875 0.62109375 0.03125 0.0109375
1 0.646875 0.7171875 0.0421875 0.01875
1 0.63515625 0.803125 0.0265625 0.0140625
1 0.5875 0.99375 0.0375 0.0125
1 0.6546875 0.95 0.0390625 0.015625
1 0.68125 0.88046875 0.0390625 0.01875