1 0.20546875 0.4578125 0.028125 0.0703125
1 0.234375 0.3125 0.01875 0.0484375
1 0.25234375 0.2703125 0.01875 0.0421875
1 0.1890625 0.3140625 0.01875 0.0484375
1 0.11328125 0.27734375 0.01875 0.0421875
1 0.09375 0.2828125 0.0171875 0.046875
1 0.78203125 0.1765625 0.0234375 0.0578125
1 0.5828125 0.271875 0.01875 0.053125
1 0.5796875 0.30859375 0.0125 0.0359375
1 0.6625 0.4375 0.021875 0.0578125
1 0.4375 0.53125 0.0265625 0.05
1 0.4515625 0.56953125 0.021875 0.0546875
1 0.5140625 0.23359375 0.015625 0.0390625
1 0.490625 0.16875 0.021875 0.0484375
1 0.36953125 0.1546875 0.0203125 0.0421875
1 0.4734375 0.22578125 0.01875 0.0484375
1 0.40859375 0.2359375 0.021875 0.0453125
1 0.37890625 0.26328125 0.0203125 0.0515625
1 0.32109375 0.2640625 0.0046875 0.053125
1 0.32109375 0.21015625 0.0046875 0.0421875
1 0.4171875 0.35234375 0.028125 0.05625
1 0.3390625 0.353125 0.021875 0.0578125
1 0.33828125 0.37578125 0.0171875 0.040625
0 0.365625 0.603125 0.0109375 0.0140625
1 0.215625 0.93203125 0.0203125 0.0421875
1 0.24296875 0.95859375 0.01875 0.0421875
1 0.28203125 0.98671875 0.0171875 0.0265625
1 0.26484375 0.99140625 0.0203125 0.0171875
1 0.79921875 0.8109375 0.0421875 0.0953125
1 0.62265625 0.89140625 0.040625 0.084375
1 0.58046875 0.83671875 0.034375 0.0890625
1 0.4921875 0.8203125 0.0421875 0.09375
1 0.5703125 0.753125 0.0390625 0.08125
1 0.51953125 0.728125 0.0359375 0.0921875
1 0.5921875 0.7171875 0.0375 0.084375
1 0.5734375 0.678125 0.0375 0.078125
1 0.60859375 0.64765625 0.0390625 0.0171875
1 0.6625 0.7125 0.0421875 0.0796875
1 0.67890625 0.665625 0.0265625 0.053125
1 0.68984375 0.66484375 0.0359375 0.0515625