1 0.0796875 0.06484375 0.046875 0.0125
1 0.11953125 0.040625 0.040625 0.0125
1 0.084375 0.109375 0.046875 0.0125
1 0.13203125 0.17890625 0.040625 0.0125
1 0.12890625 0.19921875 0.0453125 0.0125
1 0.09140625 0.30703125 0.0390625 0.0140625
1 0.06953125 0.325 0.046875 0.0125
1 0.12109375 0.31640625 0.034375 0.015625
1 0.121875 0.36484375 0.034375 0.0078125
1 0.1359375 0.3546875 0.0375 0.0140625
1 0.14296875 0.34765625 0.03125 0.0109375
1 0.14453125 0.3359375 0.03125 0.0109375
1 0.1109375 0.3421875 0.0359375 0.0109375
0 0.765625 0.05546875 0.0125 0.00625
0 0.6875 0.10703125 0.015625 0.0078125
0 0.64296875 0.15859375 0.0171875 0.0078125
0 0.7625 0.24140625 0.0171875 0.00625
0 0.80234375 0.28828125 0.0140625 0.00625
0 0.83359375 0.315625 0.0125 0.00625
0 0.878125 0.2796875 0.009375 0.00625
0 0.8671875 0.14921875 0.009375 0.00625
0 0.81875 0.08671875 0.0140625 0.00625
1 0.86015625 0.04375 0.046875 0.015625
1 0.853125 0.0703125 0.040625 0.0109375
1 0.759375 0.1109375 0.0484375 0.0125
1 0.86015625 0.22109375 0.040625 0.009375
1 0.9171875 0.24453125 0.0328125 0.0109375
1 0.8640625 0.3609375 0.04375 0.0109375
1 0.63515625 0.29375 0.0640625 0.0171875
1 0.97890625 0.05078125 0.034375 0.0109375
1 0.265625 0.78515625 0.059375 0.0171875
1 0.25 0.70390625 0.05625 0.015625
1 0.24609375 0.67890625 0.0625 0.01875
1 0.33046875 0.6296875 0.05 0.01875
1 0.359375 0.71015625 0.04375 0.015625
1 0.38828125 0.696875 0.05625 0.01875
1 0.3921875 0.63046875 0.046875 0.01875
1 0.41328125 0.57421875 0.0109375 0.0140625
1 0.396875 0.48046875 0.04375 0.0171875
1 0.39453125 0.46875 0.04375 0.0125
1 0.34140625 0.4421875 0.0609375 0.021875
1 0.28671875 0.44375 0.0578125 0.021875
1 0.31875 0.49921875 0.0625 0.01875
1 0.32734375 0.58046875 0.05625 0.0125
1 0.39375 0.8203125 0.05 0.0125
1 0.103125 0.803125 0.0765625 0.021875
1 0.584375 0.59921875 0.0640625 0.0265625
1 0.51796875 0.9140625 0.0609375 0.021875
1 0.64140625 0.99765625 0.0515625 0.0046875
1 0.7203125 0.99609375 0.053125 0.0078125
1 0.7421875 0.99453125 0.059375 0.0109375
1 0.725 0.97890625 0.0484375 0.015625
1 0.75 0.9828125 0.040625 0.0109375
1 0.7640625 0.97890625 0.05 0.0125
1 0.79296875 0.96796875 0.05 0.015625
1 0.78984375 0.95390625 0.0484375 0.0171875
1 0.76484375 0.9546875 0.0515625 0.015625
1 0.71640625 0.95703125 0.053125 0.0125
1 0.71484375 0.834375 0.059375 0.01875
1 0.78671875 0.88125 0.059375 0.0140625