1 0.00703125 0.2453125 0.0140625 0.05625
1 0.20390625 0.33828125 0.01875 0.06875
1 0.14296875 0.20390625 0.0109375 0.046875
1 0.115625 0.16640625 0.0125 0.040625
1 0.18671875 0.1953125 0.0109375 0.046875
1 0.25234375 0.1421875 0.0125 0.040625
1 0.27265625 0.14296875 0.0109375 0.0453125
1 0.3828125 0.17109375 0.0140625 0.0390625
1 0.403125 0.19140625 0.0109375 0.046875
1 0.38984375 0.140625 0.015625 0.034375
1 0.56953125 0.2328125 0.0109375 0.059375
1 0.56328125 0.17734375 0.0140625 0.05
1 0.440625 0.13515625 0.0125 0.034375
1 0.45546875 0.1265625 0.0109375 0.040625
1 0.4265625 0.12265625 0.0140625 0.0375
1 0.41953125 0.115625 0.0109375 0.03125
1 0.4078125 0.115625 0.0109375 0.03125
1 0.41640625 0.1484375 0.0109375 0.0359375
1 0.98125 0.0046875 0.01875 0.009375
1 0.9640625 0.0578125 0.0140625 0.046875
1 0.96796875 0.12421875 0.0140625 0.04375
1 0.95 0.16796875 0.0203125 0.053125
1 0.9921875 0.1703125 0.015625 0.059375
1 0.8875 0.015625 0.015625 0.03125
1 0.85078125 0.0125 0.0140625 0.025
1 0.8453125 0.05390625 0.0109375 0.053125
1 0.846875 0.17890625 0.0203125 0.053125
1 0.71640625 0.22265625 0.0140625 0.053125
1 0.6578125 0.34921875 0.015625 0.0640625
1 0.7421875 0.29140625 0.0203125 0.059375
1 0.634375 0.08515625 0.0109375 0.0515625
1 0.72734375 0.0296875 0.0140625 0.046875
0 0.93203125 0.05703125 0.0125 0.021875
1 0.54765625 0.97265625 0.0265625 0.0546875
1 0.40546875 0.88203125 0.01875 0.071875
1 0.31015625 0.92890625 0.01875 0.0765625
1 0.2859375 0.73359375 0.021875 0.065625
1 0.00703125 0.8015625 0.0140625 0.065625
1 0.30546875 0.5640625 0.0140625 0.05625
1 0.3671875 0.5390625 0.0140625 0.053125
1 0.40546875 0.6609375 0.021875 0.05625
1 0.453125 0.6046875 0.0140625 0.059375
1 0.42265625 0.55078125 0.0140625 0.053125
1 0.575 0.71015625 0.021875 0.053125
1 0.559375 0.76953125 0.021875 0.05625
1 0.6 0.54140625 0.0140625 0.04375
1 0.63203125 0.51875 0.0171875 0.0375
1 0.73515625 0.57578125 0.0171875 0.053125
1 0.88828125 0.509375 0.0171875 0.01875
1 0.92421875 0.584375 0.0140625 0.05
1 0.78984375 0.75859375 0.0171875 0.065625
1 0.6703125 0.7890625 0.021875 0.071875
1 0.96640625 0.81015625 0.021875 0.06875