0 0.32734375 0.0359375 0.028125 0.015625
1 0.56640625 0.19296875 0.0578125 0.01875
1 0.5546875 0.16015625 0.0453125 0.0203125
1 0.7078125 0.12734375 0.05625 0.015625
1 0.74375 0.13046875 0.059375 0.021875
1 0.84765625 0.18125 0.0703125 0.0234375
1 0.809375 0.31328125 0.06875 0.0109375
1 0.60625 0.01171875 0.0609375 0.0234375
0 0.00390625 0.93984375 0.0078125 0.0109375
1 0.01953125 0.91875 0.0390625 0.015625
1 0.0546875 0.34296875 0.0546875 0.01875
1 0.0484375 0.36484375 0.0484375 0.01875
0 0.66640625 0.84140625 0.0125 0.0078125
1 0.64921875 0.85078125 0.05625 0.015625
1 0.7375 0.78515625 0.0640625 0.0234375
1 0.715625 0.725 0.0578125 0.021875
1 0.659375 0.7234375 0.05625 0.0140625
1 0.56640625 0.68359375 0.053125 0.0125
1 0.53359375 0.63984375 0.0453125 0.0171875
1 0.5578125 0.61171875 0.05 0.01875
1 0.62578125 0.63671875 0.0515625 0.01875
1 0.646875 0.64296875 0.046875 0.0140625
1 0.65703125 0.4734375 0.0546875 0.021875
1 0.6515625 0.4421875 0.065625 0.0171875
1 0.68125 0.40078125 0.065625 0.0234375
1 0.55703125 0.39921875 0.05 0.0171875
1 0.51953125 0.37734375 0.0453125 0.0140625
1 0.5625 0.32421875 0.05 0.0109375
1 0.58984375 0.321875 0.0546875 0.00625
1 0.71484375 0.34453125 0.0703125 0.0234375