0 0.57578125 0.034375 0.015625 0.0078125
1 0.56015625 0.04140625 0.0546875 0.0203125
1 0.57578125 0.06484375 0.0578125 0.025
1 0.56640625 0.1109375 0.05 0.021875
1 0.51796875 0.15859375 0.0546875 0.021875
1 0.59453125 0.21953125 0.0578125 0.021875
1 0.61640625 0.23671875 0.0609375 0.0203125
1 0.57734375 0.27265625 0.0546875 0.0203125
1 0.55859375 0.28203125 0.0546875 0.0171875
1 0.584375 0.28984375 0.0625 0.021875
1 0.66640625 0.33046875 0.0625 0.0203125
1 0.75390625 0.340625 0.0734375 0.025
1 0.821875 0.38125 0.0859375 0.0328125
1 0.93046875 0.36171875 0.090625 0.0296875
1 0.728125 0.4484375 0.0640625 0.021875
1 0.7 0.45 0.0671875 0.021875
1 0.71796875 0.41953125 0.078125 0.028125
1 0.625 0.3921875 0.0609375 0.021875
1 0.62109375 0.384375 0.0640625 0.01875
1 0.16875 0.83359375 0.05 0.0234375
1 0.01875 0.51875 0.0375 0.025
0 0.85546875 0.9046875 0.0296875 0.0203125
1 0.7484375 0.709375 0.09375 0.0390625
1 0.7078125 0.78671875 0.0796875 0.0328125
1 0.72109375 0.85390625 0.0828125 0.0375
1 0.765625 0.903125 0.0953125 0.0359375
1 0.64609375 0.75625 0.0859375 0.0328125
1 0.6125 0.71015625 0.0859375 0.028125
1 0.515625 0.7609375 0.0734375 0.0296875
1 0.4953125 0.74140625 0.0703125 0.025
1 0.37578125 0.67265625 0.0515625 0.0203125
1 0.41015625 0.6359375 0.0703125 0.0265625
1 0.39921875 0.56484375 0.0546875 0.01875
1 0.38203125 0.5359375 0.053125 0.01875
1 0.37734375 0.8265625 0.0546875 0.021875
1 0.53984375 0.48359375 0.0859375 0.0078125