1 0.8796875 0.18828125 0.08125 0.0234375
1 0.86953125 0.17265625 0.0796875 0.0265625
1 0.7984375 0.15859375 0.0828125 0.025
1 0.82109375 0.10625 0.0734375 0.0203125
1 0.81015625 0.0671875 0.0890625 0.025
1 0.6796875 0.01796875 0.0890625 0.03125
1 0.67109375 0.10546875 0.09375 0.0328125
1 0.17890625 0.99765625 0.0609375 0.0046875
1 0.090625 0.9625 0.0640625 0.01875
1 0.125 0.95625 0.0703125 0.01875
1 0.328125 0.965625 0.05625 0.015625
1 0.31171875 0.903125 0.0671875 0.021875
1 0.26171875 0.85703125 0.0609375 0.0203125
1 0.390625 0.9125 0.05625 0.015625
1 0.40703125 0.82890625 0.0234375 0.0171875
1 0.40546875 0.70390625 0.0265625 0.0140625
1 0.31015625 0.6046875 0.0453125 0.015625
1 0.28828125 0.5984375 0.0546875 0.015625
1 0.18515625 0.6921875 0.0578125 0.01875
1 0.16640625 0.58515625 0.0625 0.0171875
1 0.071875 0.51328125 0.0734375 0.021875
1 0.14140625 0.2875 0.06875 0.0171875
1 0.35 0.2890625 0.053125 0.015625
1 0.3984375 0.253125 0.040625 0.028125
1 0.4109375 0.47890625 0.015625 0.0140625
1 0.41328125 0.46328125 0.0109375 0.0203125
0 0.39609375 0.27421875 0.0125 0.0078125
1 0.73203125 0.209375 0.0828125 0.01875
1 0.9 0.2296875 0.0609375 0.0203125
1 0.9890625 0.3140625 0.021875 0.015625
1 0.646875 0.35859375 0.096875 0.0234375
1 0.7328125 0.46484375 0.0703125 0.0234375
1 0.81875 0.44765625 0.0703125 0.0234375
1 0.89140625 0.4109375 0.0640625 0.0203125
1 0.965625 0.51171875 0.0515625 0.0171875
1 0.86796875 0.49453125 0.0515625 0.0171875
1 0.934375 0.57265625 0.0609375 0.0203125
1 0.91328125 0.584375 0.0453125 0.01875
1 0.81640625 0.6359375 0.0671875 0.01875
1 0.8015625 0.6265625 0.0671875 0.0203125
1 0.62265625 0.7171875 0.0921875 0.03125
1 0.72421875 0.828125 0.0828125 0.028125
1 0.87421875 0.8125 0.0765625 0.021875
1 0.884375 0.79921875 0.0703125 0.0265625
1 0.9296875 0.77890625 0.0640625 0.021875
1 0.990625 0.725 0.01875 0.015625
0 0.71015625 0.2234375 0.028125 0.0171875