1 0.090625 0.61875 0.0765625 0.025
1 0.1703125 0.52421875 0.0859375 0.0265625
1 0.18203125 0.35703125 0.08125 0.028125
1 0.4140625 0.43203125 0.1046875 0.0375
1 0.38203125 0.1328125 0.0890625 0.025
1 0.13984375 0.221875 0.0640625 0.0171875
1 0.03125 0.284375 0.0625 0.021875
1 0.0265625 0.221875 0.053125 0.01875
1 0.009375 0.1953125 0.01875 0.01875
1 0.025 0.165625 0.05 0.021875
1 0.0421875 0.1390625 0.0625 0.021875
1 0.09609375 0.1203125 0.0734375 0.021875
1 0.1640625 0.15 0.078125 0.025
1 0.23125 0.0890625 0.0765625 0.021875
1 0.19453125 0.0671875 0.0796875 0.021875
1 0.29765625 0.0078125 0.0859375 0.015625
1 0.77421875 0.4359375 0.0625 0.021875
1 0.684375 0.4234375 0.0484375 0.0171875
1 0.71171875 0.28046875 0.0484375 0.01875
1 0.6734375 0.21796875 0.05 0.01875
1 0.67890625 0.18125 0.0453125 0.0171875
1 0.728125 0.13359375 0.0546875 0.0203125
1 0.68046875 0.07578125 0.046875 0.015625
1 0.67421875 0.04921875 0.0421875 0.0171875
1 0.715625 0.0296875 0.046875 0.0140625
1 0.6171875 0.13671875 0.040625 0.015625
1 0.6203125 0.20234375 0.040625 0.015625
1 0.58359375 0.20234375 0.0234375 0.0109375
1 0.58515625 0.22421875 0.03125 0.0109375
1 0.60703125 0.23203125 0.0390625 0.0125
1 0.58671875 0.3828125 0.0390625 0.0125
1 0.6375 0.48125 0.0484375 0.0140625
1 0.65625 0.58046875 0.053125 0.01875
1 0.6015625 0.56875 0.05 0.0171875
1 0.67265625 0.61953125 0.0578125 0.0171875
1 0.43046875 0.9875 0.0671875 0.025
1 0.27890625 0.928125 0.0578125 0.0171875
1 0.5375 0.88515625 0.025 0.0234375
1 0.390625 0.69765625 0.0703125 0.025
1 0.23671875 0.67421875 0.0578125 0.0171875