0 0.14765625 0.40234375 0.0203125 0.0109375
1 0.12421875 0.425 0.0640625 0.009375
1 0.27734375 0.3609375 0.08125 0.021875
1 0.24609375 0.31953125 0.0765625 0.0265625
1 0.30625 0.2125 0.0859375 0.028125
1 0.2859375 0.0453125 0.08125 0.0296875
1 0.48671875 0.07421875 0.0265625 0.0390625
1 0.1234375 0.0078125 0.065625 0.015625
1 0.0421875 0.04765625 0.0578125 0.0171875
1 0.52578125 0.13515625 0.0515625 0.0203125
1 0.52265625 0.159375 0.0453125 0.025
1 0.5109375 0.22890625 0.021875 0.0171875
1 0.553125 0.359375 0.0546875 0.0203125
1 0.74140625 0.3875 0.0671875 0.021875
1 0.7546875 0.265625 0.0734375 0.0265625
1 0.7875 0.11796875 0.0703125 0.0234375
1 0.7328125 0.1078125 0.0765625 0.0203125
1 0.709375 0.0875 0.0453125 0.0234375
1 0.725 0.07265625 0.0359375 0.025
0 0.03203125 0.49140625 0.015625 0.009375
1 0.00546875 0.778125 0.0109375 0.015625
1 0.0171875 0.78984375 0.034375 0.0140625
1 0.32578125 0.80703125 0.0546875 0.01875
1 0.08203125 0.70703125 0.0421875 0.015625
1 0.08359375 0.64375 0.0453125 0.015625
1 0.09375 0.603125 0.0484375 0.015625
1 0.06171875 0.5109375 0.046875 0.015625
1 0.0796875 0.5 0.03125 0.015625
1 0.29921875 0.95 0.059375 0.025
1 0.671875 0.98125 0.0671875 0.025
1 0.5640625 0.8046875 0.053125 0.01875
1 0.52578125 0.93671875 0.0515625 0.0140625
1 0.559375 0.7359375 0.0546875 0.0203125
1 0.6078125 0.68203125 0.0609375 0.0265625
1 0.53515625 0.52421875 0.053125 0.01875
1 0.525 0.446875 0.05 0.015625
1 0.5078125 0.45390625 0.015625 0.0171875