1 0.278125 0.39140625 0.0640625 0.015625
1 0.19296875 0.35703125 0.05625 0.0109375
1 0.259375 0.453125 0.071875 0.0125
1 0.2265625 0.47734375 0.0640625 0.0125
0 0.340625 0.46640625 0.003125 0.0046875
1 0.4515625 0.48046875 0.0515625 0.0125
1 0.61953125 0.4015625 0.0671875 0.015625
1 0.6140625 0.0484375 0.0703125 0.01875
1 0.3765625 0.32265625 0.05 0.015625
1 0.4671875 0.178125 0.05625 0.015625
1 0.4328125 0.13828125 0.0546875 0.0171875
1 0.51484375 0.06328125 0.0625 0.015625
1 0.60078125 0.0734375 0.06875 0.015625
1 0.03203125 0.9125 0.0640625 0.015625
1 0.053125 0.9671875 0.075 0.021875
1 0.19453125 0.825 0.08125 0.025
1 0.1265625 0.646875 0.071875 0.0203125
1 0.0140625 0.77734375 0.028125 0.0140625
0 0.00390625 0.49296875 0.0078125 0.0078125
1 0.528125 0.52109375 0.028125 0.0125
1 0.5421875 0.66953125 0.05625 0.0125
1 0.49375 0.69609375 0.059375 0.009375
1 0.4703125 0.66953125 0.03125 0.0125
1 0.47265625 0.71875 0.05625 0.0125
1 0.58359375 0.74140625 0.053125 0.0125
1 0.61328125 0.7921875 0.05625 0.009375
1 0.66953125 0.8921875 0.053125 0.0125
1 0.48203125 0.884375 0.028125 0.015625
1 0.43515625 0.83984375 0.040625 0.009375
1 0.553125 0.98828125 0.0515625 0.015625