1 0.61015625 0.3203125 0.0359375 0.0828125
1 0.31796875 0.38046875 0.0265625 0.0171875
1 0.38828125 0.29765625 0.03125 0.0859375
1 0.2 0.3640625 0.021875 0.05
1 0.07890625 0.35859375 0.0265625 0.0609375
1 0.28359375 0.2109375 0.0375 0.0953125
0 0.91640625 0.321875 0.0078125 0.015625
1 0.3 0.7671875 0.0328125 0.05625
1 0.13125 0.8171875 0.0234375 0.0515625
1 0.21015625 0.86015625 0.01875 0.0453125
1 0.09765625 0.875 0.0171875 0.0359375
1 0.05859375 0.8953125 0.01875 0.0453125
1 0.053125 0.75546875 0.028125 0.0484375
1 0.0140625 0.78828125 0.028125 0.0421875
1 0.43828125 0.91015625 0.034375 0.0515625
1 0.359375 0.890625 0.0203125 0.0546875
0 0.62265625 0.975 0.00625 0.0078125
1 0.5828125 0.93046875 0.01875 0.0453125
1 0.60625 0.95859375 0.0171875 0.04375
1 0.615625 0.946875 0.0140625 0.0328125
1 0.60859375 0.9625 0.0140625 0.0171875
1 0.58984375 0.97421875 0.015625 0.0359375
1 0.53671875 0.9625 0.0171875 0.0390625
1 0.5203125 0.96953125 0.0171875 0.040625
1 0.50234375 0.97734375 0.021875 0.03125
1 0.48671875 0.96484375 0.015625 0.0359375
1 0.49375 0.91015625 0.0203125 0.0546875
1 0.00390625 0.7484375 0.0078125 0.059375
0 0.871875 0.66484375 0.00625 0.0109375
1 0.75390625 0.703125 0.01875 0.0484375
1 0.7640625 0.70234375 0.0171875 0.0390625
1 0.76484375 0.66640625 0.021875 0.0515625
1 0.78515625 0.69453125 0.0171875 0.0453125
1 0.8296875 0.6234375 0.03125 0.059375
1 0.909375 0.65703125 0.025 0.05
1 0.87109375 0.684375 0.0265625 0.0484375
1 0.93828125 0.69375 0.021875 0.0390625
1 0.92109375 0.7046875 0.0203125 0.040625
1 0.90703125 0.7109375 0.0140625 0.040625
1 0.90078125 0.71171875 0.015625 0.0390625
1 0.90234375 0.7234375 0.01875 0.0484375