0 0.5484375 0.55390625 0.0078125 0.015625
1 0.184375 0.140625 0.025 0.0828125
1 0.215625 0.30234375 0.021875 0.0734375
1 0.19296875 0.309375 0.0171875 0.0640625
1 0.340625 0.37734375 0.0125 0.053125
1 0.43671875 0.309375 0.01875 0.0703125
1 0.403125 0.184375 0.021875 0.0859375
1 0.5609375 0.30703125 0.015625 0.05625
1 0.5703125 0.40859375 0.01875 0.0609375
1 0.52890625 0.13203125 0.0265625 0.0953125
1 0.5046875 0.503125 0.0125 0.0296875
1 0.52578125 0.496875 0.0109375 0.040625
1 0.55859375 0.50859375 0.0125 0.040625
1 0.57578125 0.465625 0.0171875 0.0484375
1 0.6125 0.47578125 0.0125 0.034375
1 0.61171875 0.496875 0.009375 0.0375
1 0.60546875 0.49765625 0.009375 0.040625
1 0.59375 0.47890625 0.0125 0.0375
1 0.58359375 0.478125 0.0125 0.0375
1 0.9 0.08828125 0.0203125 0.078125
1 0.8265625 0.025 0.028125 0.05
1 0.76171875 0.190625 0.0234375 0.0703125
1 0.66796875 0.1578125 0.0171875 0.0578125
1 0.646875 0.11875 0.015625 0.03125
1 0.1046875 0.603125 0.0171875 0.0421875
1 0.13671875 0.69453125 0.009375 0.03125
1 0.0703125 0.6703125 0.009375 0.034375
1 0.03203125 0.73125 0.0078125 0.025
1 0.00390625 0.75546875 0.0078125 0.0265625
1 0.1484375 0.82421875 0.0078125 0.021875
1 0.2296875 0.84921875 0.0078125 0.01875
1 0.26953125 0.8359375 0.0078125 0.021875
1 0.36015625 0.740625 0.0078125 0.0234375
0 0.14765625 0.72734375 0.0109375 0.015625
0 0.296875 0.79765625 0.00625 0.0109375
0 0.0265625 0.72265625 0.00625 0.00625
0 0.00078125 0.753125 0.0015625 0.0125
1 0.64453125 0.98046875 0.0109375 0.0390625
1 0.7125 0.98984375 0.0125 0.0203125
1 0.70859375 0.98984375 0.0203125 0.0203125