0 0.19296875 0.43359375 0.015625 0.0078125
1 0.6125 0.07734375 0.0828125 0.0265625
1 0.45 0.10546875 0.0734375 0.0234375
1 0.44375 0.0828125 0.0640625 0.01875
1 0.3734375 0.2296875 0.053125 0.0140625
1 0.4390625 0.3265625 0.0703125 0.0203125
1 0.56484375 0.2953125 0.0859375 0.0234375
1 0.43984375 0.45078125 0.0578125 0.0171875
1 0.33828125 0.45859375 0.0609375 0.0203125
1 0.615625 0.42109375 0.0953125 0.028125
1 0.24453125 0.39140625 0.03125 0.0125
1 0.25 0.41171875 0.040625 0.0125
1 0.23828125 0.44453125 0.040625 0.0140625
1 0.28046875 0.46328125 0.0484375 0.0171875
1 0.2703125 0.49921875 0.0359375 0.0125
1 0.24921875 0.4984375 0.0375 0.009375
1 0.2484375 0.4921875 0.040625 0.0109375
1 0.2671875 0.48046875 0.0375 0.0125
1 0.26796875 0.4703125 0.0375 0.0125
1 0.99140625 0.265625 0.0171875 0.009375
1 0.9578125 0.25390625 0.025 0.009375
1 0.975 0.23203125 0.028125 0.0109375
1 0.97578125 0.37109375 0.0234375 0.0109375
1 0.9484375 0.07421875 0.025 0.009375
1 0.9703125 0.0296875 0.028125 0.009375
1 0.9921875 0.0453125 0.009375 0.0046875
1 0.99453125 0.0484375 0.0109375 0.0125
0 0.38984375 0.609375 0.021875 0.0125
1 0.57109375 0.54375 0.084375 0.0359375
1 0.38046875 0.54765625 0.0609375 0.01875
1 0.35390625 0.68515625 0.0546875 0.01875
1 0.30390625 0.70625 0.053125 0.015625
1 0.3546875 0.71640625 0.0546875 0.0171875
1 0.38984375 0.6953125 0.01875 0.0359375
1 0.38671875 0.6921875 0.053125 0.0171875
1 0.46640625 0.8140625 0.0765625 0.0296875
1 0.4109375 0.8734375 0.0703125 0.0234375
1 0.38984375 0.87734375 0.0671875 0.021875
1 0.35390625 0.82109375 0.05625 0.015625
1 0.32890625 0.82890625 0.0578125 0.01875
1 0.2828125 0.825 0.04375 0.0109375
1 0.2828125 0.78984375 0.0484375 0.0171875
1 0.29765625 0.9203125 0.0609375 0.01875
1 0.3640625 0.91328125 0.0703125 0.0203125
1 0.71171875 0.85625 0.0484375 0.01875
1 0.7484375 0.79296875 0.0546875 0.0203125
1 0.71328125 0.753125 0.0546875 0.021875
1 0.771875 0.69296875 0.0640625 0.021875
1 0.8765625 0.63203125 0.0765625 0.03125
1 0.846875 0.77890625 0.0703125 0.025
1 0.80703125 0.815625 0.0546875 0.0203125
1 0.79609375 0.821875 0.0671875 0.025
1 0.9640625 0.934375 0.071875 0.028125