0 0.58984375 0.51171875 0.0140625 0.009375
0 0.51953125 0.54296875 0.0109375 0.009375
0 0.140625 0.525 0.0109375 0.0078125
0 0.27890625 0.46484375 0.0125 0.0078125
0 0.2625 0.31015625 0.0171875 0.009375
0 0.121875 0.35546875 0.0109375 0.0078125
0 0.03984375 0.2484375 0.0140625 0.0078125
0 0.28203125 0.0234375 0.0171875 0.009375
0 0.3875 0.03828125 0.0109375 0.0078125
0 0.47890625 0.15859375 0.0109375 0.0078125
0 0.4578125 0.240625 0.0171875 0.009375
0 0.46953125 0.3640625 0.0109375 0.0078125
1 0.53671875 0.1734375 0.0515625 0.025
1 0.39140625 0.1125 0.0625 0.028125
1 0.13671875 0.0828125 0.0734375 0.028125
1 0.17734375 0.175 0.0703125 0.03125
1 0.31640625 0.2515625 0.0734375 0.0328125
1 0.41484375 0.3125 0.0578125 0.025
1 0.509375 0.3390625 0.05625 0.021875
1 0.33515625 0.49140625 0.065625 0.025
1 0.50546875 0.51015625 0.05625 0.0234375
1 0.40234375 0.4421875 0.065625 0.025
1 0.41796875 0.37421875 0.0578125 0.028125
1 0.015625 0.5015625 0.03125 0.040625
0 0.25703125 0.2125 0.0171875 0.0125
0 0.3671875 0.13828125 0.0140625 0.009375
1 0.9890625 0.5359375 0.021875 0.028125
1 0.98046875 0.3375 0.0390625 0.028125
1 0.85390625 0.32265625 0.0578125 0.028125
1 0.821875 0.2046875 0.0609375 0.0265625
1 0.71171875 0.009375 0.0578125 0.01875
1 0.96796875 0.121875 0.05625 0.0234375
0 0.13515625 0.9328125 0.0234375 0.015625
1 0.609375 0.59765625 0.040625 0.0203125
1 0.59765625 0.61640625 0.0421875 0.01875
1 0.44921875 0.5890625 0.0515625 0.0234375
1 0.284375 0.6421875 0.0734375 0.034375
1 0.26796875 0.57265625 0.0796875 0.034375
1 0.43828125 0.76484375 0.06875 0.034375
1 0.2703125 0.7984375 0.09375 0.04375
1 0.2109375 0.8984375 0.09375 0.04375
1 0.5921875 0.815625 0.0421875 0.01875
1 0.59609375 0.8078125 0.0484375 0.0203125
1 0.58359375 0.9953125 0.0578125 0.009375
1 0.98828125 0.55703125 0.0234375 0.0140625
1 0.98984375 0.709375 0.0203125 0.021875