0 0.36953125 0.16796875 0.0125 0.0078125
0 0.29609375 0.1453125 0.0109375 0.009375
0 0.14140625 0.059375 0.015625 0.0078125
0 0.04375 0.1015625 0.009375 0.00625
0 0.0671875 0.2515625 0.0125 0.00625
0 0.06953125 0.4078125 0.015625 0.0078125
0 0.303125 0.53203125 0.009375 0.0078125
0 0.27109375 0.453125 0.015625 0.0078125
0 0.26875 0.328125 0.009375 0.0078125
1 0.3578125 0.51015625 0.0515625 0.0203125
1 0.22109375 0.5875 0.0625 0.021875
1 0.01796875 0.55234375 0.0359375 0.0234375
1 0.1296875 0.459375 0.0734375 0.025
1 0.2203125 0.3859375 0.0578125 0.01875
1 0.3109375 0.3484375 0.05625 0.0140625
1 0.11953125 0.21875 0.065625 0.0171875
1 0.2859375 0.1796875 0.05625 0.015625
1 0.2421875 0.1296875 0.0609375 0.0203125
1 0.175 0.11015625 0.0703125 0.0203125
1 0.2203125 0.1078125 0.0640625 0.01875
1 0.1921875 0.259375 0.065625 0.0171875
1 0.21640625 0.325 0.0578125 0.021875
0 0.0765625 0.5046875 0.0171875 0.0109375
0 0.19453125 0.565625 0.0125 0.0078125
1 0.0703125 0.00625 0.078125 0.0125
1 0.0875 0.01875 0.0734375 0.021875
1 0.89921875 0.18203125 0.0640625 0.0203125
1 0.878125 0.253125 0.0671875 0.021875
1 0.7828125 0.203125 0.0734375 0.0296875
1 0.7265625 0.40390625 0.071875 0.0234375
1 0.7890625 0.4484375 0.0640625 0.0234375
1 0.7828125 0.57578125 0.05625 0.028125
1 0.9734375 0.54921875 0.0453125 0.0203125
1 0.86484375 0.55546875 0.0546875 0.021875
1 0.85546875 0.446875 0.0578125 0.01875
1 0.91640625 0.46171875 0.0484375 0.01875
1 0.91015625 0.37109375 0.05625 0.025
1 0.92890625 0.32578125 0.0453125 0.021875
0 0.91171875 0.3296875 0.009375 0.0078125
1 0.54765625 0.5484375 0.0859375 0.028125
1 0.12421875 0.8421875 0.0546875 0.0203125
1 0.03125 0.69453125 0.0625 0.0203125
1 0.12421875 0.68125 0.0578125 0.025
1 0.16015625 0.7046875 0.0453125 0.0140625
1 0.209375 0.7359375 0.0609375 0.0203125
1 0.228125 0.70078125 0.0421875 0.0140625
1 0.25625 0.65625 0.040625 0.0140625
0 0.27578125 0.65859375 0.0203125 0.0109375
1 0.59453125 0.7828125 0.090625 0.0328125
1 0.6546875 0.71328125 0.084375 0.0265625
1 0.7546875 0.678125 0.053125 0.021875
1 0.8109375 0.7359375 0.06875 0.0203125
1 0.82265625 0.77109375 0.053125 0.0234375
1 0.8046875 0.834375 0.046875 0.0203125
1 0.73046875 0.79765625 0.0640625 0.025
1 0.84375 0.8578125 0.0421875 0.0171875
1 0.840625 0.890625 0.0453125 0.021875
1 0.83828125 0.93203125 0.046875 0.0234375
1 0.83984375 0.984375 0.0515625 0.0234375
1 0.72109375 0.825 0.0578125 0.01875