0 0.51875 0.4578125 0.0125 0.0078125
0 0.4421875 0.46171875 0.0109375 0.009375
0 0.18671875 0.44296875 0.009375 0.00625
0 0.09453125 0.309375 0.009375 0.0078125
0 0.2453125 0.303125 0.0125 0.00625
0 0.28515625 0.15234375 0.015625 0.0078125
0 0.13828125 0.14453125 0.009375 0.0078125
0 0.1 0.015625 0.0140625 0.00625
0 0.5421875 0.08828125 0.009375 0.0078125
0 0.49296875 0.15703125 0.015625 0.0078125
0 0.46015625 0.27734375 0.009375 0.0078125
1 0.5765625 0.12265625 0.025 0.0203125
1 0.4765625 0.0140625 0.0625 0.021875
1 0.25390625 0.00390625 0.0703125 0.0078125
1 0.35703125 0.1171875 0.0734375 0.025
1 0.42734375 0.21015625 0.0578125 0.01875
1 0.50546875 0.26796875 0.05625 0.0140625
1 0.28828125 0.34765625 0.065625 0.0171875
1 0.440625 0.4265625 0.05625 0.015625
1 0.3859375 0.4640625 0.0609375 0.0203125
1 0.31640625 0.4671875 0.0703125 0.0203125
1 0.08671875 0.4390625 0.0828125 0.025
1 0.08515625 0.42578125 0.0796875 0.025
1 0.359375 0.48046875 0.0640625 0.01875
1 0.36875 0.3265625 0.065625 0.0171875
1 0.40859375 0.26796875 0.0578125 0.021875
0 0.315625 0.06015625 0.0171875 0.0109375
0 0.4453125 0.0296875 0.0125 0.0078125
1 0.6765625 0.03125 0.05 0.01875
1 0.7484375 0.05625 0.0390625 0.0140625
1 0.7765625 0.01640625 0.0453125 0.0140625
1 0.78125 0.1015625 0.0390625 0.0171875
1 0.778125 0.0765625 0.0390625 0.0140625
1 0.68203125 0.11796875 0.0484375 0.015625
1 0.78359375 0.1671875 0.0390625 0.0140625
1 0.77890625 0.178125 0.0328125 0.0125
1 0.7140625 0.20859375 0.053125 0.0125
1 0.5984375 0.2046875 0.01875 0.01875
1 0.67890625 0.28359375 0.0453125 0.0171875
1 0.653125 0.45 0.0453125 0.0171875
1 0.71015625 0.4671875 0.0359375 0.0171875
0 0.25390625 0.953125 0.0125 0.0078125
1 0.3046875 0.5359375 0.06875 0.0234375
1 0.409375 0.60625 0.0640625 0.0234375
1 0.32578125 0.61171875 0.075 0.0234375
1 0.48359375 0.5109375 0.0640625 0.021875
1 0.5671875 0.5890625 0.04375 0.01875
1 0.5625 0.7796875 0.0453125 0.0203125
1 0.57109375 0.78359375 0.0359375 0.0203125
1 0.515625 0.8 0.0640625 0.0234375
1 0.290625 0.78828125 0.06875 0.0328125
1 0.25859375 0.93984375 0.0640625 0.0296875
1 0.27265625 0.940625 0.059375 0.0296875
0 0.61484375 0.85546875 0.0171875 0.0109375
1 0.59453125 0.5078125 0.0109375 0.015625
1 0.609375 0.74140625 0.040625 0.0140625
1 0.6953125 0.75625 0.03125 0.0109375
1 0.684375 0.66328125 0.0265625 0.0109375
1 0.66171875 0.64453125 0.0390625 0.0140625
1 0.65703125 0.59375 0.0421875 0.0140625
1 0.63046875 0.8765625 0.0421875 0.0140625