1 0.15546875 0.03203125 0.0265625 0.0640625
1 0.10546875 0.25625 0.0265625 0.0765625
1 0.28125 0.246875 0.025 0.0640625
1 0.4015625 0.25234375 0.0234375 0.0640625
1 0.109375 0.4046875 0.021875 0.065625
1 0.26171875 0.40234375 0.015625 0.053125
1 0.3140625 0.390625 0.01875 0.0578125
1 0.35234375 0.459375 0.0109375 0.0484375
1 0.26796875 0.478125 0.015625 0.0453125
1 0.278125 0.46875 0.0125 0.040625
1 0.475 0.53359375 0.009375 0.0453125
1 0.409375 0.5625 0.0125 0.0375
1 0.48203125 0.1984375 0.0046875 0.05
1 0.48203125 0.24140625 0.0046875 0.0390625
1 0.49140625 0.23125 0.015625 0.04375
1 0.52265625 0.24140625 0.0125 0.04375
1 0.528125 0.25625 0.0109375 0.040625
1 0.53828125 0.27109375 0.0125 0.040625
1 0.62890625 0.23046875 0.01875 0.0484375
1 0.6421875 0.2640625 0.0078125 0.04375
1 0.63671875 0.27265625 0.0125 0.04375
1 0.7640625 0.2890625 0.0171875 0.0453125
1 0.8046875 0.3140625 0.015625 0.04375
1 0.85078125 0.26953125 0.015625 0.046875
1 0.8453125 0.209375 0.0125 0.0546875
1 0.8828125 0.25859375 0.0125 0.0453125
1 0.89375 0.11484375 0.009375 0.05
1 0.89765625 0.10625 0.0125 0.053125
1 0.28359375 0.77109375 0.0265625 0.0890625
1 0.22578125 0.82421875 0.0203125 0.0796875
1 0.31484375 0.91484375 0.0203125 0.075
1 0.3046875 0.93828125 0.0171875 0.075
1 0.28125 0.9875 0.01875 0.025
1 0.12578125 0.990625 0.0234375 0.01875
1 0.56953125 0.82734375 0.0234375 0.0765625
1 0.63515625 0.98125 0.0234375 0.0375
1 0.97109375 0.97578125 0.0203125 0.0484375
1 0.98125 0.97578125 0.025 0.0484375
1 0.79609375 0.8015625 0.021875 0.0703125