1 0.4296875 0.29296875 0.040625 0.0390625
1 0.42421875 0.1171875 0.0515625 0.034375
1 0.40625 0.0078125 0.065625 0.015625
1 0.30234375 0.3125 0.065625 0.03125
1 0.28046875 0.1609375 0.0546875 0.0234375
1 0.28359375 0.10859375 0.0578125 0.028125
1 0.21015625 0.08125 0.0484375 0.01875
1 0.20546875 0.1671875 0.046875 0.021875
1 0.2125 0.15546875 0.0421875 0.01875
1 0.1 0.040625 0.0390625 0.0171875
1 0.7625 0.29375 0.05 0.0234375
1 0.740625 0.27421875 0.0515625 0.025
1 0.81796875 0.11328125 0.0578125 0.0234375
1 0.79765625 0.0359375 0.05625 0.0234375
1 0.68984375 0.03984375 0.0515625 0.0203125
1 0.69375 0.05390625 0.0515625 0.0203125
1 0.659375 0.0625 0.0453125 0.021875
1 0.71015625 0.1515625 0.0515625 0.021875
1 0.71875 0.2 0.053125 0.0203125
1 0.67421875 0.184375 0.0546875 0.0234375
1 0.66484375 0.16640625 0.0453125 0.01875
1 0.6359375 0.18046875 0.0484375 0.01875
1 0.6515625 0.20390625 0.0515625 0.0203125
1 0.17265625 0.63359375 0.0328125 0.015625
1 0.1203125 0.79921875 0.0328125 0.015625
1 0.00703125 0.76953125 0.0140625 0.0171875
1 0.02265625 0.6578125 0.034375 0.0140625
1 0.009375 0.59375 0.01875 0.0125
1 0.01796875 0.48828125 0.0359375 0.0171875
1 0.45625 0.959375 0.0125 0.025
1 0.49296875 0.953125 0.0578125 0.034375
1 0.540625 0.9078125 0.0546875 0.0234375
1 0.609375 0.7796875 0.0703125 0.03125
1 0.6328125 0.91484375 0.0671875 0.028125
1 0.665625 0.96328125 0.0703125 0.0359375
1 0.57265625 0.57265625 0.071875 0.03125
1 0.90234375 0.7578125 0.084375 0.0390625