0 0.32265625 0.0890625 0.009375 0.021875
1 0.0234375 0.16015625 0.0171875 0.05
1 0.040625 0.1796875 0.0140625 0.053125
1 0.03359375 0.08828125 0.0109375 0.05
1 0.015625 0.0328125 0.0125 0.0453125
1 0.16796875 0.01875 0.0140625 0.0375
1 0.14375 0.11328125 0.0140625 0.0484375
1 0.24296875 0.2015625 0.0203125 0.0609375
1 0.4171875 0.1671875 0.0140625 0.0609375
1 0.2875 0.26796875 0.0203125 0.0625
1 0.34453125 0.08359375 0.0171875 0.065625
0 0.79375 0.1484375 0.0109375 0.021875
1 0.4828125 0.45 0.021875 0.0875
1 0.50234375 0.33984375 0.0234375 0.090625
1 0.53828125 0.38125 0.01875 0.084375
1 0.69609375 0.36171875 0.0234375 0.071875
1 0.7890625 0.31796875 0.021875 0.075
1 0.925 0.2875 0.015625 0.0921875
1 0.78671875 0.1828125 0.0140625 0.0640625
1 0.74375 0.10234375 0.0171875 0.053125
1 0.603125 0.05859375 0.0109375 0.046875
1 0.58046875 0.1328125 0.0203125 0.0640625
1 0.4359375 0.1296875 0.0125 0.0625
1 0.76875 0.02421875 0.0109375 0.040625
1 0.8125 0.0921875 0.0109375 0.053125
1 0.8109375 0.0296875 0.0140625 0.046875
1 0.878125 0.08046875 0.015625 0.046875
1 0.89609375 0.1 0.0140625 0.059375
1 0.9296875 0.12890625 0.0140625 0.0625
1 0.07578125 0.98828125 0.0140625 0.0234375
1 0.06015625 0.8875 0.0140625 0.046875
1 0.140625 0.7078125 0.0078125 0.0359375
1 0.1828125 0.821875 0.0109375 0.040625
1 0.21796875 0.875 0.0140625 0.04375
1 0.3328125 0.8734375 0.0140625 0.0390625
1 0.328125 0.71953125 0.0140625 0.040625
1 0.4125 0.7421875 0.009375 0.04375
1 0.81015625 0.75078125 0.0125 0.040625
1 0.84375 0.67890625 0.0109375 0.040625
1 0.896875 0.65234375 0.0109375 0.040625
1 0.85625 0.61484375 0.0109375 0.0296875
1 0.8328125 0.63046875 0.0140625 0.028125
1 0.815625 0.63203125 0.0140625 0.03125
1 0.80703125 0.59609375 0.0140625 0.040625
1 0.79296875 0.6453125 0.0109375 0.0375
1 0.725 0.61484375 0.0078125 0.03125
1 0.61953125 0.58203125 0.0140625 0.040625
1 0.53828125 0.61171875 0.0109375 0.025
1 0.590625 0.6890625 0.0125 0.03125
1 0.6578125 0.7859375 0.0109375 0.053125
1 0.45234375 0.5828125 0.0140625 0.0375
0 0.82734375 0.6265625 0.003125 0.009375