1 0.06796875 0.3265625 0.046875 0.0109375
1 0.27734375 0.30234375 0.06875 0.015625
1 0.06171875 0.23671875 0.04375 0.0109375
1 0.02109375 0.2125 0.0421875 0.009375
1 0.015625 0.240625 0.03125 0.009375
1 0.11953125 0.15546875 0.046875 0.0109375
1 0.51171875 0.0625 0.06875 0.0140625
1 0.4609375 0.1453125 0.021875 0.015625
1 0.615625 0.26171875 0.084375 0.015625
1 0.46953125 0.3453125 0.0390625 0.009375
1 0.01875 0.39375 0.0375 0.015625
1 0.9796875 0.69765625 0.040625 0.0140625
1 0.9375 0.74296875 0.053125 0.0171875
1 0.88984375 0.85 0.05625 0.0171875
1 0.8578125 0.87734375 0.05625 0.0109375
1 0.81796875 0.96484375 0.053125 0.0109375
1 0.79140625 0.98203125 0.053125 0.0109375
1 0.7796875 0.84296875 0.0375 0.009375
1 0.71875 0.89765625 0.046875 0.0109375
1 0.684375 0.8734375 0.040625 0.009375
1 0.76171875 0.7875 0.05 0.0109375
1 0.7265625 0.65390625 0.04375 0.0109375
1 0.8125 0.6171875 0.05625 0.0109375
1 0.80078125 0.54140625 0.05625 0.0109375
1 0.95546875 0.44921875 0.078125 0.0171875
1 0.9796875 0.35703125 0.040625 0.0140625
1 0.77265625 0.4078125 0.05 0.0171875
1 0.68828125 0.58203125 0.040625 0.0078125