1 0.16171875 0.2390625 0.0703125 0.01875
1 0.0203125 0.3984375 0.040625 0.0125
1 0.77265625 0.52578125 0.0609375 0.0078125
1 0.8359375 0.428125 0.0578125 0.01875
1 0.78515625 0.478125 0.0640625 0.0234375
1 0.71171875 0.478125 0.0578125 0.01875
1 0.64609375 0.36796875 0.0484375 0.0171875
1 0.66796875 0.17421875 0.0546875 0.01875
1 0.68671875 0.30625 0.0546875 0.01875
1 0.771875 0.38203125 0.0609375 0.0203125
1 0.76328125 0.11171875 0.0625 0.015625
1 0.83359375 0.21953125 0.0703125 0.0203125
1 0.90625 0.25625 0.0703125 0.021875
1 0.975 0.246875 0.05 0.03125
1 0.878125 0.1859375 0.0671875 0.0203125
1 0.91015625 0.15234375 0.0703125 0.0234375
1 0.66640625 0.0046875 0.0546875 0.009375
1 0.321875 0.965625 0.0609375 0.0234375
1 0.37578125 0.78359375 0.059375 0.0203125
1 0.31875 0.6953125 0.0484375 0.01875
1 0.34140625 0.54921875 0.0546875 0.01875
1 0.91015625 0.93828125 0.0578125 0.0203125
1 0.83828125 0.97421875 0.0609375 0.0171875
1 0.82265625 0.8796875 0.0640625 0.0171875
1 0.91328125 0.6453125 0.0734375 0.0296875
1 0.76015625 0.61328125 0.0640625 0.0203125
1 0.6640625 0.6859375 0.05 0.01875
1 0.6328125 0.603125 0.040625 0.015625
1 0.58359375 0.54765625 0.0609375 0.0203125
1 0.4859375 0.73359375 0.05 0.015625
1 0.6484375 0.88125 0.059375 0.0140625
1 0.54921875 0.8953125 0.04375 0.0140625
1 0.55 0.91171875 0.0375 0.0125
1 0.50546875 0.9796875 0.040625 0.015625
1 0.6359375 0.9921875 0.05 0.015625
1 0.55234375 0.94921875 0.04375 0.0125
1 0.675 0.996875 0.053125 0.00625
0 0.621875 0.66171875 0.0234375 0.0140625