1 0.08828125 0.1109375 0.0171875 0.078125
1 0.22265625 0.26015625 0.0140625 0.0625
1 0.18203125 0.2984375 0.0125 0.053125
1 0.20078125 0.371875 0.0140625 0.05
1 0.2453125 0.40390625 0.0125 0.034375
1 0.20625 0.42109375 0.009375 0.034375
1 0.23515625 0.44375 0.009375 0.034375
1 0.24921875 0.44375 0.0109375 0.034375
1 0.36015625 0.39375 0.009375 0.0390625
1 0.39296875 0.43203125 0.009375 0.034375
1 0.42421875 0.45546875 0.009375 0.03125
1 0.46953125 0.45625 0.00625 0.03125
1 0.478125 0.33828125 0.0109375 0.046875
1 0.4515625 0.41640625 0.009375 0.0390625
1 0.98125 0.321875 0.0140625 0.046875
1 0.98203125 0.2625 0.0203125 0.053125
1 0.984375 0.0609375 0.0140625 0.065625
1 0.97265625 0.07109375 0.0203125 0.0703125
1 0.7296875 0.1921875 0.0140625 0.065625
1 0.79453125 0.3515625 0.0109375 0.05
1 0.55859375 0.3046875 0.0140625 0.0484375
1 0.53515625 0.32265625 0.015625 0.05
1 0.0859375 0.97109375 0.021875 0.0578125
1 0.21640625 0.9765625 0.0171875 0.046875
1 0.46640625 0.815625 0.0265625 0.1078125
1 0.60625 0.97734375 0.01875 0.0453125
1 0.73046875 0.96875 0.0171875 0.0625
1 0.83828125 0.8515625 0.0234375 0.075
1 0.834375 0.97578125 0.025 0.046875
1 0.91015625 0.97578125 0.0171875 0.0484375
1 0.96171875 0.90625 0.0203125 0.065625
1 0.99765625 0.809375 0.0046875 0.078125
1 0.6078125 0.7625 0.0234375 0.0625