1 0.28984375 0.03125 0.08125 0.0328125
1 0.2546875 0.40546875 0.0546875 0.021875
1 0.14296875 0.44375 0.04375 0.0171875
1 0.1796875 0.48515625 0.0515625 0.0203125
1 0.13984375 0.56796875 0.0359375 0.0140625
1 0.29140625 0.63828125 0.05 0.028125
1 0.278125 0.64921875 0.053125 0.0203125
1 0.25 0.64765625 0.0453125 0.01875
0 0.8546875 0.4359375 0.025 0.0109375
1 0.89921875 0.50546875 0.053125 0.0203125
1 0.84609375 0.46171875 0.0515625 0.0203125
1 0.88515625 0.41484375 0.0625 0.0296875
1 0.93125 0.4875 0.0578125 0.025
1 0.97109375 0.41796875 0.0578125 0.0359375
1 0.98515625 0.38046875 0.0296875 0.0296875
1 0.97421875 0.34765625 0.0515625 0.0296875
1 0.97265625 0.3171875 0.0546875 0.028125
1 0.9703125 0.29921875 0.059375 0.0296875
1 0.97421875 0.2796875 0.0515625 0.028125
1 0.94375 0.26640625 0.0734375 0.03125
1 0.9625 0.24921875 0.0515625 0.0296875
1 0.93828125 0.22578125 0.0734375 0.028125
1 0.94140625 0.1296875 0.0703125 0.03125
1 0.58359375 0.8953125 0.0328125 0.028125
1 0.43671875 0.91328125 0.0546875 0.025
1 0.41953125 0.89296875 0.0640625 0.028125
1 0.36796875 0.83515625 0.0578125 0.028125
1 0.36796875 0.7 0.0609375 0.025
1 0.21171875 0.709375 0.0390625 0.0203125
1 0.26015625 0.91484375 0.0484375 0.025
0 0.315625 0.89375 0.0234375 0.0140625
0 0.95859375 0.6734375 0.0234375 0.015625
1 0.80390625 0.9609375 0.0734375 0.0328125
1 0.65234375 0.8359375 0.06875 0.0328125
1 0.82109375 0.80546875 0.09375 0.0421875
1 0.88203125 0.70625 0.09375 0.0421875