1 0.5046875 0.27578125 0.015625 0.0796875
1 0.1484375 0.15703125 0.0109375 0.053125
1 0.1359375 0.03984375 0.0078125 0.04375
1 0.0875 0.06640625 0.009375 0.05
1 0.015625 0.01328125 0.00625 0.0265625
1 0.65859375 0.06484375 0.00625 0.0265625
1 0.65 0.0578125 0.00625 0.028125
1 0.6375 0.0703125 0.00625 0.0265625
1 0.63125 0.06640625 0.0046875 0.0296875
1 0.6234375 0.071875 0.003125 0.021875
1 0.61796875 0.0640625 0.00625 0.025
1 0.61875 0.075 0.003125 0.021875
1 0.6171875 0.090625 0.00625 0.028125
1 0.61328125 0.08046875 0.003125 0.028125
1 0.60625 0.07578125 0.0046875 0.021875
1 0.60078125 0.0703125 0.00625 0.0265625
0 0.37265625 0.8984375 0.00625 0.009375
0 0.1765625 0.9140625 0.00625 0.0125
1 0.53515625 0.9578125 0.015625 0.05
1 0.48984375 0.925 0.009375 0.04375
1 0.40234375 0.9609375 0.0125 0.05
1 0.3046875 0.98671875 0.015625 0.0265625
1 0.4265625 0.88203125 0.009375 0.0375
1 0.31640625 0.92421875 0.009375 0.046875
1 0.2828125 0.93984375 0.0125 0.040625
1 0.2671875 0.94765625 0.009375 0.05625
1 0.24765625 0.971875 0.0125 0.046875
1 0.2328125 0.9796875 0.0125 0.040625
1 0.21875 0.984375 0.0125 0.03125
1 0.19296875 0.99375 0.0109375 0.0125
1 0.0390625 0.94453125 0.009375 0.05
1 0.84140625 0.9765625 0.0125 0.034375