1 0.05625 0.47890625 0.0796875 0.0203125
1 0.15546875 0.1171875 0.053125 0.0140625
1 0.271875 0.0984375 0.04375 0.009375
1 0.24296875 0.0515625 0.05 0.0125
1 0.98515625 0.25234375 0.0296875 0.0109375
1 0.9765625 0.3515625 0.046875 0.015625
1 0.09453125 0.76171875 0.06875 0.021875
1 0.20078125 0.73671875 0.0578125 0.021875
1 0.1515625 0.67734375 0.059375 0.021875
1 0.10859375 0.628125 0.0671875 0.01875
0 0.49140625 0.7671875 0.01875 0.0109375
1 0.47578125 0.6734375 0.0328125 0.021875
1 0.5296875 0.68671875 0.065625 0.034375
1 0.51953125 0.75234375 0.0796875 0.0265625
1 0.55078125 0.8234375 0.0828125 0.0328125
1 0.55703125 0.88203125 0.0859375 0.0328125
1 0.5296875 0.921875 0.0703125 0.021875
1 0.6890625 0.8015625 0.0796875 0.0234375
1 0.628125 0.853125 0.071875 0.01875
1 0.60703125 0.84375 0.0765625 0.0203125
1 0.6578125 0.73671875 0.0796875 0.0265625
1 0.70546875 0.72109375 0.078125 0.0203125
1 0.7078125 0.746875 0.0734375 0.0203125
1 0.6984375 0.77578125 0.08125 0.0265625
1 0.73984375 0.75625 0.05625 0.01875
1 0.7609375 0.746875 0.08125 0.0203125
1 0.7375 0.63515625 0.078125 0.0140625