0 0.2359375 0.02578125 0.0234375 0.0109375
0 0.4984375 0.1671875 0.0140625 0.0078125
1 0.4921875 0.11484375 0.040625 0.0140625
1 0.36640625 0.28984375 0.05 0.0125
1 0.2046875 0.08046875 0.0765625 0.01875
1 0.1859375 0.015625 0.0796875 0.01875
1 0.2546875 0.01015625 0.0578125 0.015625
1 0.79765625 0.25390625 0.05 0.015625
1 0.71953125 0.2953125 0.05 0.0125
1 0.70703125 0.09453125 0.0359375 0.0234375
1 0.79609375 0.05546875 0.05 0.01875
0 0.60390625 0.61875 0.015625 0.009375
1 0.43359375 0.51796875 0.059375 0.0171875
1 0.540625 0.5421875 0.0640625 0.0171875
1 0.615625 0.56015625 0.05 0.0140625
1 0.61171875 0.61171875 0.0484375 0.015625
1 0.54609375 0.66484375 0.05 0.015625
1 0.55546875 0.72265625 0.053125 0.015625
1 0.5625 0.740625 0.053125 0.015625
1 0.603125 0.7515625 0.0453125 0.0125
1 0.434375 0.78203125 0.0703125 0.0203125
1 0.35 0.77578125 0.08125 0.01875
1 0.1703125 0.65625 0.109375 0.0296875
1 0.471875 0.84375 0.0671875 0.0203125
1 0.44921875 0.89921875 0.0671875 0.0203125
1 0.47109375 0.91796875 0.0734375 0.01875
1 0.49609375 0.96953125 0.0609375 0.0203125
1 0.38828125 0.98515625 0.0734375 0.0203125
1 0.76796875 0.5390625 0.053125 0.0140625
1 0.75234375 0.5703125 0.06875 0.0140625
1 0.8 0.60234375 0.046875 0.0125
1 0.8546875 0.61328125 0.040625 0.0125
1 0.784375 0.66328125 0.05 0.0125
1 0.81796875 0.690625 0.053125 0.0125
1 0.8765625 0.72109375 0.040625 0.0140625
1 0.81484375 0.83828125 0.05 0.015625
1 0.83671875 0.921875 0.046875 0.0125
1 0.77109375 0.82578125 0.0578125 0.0171875
1 0.71015625 0.7140625 0.0421875 0.01875