0 0.203125 0.35625 0.0125 0.00625
1 0.25625 0.3265625 0.021875 0.065625
1 0.19140625 0.31640625 0.0203125 0.08125
1 0.7234375 0.0953125 0.0203125 0.08125
1 0.55 0.284375 0.0234375 0.0796875
1 0.56328125 0.27890625 0.0234375 0.0828125
1 0.38515625 0.5421875 0.034375 0.1234375
1 0.29921875 0.6328125 0.0359375 0.1078125
1 0.1890625 0.790625 0.0234375 0.0828125
1 0.05859375 0.97890625 0.0234375 0.0421875
1 0.13046875 0.97890625 0.0171875 0.0421875
1 0.1625 0.984375 0.015625 0.03125
1 0.18125 0.82578125 0.025 0.0859375
1 0.93828125 0.38203125 0.0421875 0.0453125
1 0.4734375 0.42421875 0.03125 0.0859375
1 0.4375 0.4515625 0.0375 0.09375
1 0.575 0.56015625 0.028125 0.075
1 0.6078125 0.628125 0.0359375 0.0859375
1 0.6484375 0.5859375 0.0234375 0.0765625
1 0.75 0.72734375 0.025 0.0671875
1 0.77890625 0.7453125 0.01875 0.0640625
1 0.8015625 0.79609375 0.0203125 0.0546875
1 0.828125 0.79296875 0.0234375 0.0546875
0 0.84296875 0.78125 0.0109375 0.015625
1 0.921875 0.69765625 0.025 0.0640625
1 0.97734375 0.57734375 0.0265625 0.0734375
1 0.9515625 0.64375 0.021875 0.06875