0 0.3109375 0.4265625 0.009375 0.0234375
0 0.03046875 0.31875 0.00625 0.0109375
0 0.43828125 0.15703125 0.00625 0.0140625
1 0.38671875 0.16640625 0.0109375 0.040625
1 0.5671875 0.2828125 0.0109375 0.05
1 0.365625 0.43828125 0.015625 0.0421875
1 0.30234375 0.4484375 0.0140625 0.021875
1 0.29375 0.409375 0.0125 0.0578125
1 0.05546875 0.390625 0.0171875 0.065625
1 0.028125 0.34375 0.0171875 0.0625
1 0.02265625 0.2484375 0.0140625 0.0515625
1 0.0171875 0.20859375 0.015625 0.0515625
1 0.72421875 0.01953125 0.0203125 0.0390625
1 0.6765625 0.18046875 0.0234375 0.103125
1 0.7578125 0.1796875 0.0171875 0.0953125
1 0.72890625 0.3109375 0.0140625 0.103125
1 0.63515625 0.3328125 0.0109375 0.08125
1 0.828125 0.31875 0.0171875 0.096875
1 0.87421875 0.24609375 0.015625 0.1
1 0.896875 0.32890625 0.0171875 0.1
1 0.9390625 0.3359375 0.0109375 0.084375
1 0.9796875 0.38515625 0.0140625 0.0875
1 0.2375 0.5640625 0.0140625 0.059375
1 0.30234375 0.47578125 0.0109375 0.0328125
1 0.26484375 0.47734375 0.0109375 0.0359375
1 0.49375 0.48125 0.0125 0.04375
1 0.60546875 0.46640625 0.0109375 0.0140625
1 0.6015625 0.534375 0.0125 0.0609375
1 0.61953125 0.46640625 0.0109375 0.0140625
1 0.68828125 0.8 0.025 0.0765625
1 0.7078125 0.80859375 0.0203125 0.0765625
1 0.73203125 0.56796875 0.0171875 0.071875
1 0.70546875 0.51953125 0.0171875 0.075
1 0.8609375 0.4890625 0.0203125 0.053125
1 0.93984375 0.56640625 0.0171875 0.06875
1 0.9546875 0.759375 0.0203125 0.065625
1 0.87734375 0.89609375 0.0265625 0.0875