1 0.45703125 0.41640625 0.0140625 0.053125
1 0.3671875 0.3875 0.0125 0.046875
1 0.3515625 0.36328125 0.009375 0.0453125
1 0.35859375 0.4515625 0.0109375 0.0453125
1 0.2109375 0.33828125 0.009375 0.046875
1 0.1796875 0.3734375 0.0125 0.046875
1 0.10859375 0.3359375 0.009375 0.034375
1 0.1078125 0.31796875 0.009375 0.0375
1 0.0703125 0.425 0.0125 0.0453125
1 0.0234375 0.3671875 0.0109375 0.046875
1 0.61953125 0.01015625 0.0140625 0.0203125
1 0.6859375 0.02734375 0.015625 0.053125
1 0.72109375 0.00703125 0.0171875 0.0140625
1 0.7875 0.040625 0.015625 0.0625
1 0.859375 0.13828125 0.0234375 0.075
1 0.71015625 0.12421875 0.0171875 0.06875
1 0.66953125 0.08828125 0.0140625 0.053125
1 0.6625 0.078125 0.01875 0.065625
1 0.56796875 0.26640625 0.01875 0.0875
1 0.4875 0.8328125 0.003125 0.0625
1 0.459375 0.93203125 0.028125 0.075
1 0.415625 0.9421875 0.021875 0.08125
1 0.43125 0.8921875 0.0140625 0.078125
1 0.41796875 0.865625 0.01875 0.078125
1 0.3296875 0.82734375 0.015625 0.0625
1 0.275 0.8 0.0078125 0.0625
1 0.2546875 0.8515625 0.0125 0.06875
1 0.16328125 0.88125 0.0171875 0.065625
1 0.14140625 0.8734375 0.015625 0.06875
1 0.128125 0.97890625 0.015625 0.0421875
1 0.28046875 0.96015625 0.0203125 0.0796875
1 0.30625 0.89140625 0.015625 0.046875
1 0.30546875 0.8765625 0.0234375 0.05625
0 0.32265625 0.78671875 0.009375 0.03125
1 0.99765625 0.94375 0.0046875 0.04375
1 0.996875 0.9046875 0.00625 0.034375
1 0.9765625 0.80625 0.0125 0.05
1 0.9140625 0.9015625 0.0125 0.046875
1 0.9328125 0.9796875 0.0125 0.040625
1 0.6890625 0.99375 0.015625 0.0125
1 0.68203125 0.88671875 0.015625 0.05
1 0.75 0.809375 0.009375 0.04375
1 0.77734375 0.81171875 0.0109375 0.040625