1 0.30625 0.51171875 0.0546875 0.0171875
1 0.284375 0.4203125 0.046875 0.015625
1 0.2609375 0.403125 0.0453125 0.0125
1 0.3484375 0.41640625 0.0453125 0.0140625
1 0.24609375 0.2609375 0.046875 0.0125
1 0.2828125 0.23203125 0.046875 0.015625
1 0.25078125 0.15859375 0.034375 0.0125
1 0.2328125 0.15625 0.0375 0.0125
1 0.3421875 0.1265625 0.0453125 0.015625
1 0.2875 0.07578125 0.046875 0.0140625
1 0.45 0.00546875 0.0625 0.0109375
1 0.753125 0.0140625 0.0390625 0.01875
1 0.84609375 0.2484375 0.034375 0.0140625
1 0.88515625 0.3921875 0.046875 0.0125
1 0.80859375 0.40546875 0.03125 0.0109375
1 0.76640625 0.38828125 0.0375 0.009375
1 0.75859375 0.34140625 0.0296875 0.0078125
1 0.740625 0.34140625 0.034375 0.009375
1 0.72265625 0.32421875 0.025 0.0078125
1 0.68125 0.30078125 0.028125 0.0078125
1 0.73125 0.25078125 0.03125 0.009375
1 0.7625 0.2296875 0.0328125 0.0078125
1 0.7078125 0.37734375 0.034375 0.009375
1 0.69375 0.40078125 0.0234375 0.0078125
1 0.72109375 0.434375 0.03125 0.0109375
1 0.75 0.4578125 0.028125 0.0078125
1 0.73828125 0.48359375 0.028125 0.0109375
1 0.725 0.57890625 0.034375 0.0125
1 0.68125 0.52734375 0.0328125 0.0078125
1 0.66015625 0.459375 0.025 0.009375
0 0.7515625 0.49296875 0.0125 0.0078125
1 0.00390625 0.8375 0.0078125 0.015625
1 0.084375 0.946875 0.0421875 0.0171875
1 0.25 0.95546875 0.04375 0.015625
1 0.3859375 0.93203125 0.0546875 0.0171875
1 0.2703125 0.8859375 0.0484375 0.0125
1 0.28046875 0.8671875 0.046875 0.0125
1 0.4625 0.784375 0.053125 0.015625
1 0.32421875 0.740625 0.046875 0.0125
1 0.20078125 0.72734375 0.04375 0.015625
1 0.084375 0.765625 0.040625 0.015625
1 0.1390625 0.71484375 0.04375 0.015625
1 0.07421875 0.62265625 0.028125 0.0078125
1 0.1734375 0.60625 0.0390625 0.0109375
1 0.134375 0.61015625 0.034375 0.0125
1 0.3234375 0.6 0.053125 0.015625
1 0.19296875 0.59609375 0.046875 0.0125
1 0.471875 0.60546875 0.034375 0.0140625
1 0.8890625 0.6859375 0.0546875 0.021875
1 0.89765625 0.69921875 0.05625 0.015625
1 0.96875 0.71171875 0.0625 0.0203125
1 0.940625 0.8265625 0.0578125 0.01875
1 0.8375 0.81015625 0.0625 0.0140625
1 0.76875 0.840625 0.0578125 0.021875
1 0.72890625 0.796875 0.0390625 0.015625
1 0.66796875 0.753125 0.040625 0.015625
1 0.73515625 0.9453125 0.053125 0.0171875
1 0.78984375 0.9921875 0.0578125 0.015625
1 0.85859375 0.959375 0.0671875 0.0203125
1 0.94453125 0.9421875 0.071875 0.0171875