1 0.3421875 0.12890625 0.0546875 0.025
1 0.3328125 0.2234375 0.0484375 0.021875
1 0.3125 0.24375 0.046875 0.01875
1 0.396875 0.21796875 0.046875 0.0203125
1 0.3171875 0.3859375 0.0484375 0.01875
1 0.3578125 0.409375 0.0484375 0.021875
1 0.95078125 0.43046875 0.0546875 0.0171875
1 0.93828125 0.275 0.059375 0.0296875
1 0.90390625 0.3015625 0.0453125 0.01875
1 0.8578125 0.33671875 0.0609375 0.025
1 0.8359375 0.30390625 0.0421875 0.0171875
1 0.80390625 0.26171875 0.040625 0.0171875
1 0.825 0.22421875 0.0421875 0.0171875
1 0.81015625 0.20625 0.0421875 0.0171875
1 0.8203125 0.05859375 0.0546875 0.0265625
1 0.76953125 0.0046875 0.0453125 0.009375
1 0.81796875 0.00859375 0.0484375 0.0171875
1 0.96796875 0.05390625 0.059375 0.0328125
0 0.784375 0.265625 0.0203125 0.0125
1 0.125 0.4765625 0.0421875 0.0203125
1 0.0515625 0.609375 0.0375 0.015625
1 0.075 0.6453125 0.0390625 0.0171875
1 0.13046875 0.60625 0.0421875 0.0171875
1 0.22734375 0.56875 0.0484375 0.01875
1 0.24453125 0.57890625 0.05 0.0171875
1 0.35 0.58984375 0.0546875 0.0203125
1 0.41015625 0.89609375 0.05625 0.0296875
1 0.33125 0.85546875 0.053125 0.0265625
1 0.1375 0.76953125 0.0421875 0.0171875
1 0.07109375 0.81328125 0.0390625 0.01875
1 0.2296875 0.8921875 0.0421875 0.0171875
1 0.23671875 0.9546875 0.04375 0.0171875
1 0.1453125 0.978125 0.0375 0.0140625
1 0.728125 0.8546875 0.0671875 0.028125
1 0.5328125 0.8546875 0.046875 0.01875
1 0.559375 0.6890625 0.0515625 0.021875