1 0.2359375 0.33828125 0.0546875 0.028125
1 0.38359375 0.396875 0.0671875 0.025
1 0.425 0.30390625 0.08125 0.0328125
1 0.5390625 0.140625 0.08125 0.03125
1 0.5515625 0.0890625 0.0859375 0.028125
1 0.2765625 0.03046875 0.0625 0.0203125
1 0.1890625 0.0734375 0.0546875 0.0234375
1 0.18203125 0.04765625 0.0546875 0.0234375
1 0.19140625 0.26640625 0.0546875 0.0203125
1 0.1859375 0.29140625 0.0515625 0.021875
1 0.2578125 0.2140625 0.05625 0.0171875
1 0.26640625 0.20703125 0.0640625 0.0203125
1 0.3109375 0.2421875 0.0640625 0.0234375
1 0.29375 0.29609375 0.0671875 0.03125
1 0.975 0.0328125 0.0421875 0.01875
1 0.459375 0.55390625 0.0828125 0.0265625
1 0.62109375 0.8078125 0.0765625 0.0375
1 0.58828125 0.884375 0.0796875 0.03125
1 0.60078125 0.95234375 0.0828125 0.0359375
1 0.628125 0.9921875 0.0625 0.015625
1 0.52734375 0.85390625 0.0859375 0.03125
1 0.49453125 0.80703125 0.0859375 0.0265625
1 0.396875 0.85546875 0.0734375 0.028125
1 0.3765625 0.83671875 0.0703125 0.0234375
1 0.2578125 0.765625 0.053125 0.0203125
1 0.29375 0.72890625 0.0703125 0.025
1 0.28359375 0.6578125 0.0546875 0.01875
1 0.2671875 0.62890625 0.053125 0.01875
1 0.20390625 0.69453125 0.053125 0.021875
1 0.19609375 0.67421875 0.0578125 0.0171875
1 0.25546875 0.91953125 0.0578125 0.0203125
1 0.15703125 0.478125 0.053125 0.015625
1 0.4265625 0.56953125 0.0859375 0.0265625
1 0.678125 0.73046875 0.0375 0.0171875
1 0.70390625 0.70234375 0.0390625 0.015625
1 0.67421875 0.69453125 0.0296875 0.0171875
1 0.6765625 0.68125 0.0265625 0.009375
1 0.6640625 0.6390625 0.009375 0.009375
1 0.703125 0.6203125 0.0359375 0.015625
1 0.7953125 0.62890625 0.040625 0.0125
1 0.6671875 0.9 0.015625 0.009375
0 0.6765625 0.9578125 0.015625 0.0078125
0 0.77265625 0.46171875 0.0171875 0.0109375