1 0.29296875 0.084375 0.0140625 0.025
1 0.29375 0.1109375 0.0125 0.025
1 0.54375 0.18359375 0.0953125 0.040625
1 0.37578125 0.28046875 0.0890625 0.0171875
1 0.3296875 0.23203125 0.059375 0.0390625
1 0.3265625 0.20703125 0.053125 0.0296875
1 0.340625 0.1859375 0.06875 0.0390625
1 0.33203125 0.0765625 0.0640625 0.03125
1 0.2859375 0.58515625 0.028125 0.0328125
1 0.28125 0.5625 0.0375 0.01875
1 0.22265625 0.50703125 0.0390625 0.021875
1 0.2109375 0.51953125 0.0453125 0.01875
1 0.17265625 0.36953125 0.05 0.0234375
1 0.24453125 0.434375 0.0390625 0.015625
1 0.22578125 0.29453125 0.0515625 0.0109375
1 0.23828125 0.71484375 0.0390625 0.015625
1 0.190625 0.60625 0.0375 0.0125
0 0.20625 0.5984375 0.0109375 0.0078125
0 0.4984375 0.7515625 0.0140625 0.0078125
1 0.48125 0.76171875 0.05625 0.01875
1 0.56640625 0.6921875 0.0640625 0.0265625
1 0.540625 0.6328125 0.0578125 0.025
1 0.48515625 0.634375 0.05625 0.0171875
1 0.38984375 0.59921875 0.053125 0.015625
1 0.3546875 0.55703125 0.0453125 0.0203125
1 0.37734375 0.528125 0.05 0.0203125
1 0.446875 0.55 0.0515625 0.0203125
1 0.46875 0.5546875 0.046875 0.0171875
1 0.46953125 0.38515625 0.0546875 0.025
1 0.4625 0.353125 0.065625 0.0203125
1 0.48984375 0.3109375 0.065625 0.0265625
1 0.365625 0.315625 0.05 0.01875
1 0.32578125 0.29609375 0.0453125 0.0140625