1 0.31875 0.4734375 0.01875 0.053125
1 0.2203125 0.434375 0.0171875 0.0609375
1 0.18359375 0.34375 0.01875 0.0546875
1 0.209375 0.3390625 0.01875 0.0546875
1 0.03828125 0.403125 0.0125 0.05625
1 0.04453125 0.41171875 0.0171875 0.0625
1 0.0078125 0.45390625 0.015625 0.0640625
0 0.66015625 0.18984375 0.00625 0.0109375
0 0.8640625 0.2296875 0.009375 0.0109375
0 0.78359375 0.0171875 0.0078125 0.015625
0 0.55 0.06328125 0.009375 0.0109375
0 0.88671875 0.0546875 0.00625 0.015625
1 0.55859375 0.14921875 0.0140625 0.05625
1 0.68046875 0.3234375 0.021875 0.0984375
1 0.85390625 0.1328125 0.015625 0.0625
1 0.68046875 0.0890625 0.01875 0.0609375
1 0.7 0.0484375 0.0109375 0.053125
1 0.8671875 0.009375 0.01875 0.01875
1 0.871875 0.015625 0.015625 0.03125
0 0.67421875 0.3671875 0.0109375 0.0171875
1 0.359375 0.553125 0.015625 0.0359375
1 0.26484375 0.66171875 0.0171875 0.0421875
1 0.2796875 0.8265625 0.015625 0.04375
1 0.10234375 0.8703125 0.01875 0.0484375
1 0.015625 0.75234375 0.0171875 0.0421875
1 0.15625 0.96875 0.015625 0.0515625
1 0.32109375 0.9578125 0.0171875 0.0546875
1 0.3515625 0.83671875 0.0125 0.0484375
1 0.3703125 0.84453125 0.0125 0.046875
1 0.478125 0.99296875 0.015625 0.0140625
1 0.50234375 0.8703125 0.0125 0.046875
1 0.4984375 0.74609375 0.015625 0.04375
1 0.44453125 0.6359375 0.015625 0.040625
1 0.5015625 0.68359375 0.015625 0.04375
1 0.9890625 0.61953125 0.015625 0.04375
1 0.965625 0.6484375 0.015625 0.0484375
1 0.99765625 0.7109375 0.0046875 0.05
1 0.84921875 0.77265625 0.01875 0.0546875
1 0.8171875 0.7734375 0.0140625 0.065625
1 0.78203125 0.81015625 0.0203125 0.065625
1 0.75703125 0.6890625 0.0140625 0.0484375
1 0.728125 0.65546875 0.0125 0.04375
1 0.6828125 0.709375 0.0125 0.05
1 0.68203125 0.7375 0.015625 0.053125
1 0.73359375 0.8546875 0.0203125 0.0703125
1 0.6546875 0.7828125 0.0171875 0.065625
1 0.6359375 0.7375 0.01875 0.0578125
1 0.64375 0.68125 0.0140625 0.053125