1 0.253125 0.01875 0.021875 0.0375
1 0.2578125 0.05625 0.0171875 0.0453125
1 0.30078125 0.0328125 0.01875 0.046875
1 0.38046875 0.04453125 0.0171875 0.0421875
1 0.93671875 0.3234375 0.0296875 0.03125
1 0.9546875 0.3140625 0.01875 0.05
1 0.9125 0.26640625 0.021875 0.0484375
1 0.86015625 0.2890625 0.0265625 0.0546875
1 0.81796875 0.31015625 0.021875 0.0484375
1 0.81015625 0.3265625 0.0265625 0.025
1 0.77734375 0.30078125 0.01875 0.0453125
1 0.79453125 0.26484375 0.01875 0.0421875
1 0.77265625 0.26796875 0.0203125 0.0515625
1 0.78359375 0.2515625 0.0203125 0.053125
1 0.75703125 0.26875 0.01875 0.0484375
1 0.75 0.24921875 0.0171875 0.053125
1 0.740625 0.2671875 0.015625 0.046875
1 0.73671875 0.2640625 0.0140625 0.0375
1 0.73515625 0.2546875 0.0171875 0.04375
1 0.6890625 0.23671875 0.0203125 0.05
1 0.68046875 0.2328125 0.01875 0.05
1 0.671875 0.2625 0.01875 0.0484375
1 0.4859375 0.2515625 0.021875 0.0484375
0 0.49296875 0.26328125 0.0125 0.0140625
1 0.00234375 0.70234375 0.0046875 0.0515625
1 0.084375 0.678125 0.01875 0.0421875
1 0.1359375 0.68984375 0.0171875 0.0421875
1 0.14375 0.65390625 0.01875 0.0421875
1 0.0953125 0.8140625 0.025 0.0640625
1 0.065625 0.8125 0.0265625 0.0578125
1 0.1 0.896875 0.0296875 0.0703125
1 0.16015625 0.9109375 0.034375 0.065625
1 0.18125 0.81484375 0.0265625 0.0578125
1 0.215625 0.8171875 0.0359375 0.0609375
1 0.23046875 0.9140625 0.028125 0.0640625
1 0.26640625 0.9234375 0.0296875 0.05625
1 0.2828125 0.93359375 0.0296875 0.05625
1 0.36015625 0.93046875 0.0265625 0.0578125
1 0.3828125 0.80859375 0.0125 0.0578125
1 0.3390625 0.72109375 0.0234375 0.040625
0 0.284375 0.959375 0.0140625 0.0234375
1 0.50078125 0.5140625 0.03125 0.0703125
1 0.415625 0.6625 0.0296875 0.0734375
1 0.53671875 0.4515625 0.0328125 0.0703125
1 0.61875 0.521875 0.028125 0.0734375
1 0.68828125 0.51796875 0.03125 0.059375
1 0.65390625 0.4703125 0.025 0.0640625
1 0.621875 0.41796875 0.025 0.0640625
1 0.675 0.42734375 0.0203125 0.0421875
1 0.67578125 0.4171875 0.021875 0.0484375
1 0.68828125 0.40390625 0.03125 0.0625
1 0.7515625 0.35703125 0.025 0.0359375
1 0.82734375 0.409375 0.025 0.0484375
1 0.8625 0.40234375 0.0296875 0.0609375
1 0.828125 0.4703125 0.034375 0.065625
1 0.90234375 0.434375 0.028125 0.0609375
1 0.93359375 0.5046875 0.028125 0.053125
1 0.96796875 0.7078125 0.0359375 0.071875