0 0.35703125 0.47265625 0.0046875 0.003125
1 0.2640625 0.18125 0.05 0.0140625
1 0.22265625 0.19375 0.0453125 0.009375
1 0.253125 0.23125 0.0453125 0.0109375
1 0.25703125 0.31328125 0.040625 0.0109375
1 0.26796875 0.37109375 0.040625 0.0125
1 0.1953125 0.40625 0.046875 0.0140625
1 0.31875 0.35546875 0.0390625 0.0078125
1 0.3203125 0.4109375 0.0375 0.0109375
1 0.35390625 0.47265625 0.028125 0.00625
1 0.31640625 0.478125 0.03125 0.00625
1 0.30625 0.4765625 0.028125 0.0078125
1 0.3328125 0.51171875 0.03125 0.009375
1 0.303125 0.53984375 0.034375 0.00625
1 0.2765625 0.5296875 0.040625 0.0125
1 0.27890625 0.51640625 0.040625 0.009375
1 0.265625 0.5828125 0.040625 0.009375
1 0.240625 0.59296875 0.046875 0.0109375
1 0.22578125 0.5640625 0.034375 0.009375
1 0.775 0.6109375 0.053125 0.015625
1 0.659375 0.61640625 0.065625 0.0046875
1 0.71796875 0.57109375 0.05625 0.0140625
1 0.690625 0.5046875 0.05625 0.0171875
1 0.7359375 0.55703125 0.05625 0.015625
1 0.775 0.5453125 0.046875 0.0109375
1 0.759375 0.51171875 0.0375 0.0125
1 0.78515625 0.503125 0.0453125 0.0109375
1 0.75859375 0.45625 0.05625 0.0203125
1 0.7734375 0.44140625 0.05 0.0171875
1 0.78203125 0.36328125 0.04375 0.0125
1 0.63515625 0.3703125 0.06875 0.0140625
1 0.7078125 0.28984375 0.059375 0.015625
1 0.73046875 0.2375 0.0609375 0.0171875
1 0.5390625 0.16796875 0.084375 0.015625
1 0.696875 0.084375 0.059375 0.0171875
1 0.73515625 0.03359375 0.053125 0.0125
1 0.665625 0.01953125 0.071875 0.0125
0 0.78359375 0.5984375 0.0171875 0.009375
1 0.975 0.8109375 0.05 0.01875
1 0.9015625 0.9421875 0.071875 0.0234375
1 0.7265625 0.89921875 0.06875 0.0265625
1 0.75390625 0.871875 0.08125 0.0171875