0 0.38828125 0.3546875 0.0046875 0.0046875
1 0.23671875 0.0890625 0.0515625 0.021875
1 0.1984375 0.11015625 0.0453125 0.015625
1 0.2359375 0.140625 0.046875 0.0171875
1 0.25703125 0.21953125 0.0421875 0.01875
1 0.2796875 0.27421875 0.0421875 0.0203125
1 0.215625 0.3234375 0.0484375 0.021875
1 0.3265625 0.24765625 0.0390625 0.015625
1 0.3390625 0.3015625 0.0390625 0.0171875
1 0.38515625 0.35546875 0.028125 0.0109375
1 0.35 0.36875 0.03125 0.0125
1 0.33984375 0.36953125 0.0296875 0.0125
1 0.371875 0.39765625 0.0328125 0.015625
1 0.34921875 0.43203125 0.034375 0.0125
1 0.32109375 0.4265625 0.0421875 0.0203125
1 0.3203125 0.41328125 0.0421875 0.0171875
1 0.321875 0.48203125 0.0421875 0.0171875
1 0.29921875 0.496875 0.0484375 0.01875
1 0.27890625 0.471875 0.0359375 0.015625
1 0.30234375 0.53125 0.0359375 0.015625
1 0.2296875 0.58828125 0.0453125 0.01875
1 0.33671875 0.5921875 0.040625 0.0171875
1 0.771875 0.496875 0.0734375 0.0265625
1 0.77578125 0.43515625 0.0828125 0.0328125
1 0.7125 0.371875 0.0859375 0.0328125
1 0.82890625 0.3828125 0.0625 0.0265625
1 0.84453125 0.3609375 0.059375 0.0296875
1 0.89296875 0.41171875 0.0546875 0.0203125
1 0.90625 0.4140625 0.065625 0.025
1 0.78203125 0.25234375 0.0578125 0.0234375
1 0.70625 0.253125 0.071875 0.0234375
1 0.74765625 0.24765625 0.059375 0.0203125
1 0.74765625 0.23671875 0.0671875 0.025
1 0.76875 0.21328125 0.0640625 0.021875
1 0.7578125 0.190625 0.0640625 0.0234375
1 0.7203125 0.17109375 0.0703125 0.025
1 0.66796875 0.1078125 0.0765625 0.0296875
1 0.69609375 0.02421875 0.0859375 0.03125
1 0.58984375 0.03359375 0.0421875 0.0296875
1 0.59453125 0.003125 0.0515625 0.00625
0 0.66171875 0.0078125 0.0421875 0.015625
1 0.1765625 0.740625 0.071875 0.025
1 0.3078125 0.675 0.053125 0.0125
0 0.35 0.7671875 0.009375 0.0046875
1 0.37109375 0.7578125 0.0421875 0.0171875
0 0.2203125 0.76796875 0.0109375 0.0078125
0 0.10546875 0.68515625 0.015625 0.0109375
0 0.04921875 0.78984375 0.0140625 0.009375
0 0.2375 0.84765625 0.0140625 0.009375
1 0.315625 0.90625 0.0546875 0.021875
0 0.15 0.965625 0.0109375 0.0078125
0 0.0421875 0.92734375 0.0171875 0.0125
0 0.33984375 0.88046875 0.0109375 0.0078125
0 0.81015625 0.82890625 0.0171875 0.009375
1 0.59140625 0.8734375 0.0453125 0.028125
1 0.59296875 0.92421875 0.0484375 0.0359375
1 0.68515625 0.80078125 0.0625 0.0265625
1 0.6671875 0.76015625 0.0765625 0.0296875
1 0.7828125 0.83203125 0.0546875 0.021875
1 0.7265625 0.90234375 0.0484375 0.021875
1 0.73828125 0.9 0.046875 0.0234375
1 0.7171875 0.9375 0.0546875 0.025
1 0.72734375 0.990625 0.0578125 0.01875