0 0.75546875 0.3359375 0.00625 0.009375
0 0.64921875 0.10703125 0.0078125 0.00625
0 0.62265625 0.22578125 0.0046875 0.009375
0 0.5984375 0.31640625 0.0046875 0.0078125
0 0.44921875 0.28984375 0.00625 0.009375
0 0.43515625 0.2296875 0.00625 0.0078125
0 0.41796875 0.1078125 0.0046875 0.0078125
0 0.3984375 0.065625 0.00625 0.0078125
0 0.2921875 0.17734375 0.00625 0.009375
0 0.28828125 0.234375 0.0046875 0.009375
0 0.315625 0.2703125 0.0046875 0.00625
0 0.23671875 0.146875 0.0046875 0.0046875
0 0.25703125 0.09765625 0.0078125 0.0109375
0 0.22578125 0.07421875 0.00625 0.009375
1 0.14296875 0.13828125 0.015625 0.046875
1 0.15390625 0.11875 0.0265625 0.046875
1 0.18046875 0.1609375 0.021875 0.0484375
1 0.33984375 0.0578125 0.0265625 0.0546875
1 0.4640625 0.09375 0.025 0.0640625
1 0.4578125 0.15703125 0.0265625 0.0546875
1 0.40859375 0.16328125 0.0234375 0.0578125
1 0.4703125 0.22734375 0.0203125 0.0453125
1 0.3484375 0.23125 0.0203125 0.0390625
1 0.5578125 0.2625 0.0234375 0.053125
1 0.58515625 0.32890625 0.0140625 0.0359375
1 0.5859375 0.34296875 0.0140625 0.0375
1 0.6484375 0.2890625 0.025 0.0484375
1 0.71796875 0.33984375 0.021875 0.0453125
1 0.59140625 0.17890625 0.0234375 0.0546875
1 0.03984375 0.153125 0.021875 0.0484375
1 0.9375 0.17578125 0.040625 0.096875
1 0.92109375 0.09921875 0.0453125 0.096875
1 0.76796875 0.34765625 0.0171875 0.0765625
1 0.77109375 0.29765625 0.0234375 0.0671875
0 0.903125 0.0734375 0.01875 0.025
1 0.515625 0.51484375 0.0484375 0.103125
1 0.50234375 0.84921875 0.040625 0.0921875
1 0.5671875 0.91484375 0.034375 0.084375
1 0.6953125 0.95390625 0.0234375 0.0578125
1 0.47578125 0.975 0.0296875 0.05
1 0.2421875 0.98125 0.01875 0.0375
1 0.24140625 0.9359375 0.025 0.059375
1 0.115625 0.97890625 0.021875 0.0421875
1 0.04921875 0.796875 0.034375 0.0765625
1 0.44921875 0.97109375 0.0234375 0.0578125
0 0.11328125 0.9265625 0.0171875 0.0234375
1 0.8765625 0.590625 0.0375 0.071875
1 0.859375 0.99375 0.021875 0.0125
1 0.89140625 0.828125 0.025 0.065625
1 0.81328125 0.79453125 0.028125 0.0640625
1 0.8078125 0.96328125 0.0265625 0.0703125
1 0.771875 0.690625 0.025 0.06875
1 0.79296875 0.69375 0.0265625 0.0625