0 0.053125 0.203125 0.00625 0.0046875
0 0.05546875 0.08125 0.003125 0.009375
0 0.2390625 0.04140625 0.0046875 0.00625
0 0.2796875 0.1578125 0.003125 0.0078125
0 0.30703125 0.1953125 0.0046875 0.00625
0 0.38984375 0.065625 0.0046875 0.009375
0 0.3828125 0.00859375 0.003125 0.009375
0 0.45 0.08515625 0.003125 0.0046875
0 0.4390625 0.13671875 0.00625 0.009375
0 0.47421875 0.15390625 0.0046875 0.0078125
1 0.54375 0.07578125 0.0078125 0.046875
1 0.53671875 0.09609375 0.0171875 0.04375
1 0.50234375 0.0609375 0.0140625 0.046875
1 0.365625 0.1921875 0.0171875 0.053125
1 0.23671875 0.18046875 0.0140625 0.0625
1 0.23125 0.1171875 0.0171875 0.053125
1 0.278125 0.10234375 0.0140625 0.05625
1 0.20546875 0.05078125 0.0109375 0.04375
1 0.32421875 0.0234375 0.0125 0.0375
1 0.11328125 0.0328125 0.0140625 0.0515625
1 0.01875 0.02421875 0.0171875 0.046875
1 0.09609375 0.121875 0.0140625 0.053125
1 0.6421875 0.04140625 0.0140625 0.046875
1 0.97265625 0.03359375 0.0171875 0.0671875
1 0.8359375 0.028125 0.015625 0.05625
1 0.78125 0.04296875 0.0234375 0.0671875
1 0.92265625 0.3234375 0.0234375 0.08125
0 0.021875 0.69921875 0.00625 0.0140625
0 0.12734375 0.73984375 0.00625 0.0140625
0 0.14296875 0.6484375 0.003125 0.0109375
0 0.2296875 0.76796875 0.00625 0.015625
0 0.2 0.87421875 0.0078125 0.015625
0 0.30625 0.8453125 0.0046875 0.0125
0 0.4125 0.8328125 0.00625 0.009375
0 0.3 0.65 0.0046875 0.015625
0 0.56171875 0.55390625 0.0078125 0.0109375
0 0.63046875 0.58828125 0.0078125 0.015625
0 0.59765625 0.66875 0.009375 0.0109375
0 0.58515625 0.7546875 0.0078125 0.01875
0 0.48828125 0.75234375 0.003125 0.0109375
1 0.42578125 0.6390625 0.0109375 0.053125
1 0.34296875 0.684375 0.0125 0.053125
1 0.3765625 0.53984375 0.009375 0.0203125
1 0.56328125 0.9078125 0.0109375 0.06875
1 0.54375 0.79140625 0.0140625 0.053125
1 0.4890625 0.6859375 0.0109375 0.046875
1 0.48984375 0.6421875 0.0109375 0.05
1 0.425 0.7484375 0.015625 0.053125
1 0.275 0.7234375 0.015625 0.040625
1 0.40078125 0.57421875 0.0109375 0.05
1 0.4859375 0.5453125 0.009375 0.03125
1 0.1609375 0.540625 0.009375 0.021875
1 0.125 0.85703125 0.0140625 0.046875
1 0.33515625 0.5984375 0.0125 0.05
1 0.26953125 0.575 0.0125 0.04375
1 0.11875 0.62265625 0.0140625 0.05
0 0.89765625 0.646875 0.00625 0.009375
1 0.97734375 0.80859375 0.0109375 0.046875
1 0.9859375 0.7578125 0.0109375 0.04375
1 0.9984375 0.7609375 0.003125 0.040625
1 0.9796875 0.7484375 0.0109375 0.04375
1 0.9515625 0.7515625 0.0140625 0.0453125
1 0.8875 0.84296875 0.0171875 0.046875
1 0.82421875 0.86328125 0.015625 0.05625
1 0.8078125 0.796875 0.0203125 0.0484375