0 0.36171875 0.0328125 0.0078125 0.00625
0 0.259375 0.1015625 0.0078125 0.0046875
0 0.23046875 0.13828125 0.0078125 0.00625
0 0.3765625 0.184375 0.0109375 0.00625
0 0.43046875 0.1625 0.009375 0.0046875
0 0.45 0.12265625 0.00625 0.0046875
0 0.37421875 0.24765625 0.0046875 0.0046875
0 0.32109375 0.25078125 0.0109375 0.0078125
0 0.31328125 0.28828125 0.009375 0.00625
1 0.40703125 0.33515625 0.046875 0.0171875
1 0.38515625 0.334375 0.046875 0.0265625
1 0.4109375 0.29140625 0.0484375 0.0234375
1 0.2484375 0.19375 0.0546875 0.028125
1 0.2265625 0.06640625 0.0640625 0.0265625
1 0.28671875 0.04453125 0.0546875 0.028125
1 0.31328125 0.0859375 0.0578125 0.025
1 0.34296875 0.00625 0.0453125 0.0125
1 0.40078125 0.11015625 0.0390625 0.021875
1 0.465625 0.42109375 0.0484375 0.025
1 0.68359375 0.2 0.053125 0.025
1 0.79296875 0.16171875 0.0484375 0.0234375
1 0.98359375 0.20234375 0.0328125 0.0140625
1 0.8828125 0.2671875 0.0421875 0.01875
1 0.83828125 0.31328125 0.0453125 0.0234375
1 0.70390625 0.39296875 0.0484375 0.021875
1 0.7125 0.403125 0.05 0.0234375
1 0.67421875 0.440625 0.05 0.0265625
1 0.8640625 0.425 0.040625 0.021875
1 0.4234375 0.98359375 0.071875 0.0328125
1 0.43671875 0.896875 0.0640625 0.0296875
1 0.52578125 0.846875 0.0515625 0.025
1 0.546875 0.75546875 0.0421875 0.0203125
1 0.53359375 0.7046875 0.0421875 0.01875
1 0.56875 0.6953125 0.0421875 0.0203125
1 0.41015625 0.74921875 0.0640625 0.0265625
1 0.4125 0.7796875 0.0578125 0.028125
1 0.32734375 0.7484375 0.0703125 0.03125
1 0.3109375 0.68828125 0.065625 0.0359375
1 0.40625 0.6640625 0.0578125 0.028125
1 0.403125 0.6296875 0.0609375 0.0375
1 0.30546875 0.61875 0.0640625 0.0296875
1 0.2953125 0.5828125 0.05625 0.03125
1 0.28515625 0.56640625 0.05625 0.03125
1 0.28515625 0.4890625 0.0578125 0.028125
1 0.40546875 0.46328125 0.0578125 0.0078125
1 0.4953125 0.503125 0.040625 0.025
0 0.25859375 0.565625 0.0234375 0.0140625
1 0.8515625 0.88984375 0.0546875 0.0265625
1 0.95625 0.79609375 0.0390625 0.01875
1 0.9609375 0.78671875 0.0453125 0.021875
1 0.98359375 0.81484375 0.0328125 0.0234375
1 0.95 0.6390625 0.0453125 0.0203125
1 0.86328125 0.578125 0.0484375 0.0203125
1 0.78671875 0.63125 0.05 0.0265625
1 0.69140625 0.47109375 0.0515625 0.0234375
1 0.9890625 0.46328125 0.021875 0.0078125
1 0.990625 0.50625 0.01875 0.015625