0 0.30546875 0.54296875 0.00625 0.0109375
1 0.01015625 0.253125 0.0203125 0.05625
1 0.0453125 0.18828125 0.03125 0.0625
1 0.0640625 0.346875 0.03125 0.0703125
1 0.03515625 0.5375 0.034375 0.06875
1 0.09140625 0.6484375 0.0390625 0.040625
1 0.184375 0.53203125 0.0328125 0.078125
1 0.19609375 0.53515625 0.0375 0.0796875
1 0.28515625 0.503125 0.040625 0.0734375
1 0.3046875 0.5203125 0.028125 0.075
1 0.85859375 0.25 0.0359375 0.0625
1 0.82578125 0.3890625 0.0375 0.06875
1 0.71640625 0.3625 0.03125 0.0640625
1 0.70859375 0.20546875 0.025 0.0578125
1 0.75234375 0.15 0.025 0.0546875
1 0.7703125 0.1203125 0.03125 0.0625
1 0.8109375 0.08125 0.0296875 0.0625
1 0.65390625 0.03203125 0.025 0.0546875
1 0.55234375 0.1 0.0265625 0.05
1 0.61640625 0.22109375 0.028125 0.0546875
1 0.56484375 0.17578125 0.025 0.0515625
1 0.38671875 0.071875 0.0296875 0.0515625
1 0.4859375 0.03046875 0.015625 0.040625
1 0.29375 0.9546875 0.021875 0.0453125
1 0.0859375 0.8453125 0.01875 0.046875
1 0.10390625 0.75703125 0.015625 0.0328125
1 0.18671875 0.8 0.0140625 0.028125
1 0.1953125 0.828125 0.01875 0.0390625
1 0.24140625 0.85078125 0.01875 0.0421875
0 0.58984375 0.8671875 0.01875 0.0296875
1 0.621875 0.84765625 0.0359375 0.0609375
1 0.45859375 0.76015625 0.0296875 0.0484375
1 0.53046875 0.7171875 0.03125 0.05
1 0.53671875 0.6828125 0.0234375 0.028125
1 0.734375 0.71328125 0.025 0.04375
1 0.784375 0.68125 0.021875 0.025
1 0.76640625 0.73359375 0.0171875 0.034375
1 0.7609375 0.76328125 0.0203125 0.0484375
1 0.77109375 0.8671875 0.0359375 0.0546875
1 0.8015625 0.80703125 0.0296875 0.053125
1 0.8265625 0.87578125 0.0328125 0.05625
1 0.846875 0.8359375 0.021875 0.0421875
1 0.84609375 0.90859375 0.028125 0.0546875
1 0.93046875 0.93515625 0.034375 0.071875
1 0.96640625 0.8875 0.0296875 0.059375
1 0.95546875 0.84140625 0.0265625 0.053125
1 0.95546875 0.796875 0.025 0.0515625
1 0.8828125 0.76015625 0.0234375 0.0453125
1 0.89765625 0.7140625 0.0265625 0.046875