0 0.01171875 0.46484375 0.009375 0.0046875
1 0.23828125 0.1140625 0.0546875 0.021875
1 0.31015625 0.14140625 0.0609375 0.0203125
1 0.1578125 0.190625 0.06875 0.01875
1 0.01875 0.34375 0.0375 0.01875
1 0.01875 0.35625 0.0375 0.025
1 0.046875 0.4375 0.0703125 0.028125
1 0.03515625 0.4640625 0.0703125 0.021875
1 0.509375 0.1125 0.040625 0.03125
1 0.51171875 0.15859375 0.0453125 0.0234375
1 0.63984375 0.06484375 0.0484375 0.015625
1 0.759375 0.1109375 0.05625 0.015625
1 0.84296875 0.16875 0.053125 0.0140625
1 0.64296875 0.26484375 0.0515625 0.0203125
1 0.640625 0.4 0.053125 0.01875
1 0.75703125 0.371875 0.046875 0.01875
1 0.5171875 0.4625 0.05625 0.01875
1 0.51875 0.4921875 0.059375 0.01875
1 0.36171875 0.56953125 0.046875 0.015625
1 0.30234375 0.56484375 0.0546875 0.021875
1 0.10234375 0.54765625 0.065625 0.015625
1 0.1109375 0.56015625 0.071875 0.021875
1 0.215625 0.8109375 0.065625 0.015625
1 0.37890625 0.7578125 0.05 0.0125
1 0.315625 0.98984375 0.0484375 0.015625
1 0.96953125 0.99765625 0.0609375 0.0046875
1 0.95546875 0.909375 0.05625 0.015625
1 0.9109375 0.8609375 0.0578125 0.0203125
1 0.92109375 0.87578125 0.0296875 0.0296875
1 0.93828125 0.8453125 0.040625 0.0109375
0 0.91171875 0.85546875 0.028125 0.0140625
1 0.990625 0.7234375 0.01875 0.01875
1 0.9546875 0.709375 0.0625 0.021875
1 0.9609375 0.6703125 0.0625 0.01875
1 0.9765625 0.61953125 0.046875 0.0140625
1 0.98359375 0.603125 0.0328125 0.01875
1 0.9046875 0.5421875 0.05625 0.00625
1 0.80859375 0.79921875 0.0734375 0.028125
1 0.73671875 0.8296875 0.09375 0.0234375