0 0.196875 0.58515625 0.009375 0.0046875
1 0.3390625 0.06484375 0.078125 0.028125
1 0.34609375 0.08515625 0.078125 0.0234375
1 0.10390625 0.08828125 0.0734375 0.0203125
1 0.05859375 0.0578125 0.0765625 0.0203125
1 0.02109375 0.209375 0.0421875 0.021875
1 0.08515625 0.2953125 0.0703125 0.0203125
1 0.275 0.3265625 0.0671875 0.0234375
1 0.3859375 0.42109375 0.0859375 0.025
1 0.22421875 0.4671875 0.078125 0.01875
1 0.2234375 0.47890625 0.078125 0.025
1 0.165625 0.55390625 0.0703125 0.0296875
1 0.175 0.58203125 0.0734375 0.0234375
1 0.0171875 0.6609375 0.034375 0.021875
1 0.4578125 0.578125 0.021875 0.034375
1 0.41875 0.26171875 0.0890625 0.03125
1 0.8625 0.0203125 0.078125 0.0265625
1 0.65625 0.00546875 0.0625 0.0109375
0 0.6765625 0.0546875 0.009375 0.00625
1 0.65078125 0.0515625 0.053125 0.015625
1 0.69765625 0.04609375 0.05625 0.015625
1 0.66953125 0.065625 0.05625 0.01875
1 0.6484375 0.1203125 0.05625 0.0140625
1 0.69765625 0.17109375 0.0640625 0.0234375
1 0.66328125 0.2578125 0.0578125 0.0203125
1 0.69609375 0.34140625 0.0640625 0.025
1 0.89921875 0.20703125 0.0859375 0.03125
1 0.7609375 0.05390625 0.075 0.01875
1 0.75078125 0.09609375 0.0640625 0.021875
1 0.75078125 0.12265625 0.071875 0.025
1 0.6953125 0.6140625 0.0828125 0.0234375
1 0.80703125 0.65859375 0.09375 0.034375
1 0.09453125 0.77265625 0.08125 0.03125
1 0.934375 0.89296875 0.0765625 0.0328125
1 0.84921875 0.8296875 0.0671875 0.0265625
1 0.70859375 0.765625 0.078125 0.0265625
1 0.7078125 0.75 0.065625 0.021875
1 0.59140625 0.73515625 0.0640625 0.025
1 0.51953125 0.94140625 0.0453125 0.015625