0 0.06328125 0.290625 0.009375 0.00625
1 0.2328125 0.0140625 0.0453125 0.0125
1 0.23203125 0.0359375 0.053125 0.0109375
1 0.1828125 0.0546875 0.053125 0.0140625
1 0.1625 0.025 0.04375 0.0109375
1 0.20859375 0.16640625 0.046875 0.015625
1 0.23515625 0.17890625 0.0546875 0.0125
1 0.2234375 0.2078125 0.046875 0.009375
1 0.17265625 0.20078125 0.04375 0.0109375
1 0.17578125 0.18515625 0.040625 0.0078125
1 0.16328125 0.20703125 0.04375 0.0109375
1 0.1671875 0.23515625 0.0453125 0.0125
1 0.259375 0.29765625 0.046875 0.015625
1 0.28046875 0.36015625 0.05625 0.0140625
1 0.21484375 0.378125 0.0484375 0.01875
1 0.8578125 0.45625 0.059375 0.015625
1 0.8265625 0.45 0.059375 0.0140625
1 0.9484375 0.4 0.06875 0.0125
1 0.9125 0.35078125 0.08125 0.0171875
1 0.853125 0.290625 0.053125 0.015625
1 0.828125 0.2625 0.053125 0.01875
1 0.7578125 0.2703125 0.05625 0.0125
1 0.7484375 0.38203125 0.0453125 0.0125
1 0.71015625 0.41875 0.040625 0.0125
1 0.6640625 0.4765625 0.040625 0.015625
0 0.9078125 0.4015625 0.021875 0.0125
1 0.6640625 0.2546875 0.04375 0.0125
1 0.73984375 0.1765625 0.05625 0.0140625
1 0.72265625 0.16484375 0.05625 0.0125
1 0.765625 0.1125 0.05625 0.0140625
1 0.84609375 0.103125 0.06875 0.009375
1 0.87109375 0.08125 0.071875 0.0140625
1 0.646875 0.0421875 0.05 0.009375
1 0.3890625 0.75546875 0.059375 0.0140625
1 0.409375 0.8359375 0.05625 0.0125
1 0.4140625 0.86015625 0.0625 0.015625
1 0.3328125 0.9140625 0.05 0.015625
1 0.29921875 0.83515625 0.04375 0.0140625
1 0.27109375 0.85 0.05625 0.015625
1 0.27109375 0.91640625 0.046875 0.015625
1 0.23671875 0.9734375 0.04375 0.0125
1 0.2015625 0.93125 0.040625 0.0125
1 0.33828125 0.9625 0.05625 0.009375
1 0.253125 0.7265625 0.0625 0.009375
1 0.1875 0.803125 0.04375 0.0109375
1 0.19609375 0.83203125 0.040625 0.0125
1 0.7140625 0.55078125 0.028125 0.0125
1 0.728125 0.69921875 0.05625 0.0125
1 0.6796875 0.72578125 0.059375 0.009375
1 0.65625 0.69921875 0.03125 0.0125
1 0.65859375 0.7484375 0.05625 0.0125
1 0.76953125 0.77109375 0.053125 0.0125
1 0.79921875 0.821875 0.05625 0.009375
1 0.85546875 0.921875 0.053125 0.0125
1 0.66796875 0.9140625 0.028125 0.015625
1 0.62109375 0.86953125 0.040625 0.009375