0 0.2078125 0.11015625 0.009375 0.00625
1 0.38203125 0.38359375 0.0453125 0.0140625
1 0.38125 0.36171875 0.053125 0.0125
1 0.33203125 0.34375 0.053125 0.015625
1 0.31171875 0.37421875 0.04375 0.0109375
1 0.35546875 0.23203125 0.046875 0.0171875
1 0.38203125 0.21875 0.0546875 0.0140625
1 0.36953125 0.18984375 0.046875 0.0109375
1 0.31875 0.1984375 0.04375 0.0109375
1 0.32265625 0.21328125 0.040625 0.0078125
1 0.309375 0.1921875 0.04375 0.0109375
1 0.3125 0.1640625 0.0453125 0.0140625
1 0.40390625 0.1 0.046875 0.0171875
1 0.42421875 0.03671875 0.05625 0.015625
1 0.3578125 0.0203125 0.0484375 0.0203125
0 0.6796875 0.01484375 0.0109375 0.0046875
0 0.67265625 0.1546875 0.009375 0.003125
0 0.709375 0.18671875 0.009375 0.00625
0 0.7765625 0.01171875 0.00625 0.003125
0 0.67109375 0.33671875 0.0109375 0.003125
0 0.6859375 0.3625 0.009375 0.0046875
0 0.703125 0.38125 0.00625 0.003125
1 0.71875 0.06171875 0.053125 0.0140625
1 0.73359375 0.040625 0.053125 0.0171875
0 0.14921875 0.83828125 0.00625 0.003125
1 0.26796875 0.9734375 0.046875 0.0109375
1 0.24140625 0.984375 0.0515625 0.0109375
1 0.24296875 0.9578125 0.040625 0.009375
1 0.25078125 0.878125 0.046875 0.0125
1 0.22265625 0.90859375 0.046875 0.0109375
1 0.19296875 0.85546875 0.04375 0.009375
1 0.171875 0.89765625 0.0375 0.009375
1 0.146875 0.87109375 0.03125 0.0078125
1 0.13046875 0.8546875 0.03125 0.009375
1 0.20703125 0.78125 0.040625 0.009375
1 0.22421875 0.809375 0.0484375 0.0125
1 0.309375 0.84453125 0.05 0.009375
1 0.3265625 0.7453125 0.05625 0.0140625
1 0.2046875 0.64765625 0.040625 0.009375
1 0.1859375 0.7015625 0.034375 0.00625
1 0.165625 0.7515625 0.0390625 0.009375
1 0.2265625 0.5890625 0.05 0.0140625
1 0.25625 0.5109375 0.040625 0.0125
1 0.20546875 0.49296875 0.046875 0.0109375