1 0.34921875 0.25859375 0.0703125 0.0265625
1 0.28046875 0.2 0.0609375 0.0265625
1 0.27265625 0.0265625 0.0546875 0.021875
1 0.1703125 0.096875 0.0484375 0.0203125
1 0.1328125 0.15234375 0.0453125 0.01875
1 0.18203125 0.29765625 0.046875 0.0203125
1 0.17734375 0.31953125 0.0546875 0.0203125
1 0.12578125 0.3296875 0.0546875 0.0234375
1 0.1109375 0.296875 0.0453125 0.01875
1 0.1109375 0.24453125 0.0484375 0.021875
1 0.13203125 0.44375 0.0484375 0.0234375
1 0.15546875 0.4609375 0.05625 0.021875
1 0.1390625 0.4875 0.0484375 0.0171875
1 0.090625 0.47109375 0.0453125 0.01875
1 0.09609375 0.45625 0.040625 0.0140625
1 0.0796875 0.47578125 0.0453125 0.01875
1 0.07890625 0.5046875 0.046875 0.0203125
1 0.15859375 0.5796875 0.0484375 0.01875
0 0.88828125 0.21328125 0.0140625 0.0109375
0 0.90078125 0.17265625 0.0140625 0.0109375
0 0.81484375 0.1359375 0.0140625 0.0109375
0 0.77734375 0.5265625 0.0171875 0.0125
0 0.61796875 0.5625 0.0203125 0.0125
0 0.66796875 0.3609375 0.0203125 0.0125
0 0.85 0.00625 0.01875 0.0125
0 0.7203125 0.07265625 0.0171875 0.0125
1 0.6765625 0.25546875 0.0828125 0.04375
1 0.61484375 0.09375 0.0765625 0.040625
1 0.5875 0.03046875 0.0375 0.0296875
1 0.1890625 0.9359375 0.0671875 0.0234375
1 0.0515625 0.78828125 0.0515625 0.021875
1 0.06640625 0.690625 0.046875 0.01875
1 0.02890625 0.62578125 0.0453125 0.0171875
1 0.9671875 0.925 0.0546875 0.0234375
1 0.9546875 0.83125 0.0484375 0.0203125
1 0.93359375 0.81171875 0.046875 0.0171875
1 0.9328125 0.66875 0.0484375 0.0171875
1 0.9734375 0.64453125 0.0484375 0.0203125