0 0.7265625 0.309375 0.0109375 0.00625
1 0.61328125 0.0484375 0.0546875 0.0171875
1 0.60703125 0.08671875 0.0484375 0.0171875
1 0.6765625 0.12265625 0.0546875 0.0203125
1 0.65078125 0.1546875 0.0421875 0.01875
1 0.6484375 0.21328125 0.0484375 0.0171875
1 0.65234375 0.22265625 0.0390625 0.015625
1 0.68671875 0.2109375 0.0515625 0.01875
1 0.66796875 0.2390625 0.0453125 0.0140625
1 0.74921875 0.25546875 0.059375 0.028125
1 0.74765625 0.3421875 0.05 0.0234375
1 0.7078125 0.31640625 0.046875 0.0234375
1 0.72265625 0.38203125 0.0390625 0.0203125
1 0.70703125 0.36953125 0.040625 0.01875
1 0.69609375 0.35859375 0.040625 0.0125
1 0.69296875 0.35390625 0.0375 0.0140625
1 0.6828125 0.359375 0.0484375 0.0171875
0 0.31484375 0.85859375 0.0203125 0.0109375
1 0.20703125 0.52578125 0.0734375 0.0234375
1 0.14140625 0.490625 0.0546875 0.0234375
1 0.03984375 0.63671875 0.05625 0.01875
1 0.04140625 0.71328125 0.05625 0.01875
1 0.209375 0.77734375 0.0796875 0.028125
1 0.2734375 0.86796875 0.090625 0.0421875
1 0.03671875 0.85 0.0515625 0.0234375
1 0.9359375 0.9046875 0.06875 0.03125
1 0.66640625 0.921875 0.0640625 0.021875
1 0.56640625 0.85546875 0.0515625 0.0203125
1 0.4890625 0.7890625 0.0421875 0.01875
1 0.63359375 0.71484375 0.0640625 0.0203125
1 0.50859375 0.63203125 0.0515625 0.0265625
1 0.59296875 0.5515625 0.0546875 0.0203125
1 0.60234375 0.534375 0.053125 0.0203125
1 0.74921875 0.50703125 0.0609375 0.025
0 0.57890625 0.83125 0.0234375 0.009375