1 0.24375 0.27421875 0.0171875 0.0453125
1 0.23046875 0.325 0.0203125 0.0453125
1 0.2078125 0.32421875 0.01875 0.0515625
1 0.15859375 0.39921875 0.0171875 0.0453125
1 0.1546875 0.40703125 0.0203125 0.0484375
1 0.09140625 0.37421875 0.01875 0.05
1 0.00703125 0.4078125 0.0140625 0.05625
1 0.07109375 0.25859375 0.015625 0.0375
1 0.42265625 0.4421875 0.0296875 0.0796875
1 0.47734375 0.384375 0.025 0.0671875
1 0.54921875 0.465625 0.0375 0.090625
1 0.62734375 0.346875 0.028125 0.0640625
1 0.73125 0.27578125 0.0296875 0.065625
1 0.80859375 0.37421875 0.0296875 0.0828125
1 0.81796875 0.4015625 0.0375 0.0671875
1 0.90703125 0.4515625 0.0328125 0.0890625
1 0.85859375 0.3125 0.03125 0.06875
1 0.84140625 0.26875 0.028125 0.0671875
1 0.83046875 0.21171875 0.028125 0.0671875
1 0.76640625 0.184375 0.01875 0.0546875
1 0.50390625 0.21328125 0.0171875 0.0390625
1 0.509375 0.31484375 0.0265625 0.0640625
1 0.45390625 0.2 0.0171875 0.0421875
1 0.4265625 0.31796875 0.0203125 0.0546875
1 0.3703125 0.65703125 0.01875 0.0546875
1 0.32578125 0.8421875 0.028125 0.065625
1 0.0765625 0.73046875 0.028125 0.0609375
1 0.03359375 0.70546875 0.025 0.0546875
1 0.00859375 0.87734375 0.0171875 0.0671875
1 0.78828125 0.928125 0.0125 0.0359375
1 0.60859375 0.9796875 0.0203125 0.040625