0 0.05 0.23828125 0.0078125 0.015625
1 0.3328125 0.16796875 0.0125 0.046875
1 0.34609375 0.19375 0.009375 0.040625
1 0.38984375 0.503125 0.0140625 0.053125
1 0.26875 0.26953125 0.0109375 0.040625
1 0.20625 0.2765625 0.0109375 0.04375
1 0.16640625 0.28984375 0.0125 0.046875
1 0.071875 0.265625 0.0125 0.0453125
1 0.0625 0.28515625 0.0125 0.0296875
1 0.1359375 0.17578125 0.0171875 0.05
1 0.17421875 0.125 0.0109375 0.0453125
1 0.18515625 0.13203125 0.0109375 0.046875
1 0.93984375 0.21484375 0.0171875 0.06875
1 0.9859375 0.1375 0.01875 0.059375
1 0.87421875 0.05546875 0.0140625 0.0453125
1 0.85234375 0.0546875 0.0125 0.053125
1 0.834375 0.015625 0.015625 0.03125
1 0.72265625 0.02890625 0.0171875 0.046875
1 0.709375 0.05546875 0.0140625 0.0546875
1 0.68046875 0.04296875 0.0109375 0.046875
1 0.68828125 0.00703125 0.0109375 0.0140625
1 0.70390625 0.0078125 0.0078125 0.015625
1 0.590625 0.07734375 0.0171875 0.046875
1 0.52734375 0.09765625 0.015625 0.05625
1 0.5109375 0.03125 0.0203125 0.0484375
1 0.03203125 0.6390625 0.0234375 0.059375
1 0.2109375 0.615625 0.0203125 0.053125
1 0.19765625 0.5921875 0.009375 0.053125
1 0.25078125 0.5578125 0.0140625 0.0375
1 0.29609375 0.5875 0.0171875 0.053125
1 0.33359375 0.61640625 0.0140625 0.046875
1 0.3328125 0.6484375 0.0171875 0.0515625
1 0.375 0.61640625 0.009375 0.04375
1 0.36640625 0.578125 0.0109375 0.040625
1 0.38671875 0.58671875 0.0109375 0.05
1 0.3796875 0.5671875 0.0109375 0.0515625
1 0.4015625 0.590625 0.0109375 0.046875
1 0.0109375 0.61171875 0.0140625 0.046875
1 0.84765625 0.9765625 0.0203125 0.046875
1 0.8734375 0.98046875 0.025 0.0390625
1 0.95703125 0.88984375 0.021875 0.065625
1 0.96796875 0.928125 0.0234375 0.05625
1 0.7453125 0.78515625 0.0171875 0.059375
1 0.70390625 0.9171875 0.0171875 0.05625
1 0.71015625 0.87421875 0.0171875 0.053125
1 0.6390625 0.8125 0.01875 0.05625
1 0.6453125 0.875 0.015625 0.059375
1 0.67578125 0.86875 0.015625 0.065625
1 0.66328125 0.88359375 0.0125 0.0625
1 0.5390625 0.8671875 0.0140625 0.05625
1 0.49765625 0.778125 0.0171875 0.053125
1 0.521875 0.9359375 0.015625 0.065625
1 0.446875 0.87421875 0.0203125 0.0625
0 0.80859375 0.94296875 0.0125 0.021875