1 0.353125 0.11640625 0.0125 0.0171875
1 0.29921875 0.0671875 0.0515625 0.0171875
1 0.628125 0.21875 0.0609375 0.0203125
1 0.6 0.196875 0.0578125 0.0203125
1 0.5921875 0.16484375 0.0515625 0.01875
1 0.54375 0.13203125 0.0484375 0.0171875
1 0.5515625 0.10859375 0.0515625 0.0171875
1 0.628125 0.01953125 0.0609375 0.0203125
1 0.63515625 0.00390625 0.0578125 0.0078125
0 0.12734375 0.3109375 0.0140625 0.0109375
0 0.2078125 0.35 0.0203125 0.0125
0 0.1 0.340625 0.0140625 0.0078125
0 0.0859375 0.4109375 0.015625 0.0078125
0 0.18671875 0.4578125 0.0171875 0.0109375
0 0.1203125 0.55546875 0.009375 0.0078125
0 0.06328125 0.5515625 0.009375 0.0078125
0 0.17265625 0.625 0.0125 0.00625
0 0.14453125 0.70546875 0.015625 0.0078125
0 0.003125 0.72265625 0.00625 0.0078125
0 0.03046875 0.77734375 0.0203125 0.0109375
0 0.103125 0.85390625 0.015625 0.0078125
0 0.1421875 0.81328125 0.015625 0.0109375
1 0.16171875 0.409375 0.0546875 0.0203125
1 0.3203125 0.496875 0.078125 0.028125
1 0.17421875 0.54140625 0.0609375 0.0265625
1 0.01796875 0.55546875 0.0359375 0.0203125
1 0.0265625 0.58671875 0.053125 0.0265625
1 0.00703125 0.6625 0.0140625 0.01875
1 0.0609375 0.71171875 0.0671875 0.021875
1 0.0546875 0.7546875 0.0625 0.01875
1 0.1046875 0.75625 0.059375 0.0296875
1 0.12265625 0.79453125 0.0703125 0.0234375
1 0.0328125 0.815625 0.0640625 0.025
1 0.034375 0.84765625 0.0484375 0.021875
1 0.02421875 0.85546875 0.0484375 0.0234375
1 0.34765625 0.95703125 0.0234375 0.0359375
1 0.08046875 0.92578125 0.0703125 0.0234375
1 0.121875 0.940625 0.0625 0.0234375
1 0.15625 0.94609375 0.065625 0.025
1 0.165625 0.28203125 0.06875 0.025
1 0.13671875 0.26796875 0.0640625 0.0171875
0 0.50625 0.85546875 0.0203125 0.0125
1 0.58671875 0.99375 0.0765625 0.0125
1 0.47734375 0.87890625 0.0640625 0.0234375
1 0.6421875 0.846875 0.08125 0.025
1 0.62265625 0.79921875 0.0765625 0.0296875
1 0.70703125 0.709375 0.0859375 0.0296875
1 0.72734375 0.54296875 0.08125 0.0328125
1 0.95078125 0.62890625 0.0984375 0.0421875
1 0.93828125 0.3296875 0.0890625 0.0296875
1 0.6921875 0.40625 0.0640625 0.0203125
1 0.5796875 0.46328125 0.065625 0.025
1 0.490625 0.4859375 0.0578125 0.01875
1 0.56953125 0.4 0.0734375 0.021875
1 0.540625 0.37109375 0.065625 0.021875
1 0.57109375 0.34375 0.0703125 0.025
1 0.5984375 0.31796875 0.0625 0.025
1 0.65390625 0.30234375 0.0734375 0.025
1 0.7203125 0.33515625 0.078125 0.0296875
1 0.790625 0.278125 0.0765625 0.0265625
1 0.75390625 0.26328125 0.0796875 0.0078125