1 0.00546875 0.409375 0.0109375 0.046875
1 0.12734375 0.225 0.015625 0.040625
1 0.2640625 0.26953125 0.0140625 0.046875
1 0.25234375 0.29609375 0.0125 0.040625
1 0.3328125 0.3671875 0.0140625 0.040625
1 0.39609375 0.37109375 0.0140625 0.04375
1 0.43671875 0.38203125 0.0140625 0.046875
1 0.4609375 0.26640625 0.01875 0.0515625
1 0.4203125 0.2171875 0.0125 0.0453125
1 0.409375 0.225 0.0125 0.046875
1 0.08203125 0.55703125 0.0234375 0.0234375
1 0.75859375 0.27109375 0.01875 0.0640625
1 0.778125 0.28125 0.021875 0.0546875
1 0.5921875 0.1796875 0.015625 0.0515625
1 0.546875 0.12578125 0.0171875 0.0421875
1 0.71171875 0.1234375 0.01875 0.0375
1 0.73515625 0.15390625 0.021875 0.0453125
1 0.7671875 0.12265625 0.015625 0.0375
1 0.79453125 0.1328125 0.01875 0.0453125
1 0.82734375 0.1265625 0.0125 0.040625
1 0.82265625 0.16796875 0.01875 0.05
1 0.8703125 0.14765625 0.015625 0.04375
1 0.87109375 0.14609375 0.01875 0.0484375
1 0.84375 0.1125 0.0125 0.0375
1 0.98359375 0.178125 0.0171875 0.0515625
1 0.9953125 0.1625 0.009375 0.05
0 0.6828125 0.11796875 0.0078125 0.0125
1 0.4203125 0.63671875 0.009375 0.040625
1 0.43203125 0.671875 0.0125 0.04375
1 0.409375 0.7171875 0.0109375 0.0546875
1 0.365625 0.66328125 0.0109375 0.04375
1 0.35546875 0.6203125 0.0125 0.0375
1 0.359375 0.64296875 0.009375 0.046875
1 0.3078125 0.67578125 0.015625 0.0453125
1 0.28515625 0.63125 0.009375 0.0375
1 0.2359375 0.63359375 0.0171875 0.0421875
1 0.2140625 0.65546875 0.009375 0.0421875
1 0.18671875 0.6375 0.0125 0.0375
1 0.1796875 0.65 0.0125 0.04375
1 0.1578125 0.64453125 0.0109375 0.04375
1 0.1359375 0.615625 0.0109375 0.03125
1 0.12578125 0.64140625 0.0109375 0.040625
1 0.10703125 0.6296875 0.0125 0.040625
1 0.05390625 0.66796875 0.0140625 0.046875
1 0.05703125 0.734375 0.0125 0.053125
1 0.0859375 0.79921875 0.0171875 0.0625
0 0.99609375 0.81015625 0.003125 0.009375
0 0.9453125 0.8796875 0.003125 0.00625
0 0.8625 0.91328125 0.003125 0.00625
0 0.76171875 0.925 0.003125 0.009375
0 0.734375 0.83515625 0.003125 0.00625
0 0.66015625 0.8953125 0.003125 0.0078125
1 0.7265625 0.9921875 0.01875 0.015625
1 0.965625 0.76875 0.009375 0.034375
1 0.94140625 0.79296875 0.0125 0.0359375
1 0.9203125 0.8125 0.0109375 0.040625
1 0.8578125 0.86015625 0.0125 0.04375
1 0.85078125 0.765625 0.00625 0.03125
1 0.76953125 0.771875 0.009375 0.0328125
1 0.90859375 0.76640625 0.0078125 0.0296875
1 0.95390625 0.72265625 0.0078125 0.028125
1 0.9390625 0.71640625 0.0078125 0.03125
1 0.5609375 0.85625 0.0140625 0.046875
1 0.603125 0.8046875 0.009375 0.0359375
0 0.6109375 0.81796875 0.003125 0.0078125