1 0.11640625 0.01015625 0.065625 0.0203125
1 0.2859375 0.00390625 0.090625 0.0078125
1 0.346875 0.075 0.04375 0.025
1 0.04140625 0.28046875 0.05625 0.0125
1 0.0234375 0.303125 0.046875 0.0125
1 0.609375 0.00390625 0.05625 0.0078125
1 0.44140625 0.03125 0.05625 0.0203125
1 0.41796875 0.13828125 0.0515625 0.015625
1 0.478125 0.1828125 0.05625 0.01875
1 0.5421875 0.13984375 0.065625 0.0171875
1 0.5515625 0.19140625 0.065625 0.0171875
1 0.4921875 0.2046875 0.065625 0.0140625
1 0.62578125 0.1140625 0.071875 0.015625
1 0.7125 0.19609375 0.075 0.021875
1 0.79453125 0.22890625 0.0890625 0.021875
1 0.27890625 0.3921875 0.084375 0.0171875
1 0.090625 0.33984375 0.0625 0.015625
1 0.0734375 0.3171875 0.05625 0.015625
1 0.01875 0.46015625 0.0375 0.0140625
1 0.01640625 0.41640625 0.0328125 0.0140625
1 0.075 0.47734375 0.0625 0.0125
1 0.0109375 0.63828125 0.021875 0.0109375
1 0.01484375 0.66171875 0.0296875 0.0109375
1 0.06171875 0.8453125 0.0515625 0.0171875
1 0.04375 0.7515625 0.05 0.0140625
1 0.18984375 0.6890625 0.0578125 0.0171875
1 0.31484375 0.7671875 0.08125 0.028125
0 0.709375 0.68828125 0.015625 0.00625
1 0.56953125 0.490625 0.053125 0.0109375
1 0.48359375 0.56640625 0.0390625 0.0109375
1 0.65390625 0.5578125 0.059375 0.015625
1 0.53046875 0.6875 0.04375 0.0140625
1 0.52265625 0.70859375 0.040625 0.0109375
1 0.53984375 0.7625 0.04375 0.0171875
1 0.56171875 0.7984375 0.04375 0.0109375
1 0.61328125 0.72578125 0.0484375 0.0140625
1 0.6921875 0.7015625 0.053125 0.0140625
1 0.75546875 0.91875 0.0640625 0.0140625
1 0.6640625 0.93203125 0.053125 0.0109375
1 0.6078125 0.99375 0.05625 0.0125
1 0.58515625 0.9078125 0.05 0.0109375
1 0.553125 0.9125 0.04375 0.0125
1 0.50390625 0.85234375 0.04375 0.0109375
1 0.48828125 0.82265625 0.040625 0.0125
1 0.4765625 0.80859375 0.0390625 0.009375
1 0.47421875 0.9875 0.034375 0.0078125