1 0.05234375 0.18671875 0.0203125 0.0515625
1 0.09453125 0.1578125 0.01875 0.0421875
1 0.04296875 0.15234375 0.0171875 0.0453125
1 0.1921875 0.12734375 0.0171875 0.0453125
1 0.203125 0.1484375 0.0171875 0.0421875
1 0.115625 0.271875 0.0203125 0.0515625
1 0.2703125 0.3546875 0.03125 0.06875
1 0.38046875 0.2375 0.0171875 0.0421875
1 0.37578125 0.23046875 0.01875 0.0484375
1 0.4703125 0.21875 0.0171875 0.0453125
1 0.50078125 0.2171875 0.0171875 0.0421875
1 0.54375 0.32421875 0.0125 0.0578125
0 0.34609375 0.61171875 0.00625 0.0109375
0 0.31015625 0.5375 0.0078125 0.0109375
0 0.2375 0.47734375 0.0078125 0.0125
0 0.20390625 0.55 0.0078125 0.0109375
0 0.2421875 0.6390625 0.0078125 0.0125
0 0.25078125 0.7328125 0.0078125 0.0109375
0 0.17265625 0.8484375 0.0109375 0.0140625
0 0.103125 0.9265625 0.0046875 0.0109375
0 0.15546875 0.703125 0.00625 0.0078125
0 0.05625 0.8046875 0.00625 0.009375
0 0.00078125 0.67578125 0.0015625 0.0109375
0 0.0375 0.57578125 0.0078125 0.0140625
0 0.11796875 0.5328125 0.0078125 0.009375
0 0.10859375 0.4640625 0.0046875 0.0125
0 0.04921875 0.496875 0.00625 0.009375
1 0.2609375 0.465625 0.021875 0.05
1 0.2046875 0.43984375 0.0171875 0.0421875
1 0.18828125 0.43671875 0.0171875 0.0484375
1 0.15234375 0.4609375 0.0234375 0.0453125
1 0.17578125 0.503125 0.025 0.0578125
1 0.16171875 0.4953125 0.025 0.0546875
1 0.13046875 0.6234375 0.034375 0.0828125
1 0.08359375 0.62265625 0.0375 0.0703125
1 0.0234375 0.48671875 0.021875 0.0578125
1 0.003125 0.4875 0.00625 0.053125
0 0.92734375 0.99140625 0.009375 0.015625
0 0.81640625 0.87265625 0.0078125 0.0125
0 0.60859375 0.88671875 0.0109375 0.0125
0 0.71484375 0.68515625 0.009375 0.0171875
0 0.8375 0.65859375 0.00625 0.0125
0 0.94140625 0.76015625 0.0109375 0.0125
0 0.60859375 0.71015625 0.0078125 0.015625
0 0.87890625 0.63203125 0.009375 0.0140625
1 0.93828125 0.640625 0.0140625 0.040625
1 0.921875 0.84453125 0.021875 0.0578125
1 0.7796875 0.9765625 0.034375 0.046875
1 0.63125 0.7921875 0.0234375 0.0640625
1 0.80859375 0.76953125 0.025 0.0609375
1 0.79453125 0.72734375 0.0171875 0.053125
1 0.84609375 0.63046875 0.01875 0.0453125
1 0.7890625 0.59375 0.01875 0.0453125
1 0.78359375 0.5671875 0.0125 0.034375
1 0.6734375 0.6359375 0.01875 0.0453125
1 0.634375 0.65234375 0.025 0.0515625
1 0.628125 0.66796875 0.0203125 0.0453125