1 0.30078125 0.06875 0.059375 0.0171875
1 0.3296875 0.140625 0.06875 0.0171875
1 0.22265625 0.23046875 0.05 0.0140625
1 0.1890625 0.26875 0.040625 0.0140625
1 0.18984375 0.2171875 0.04375 0.0125
1 0.146875 0.36171875 0.04375 0.0125
1 0.16640625 0.375 0.040625 0.0125
1 0.29921875 0.303125 0.05 0.0140625
1 0.47265625 0.303125 0.0734375 0.021875
1 0.46640625 0.23125 0.0796875 0.0203125
1 0.3640625 0.4671875 0.0671875 0.0234375
1 0.5234375 0.446875 0.071875 0.028125
1 0.2328125 0.5578125 0.040625 0.003125
1 0.2265625 0.5546875 0.046875 0.009375
1 0.95390625 0.15625 0.0734375 0.0203125
1 0.94296875 0.2453125 0.075 0.021875
1 0.9140625 0.5578125 0.053125 0.003125
1 0.9703125 0.40859375 0.059375 0.0203125
1 0.95625 0.4046875 0.0671875 0.0203125
1 0.9171875 0.459375 0.05625 0.0125
1 0.8921875 0.45078125 0.05625 0.015625
1 0.846875 0.453125 0.04375 0.009375
1 0.84609375 0.48828125 0.046875 0.015625
1 0.86484375 0.3578125 0.059375 0.0171875
1 0.93125 0.3671875 0.06875 0.0171875
1 0.4828125 0.98828125 0.0390625 0.015625
1 0.328125 0.9953125 0.040625 0.009375
1 0.34921875 0.91328125 0.04375 0.0109375
1 0.54609375 0.87265625 0.0265625 0.0140625
1 0.4046875 0.88203125 0.05 0.015625
1 0.534375 0.7828125 0.05 0.0125
1 0.45234375 0.84921875 0.0390625 0.015625
1 0.5828125 0.60078125 0.046875 0.0171875
1 0.5671875 0.61875 0.015625 0.015625
1 0.57578125 0.79765625 0.0328125 0.0171875
1 0.57890625 0.82109375 0.0390625 0.0171875
1 0.6515625 0.96640625 0.0640625 0.01875
1 0.7828125 0.9796875 0.0859375 0.025