1 0.56640625 0.46015625 0.1015625 0.0296875
1 0.27265625 0.42265625 0.0640625 0.01875
1 0.36015625 0.3578125 0.0796875 0.028125
1 0.24453125 0.3203125 0.0640625 0.021875
1 0.3234375 0.2875 0.0765625 0.0265625
1 0.2578125 0.23515625 0.0578125 0.025
1 0.16171875 0.2109375 0.040625 0.0140625
1 0.1328125 0.2578125 0.05 0.0171875
1 0.32734375 0.13125 0.0703125 0.0234375
1 0.41640625 0.24140625 0.0828125 0.0265625
1 0.2921875 0.01484375 0.065625 0.01875
0 0.715625 0.0578125 0.0203125 0.0109375
0 0.83125 0.07578125 0.015625 0.0109375
0 0.925 0.07265625 0.0265625 0.0125
0 0.746875 0.2046875 0.0203125 0.0109375
0 0.81015625 0.20625 0.0140625 0.0140625
0 0.81640625 0.309375 0.015625 0.0109375
0 0.68203125 0.31953125 0.015625 0.0109375
0 0.72109375 0.3703125 0.025 0.0125
0 0.79140625 0.41484375 0.0203125 0.0109375
0 0.6515625 0.4515625 0.003125 0.009375
1 0.66015625 0.08828125 0.0203125 0.0203125
1 0.6640625 0.1015625 0.028125 0.021875
0 0.62734375 0.50390625 0.03125 0.0171875
1 0.54140625 0.52890625 0.1109375 0.0359375
1 0.3453125 0.68515625 0.08125 0.01875
1 0.34765625 0.69609375 0.08125 0.0171875
1 0.23671875 0.62890625 0.0671875 0.01875
1 0.17109375 0.540625 0.05625 0.015625
1 0.06640625 0.496875 0.04375 0.0125
1 0.1203125 0.70859375 0.0546875 0.01875
1 0.08203125 0.7234375 0.0515625 0.0171875
1 0.23984375 0.98984375 0.0765625 0.0203125
1 0.16015625 0.9859375 0.0640625 0.0203125
1 0.13515625 0.94609375 0.05625 0.015625
1 0.11953125 0.90859375 0.0609375 0.01875
1 0.07578125 0.9296875 0.0515625 0.015625
1 0.08828125 0.95390625 0.0578125 0.01875
1 0.0890625 0.96328125 0.0625 0.015625
1 0.959375 0.8609375 0.0640625 0.0171875
1 0.96640625 0.896875 0.0625 0.0171875
1 0.97578125 0.9703125 0.0484375 0.01875
1 0.94609375 0.9921875 0.0578125 0.015625
1 0.82734375 0.9890625 0.0515625 0.0203125
1 0.84296875 0.94453125 0.0453125 0.0171875
1 0.86484375 0.946875 0.028125 0.03125
1 0.88828125 0.953125 0.0546875 0.01875