1 0.54296875 0.40234375 0.028125 0.0671875
1 0.37734375 0.10859375 0.028125 0.1015625
1 0.396875 0.40390625 0.0171875 0.0640625
1 0.31640625 0.33046875 0.0265625 0.0796875
1 0.3015625 0.45078125 0.0203125 0.0640625
1 0.2546875 0.3796875 0.025 0.0765625
1 0.215625 0.4546875 0.0234375 0.0578125
1 0.21015625 0.553125 0.0125 0.040625
1 0.26171875 0.57265625 0.0171875 0.05
1 0.10078125 0.40546875 0.021875 0.0703125
1 0.19140625 0.29765625 0.025 0.0828125
1 0.56328125 0.44453125 0.0078125 0.0578125
1 0.61484375 0.47890625 0.0125 0.0453125
1 0.6359375 0.53515625 0.015625 0.0421875
1 0.6640625 0.4984375 0.0171875 0.0515625
1 0.70859375 0.421875 0.0171875 0.0546875
1 0.71640625 0.509375 0.0125 0.04375
1 0.8671875 0.38125 0.0171875 0.0453125
1 0.8703125 0.3140625 0.01875 0.059375
1 0.92109375 0.35859375 0.01875 0.053125
1 0.93203125 0.36953125 0.0171875 0.0609375
1 0.95390625 0.365625 0.0171875 0.0578125
1 0.9609375 0.38046875 0.0125 0.04375
1 0.9640625 0.353125 0.0234375 0.021875
1 0.56328125 0.43515625 0.0078125 0.0546875
0 0.93046875 0.3453125 0.0109375 0.0140625
1 0.10078125 0.6546875 0.0171875 0.0625
1 0.1 0.7921875 0.0171875 0.05
1 0.01953125 0.96328125 0.0125 0.034375
1 0.04765625 0.984375 0.0109375 0.03125
1 0.0859375 0.93359375 0.0140625 0.0359375
1 0.08125 0.88359375 0.015625 0.046875
1 0.10234375 0.88203125 0.0125 0.0375
1 0.1078125 0.9296875 0.009375 0.040625
1 0.11328125 0.990625 0.0109375 0.01875
1 0.1421875 0.9890625 0.0125 0.021875
1 0.12890625 0.9484375 0.0125 0.0359375
1 0.175 0.89609375 0.0140625 0.0421875
1 0.29140625 0.89375 0.0125 0.04375
1 0.2671875 0.94609375 0.0109375 0.040625
1 0.61640625 0.8828125 0.0171875 0.0578125
1 0.60859375 0.99140625 0.0109375 0.0171875
1 0.765625 0.9359375 0.0125 0.04375
1 0.8078125 0.934375 0.0140625 0.0421875
1 0.8546875 0.8484375 0.015625 0.0421875
1 0.840625 0.79453125 0.0203125 0.0546875
1 0.8984375 0.8859375 0.0203125 0.0546875
1 0.99453125 0.88671875 0.0109375 0.0515625
1 0.9421875 0.984375 0.015625 0.03125
1 0.81484375 0.97890625 0.0140625 0.0390625
1 0.78125 0.98515625 0.0125 0.0296875
0 0.6296875 0.97890625 0.0109375 0.01875