0 0.2296875 0.08984375 0.0125 0.00625
1 0.24609375 0.071875 0.0484375 0.015625
1 0.13828125 0.13828125 0.0671875 0.025
1 0.02265625 0.0921875 0.0453125 0.028125
1 0.13515625 0.284375 0.0625 0.015625
1 0.05859375 0.36171875 0.0796875 0.025
1 0.178125 0.38125 0.0625 0.01875
1 0.10546875 0.42578125 0.0765625 0.021875
1 0.29921875 0.425 0.0484375 0.015625
1 0.88359375 0.359375 0.0828125 0.0234375
0 0.13203125 0.9703125 0.021875 0.0140625
1 0.19609375 0.68359375 0.046875 0.0125
1 0.075 0.72421875 0.05625 0.01875
1 0.06875 0.796875 0.059375 0.01875
1 0.0203125 0.784375 0.040625 0.015625
1 0.02421875 0.8953125 0.0484375 0.01875
1 0.08515625 0.9015625 0.05625 0.01875
1 0.01484375 0.9578125 0.0296875 0.01875
1 0.0203125 0.9875 0.040625 0.01875
1 0.20234375 0.9515625 0.046875 0.015625
1 0.13984375 0.89296875 0.053125 0.0125
1 0.1390625 0.85390625 0.0578125 0.015625
1 0.80234375 0.90703125 0.0625 0.0171875
1 0.75859375 0.796875 0.0625 0.015625
1 0.62578125 0.68671875 0.0734375 0.0203125
1 0.6203125 0.7390625 0.0625 0.01875
1 0.6359375 0.48359375 0.08125 0.01875
1 0.62890625 0.52109375 0.0796875 0.0203125
1 0.7859375 0.571875 0.0625 0.015625
1 0.81875 0.609375 0.059375 0.0140625