0 0.13984375 0.16484375 0.0171875 0.0109375
1 0.12109375 0.19453125 0.046875 0.015625
1 0.10078125 0.19765625 0.053125 0.0125
1 0.084375 0.2140625 0.0546875 0.01875
1 0.11640625 0.21640625 0.0640625 0.021875
1 0.08046875 0.01171875 0.0609375 0.021875
1 0.03984375 0.42265625 0.0609375 0.01875
1 0.5234375 0.140625 0.04375 0.0125
1 0.5796875 0.159375 0.0515625 0.01875
1 0.4625 0.1765625 0.0453125 0.0125
1 0.5203125 0.234375 0.0484375 0.0125
1 0.58671875 0.26171875 0.05625 0.015625
1 0.5421875 0.3328125 0.04375 0.0125
1 0.44921875 0.2921875 0.03125 0.0109375
1 0.4671875 0.35390625 0.028125 0.009375
1 0.503125 0.35078125 0.04375 0.0125
1 0.53828125 0.36328125 0.040625 0.0125
1 0.609375 0.39140625 0.053125 0.015625
1 0.62578125 0.4328125 0.053125 0.015625
1 0.57421875 0.4375 0.0484375 0.015625
1 0.52734375 0.415625 0.0546875 0.0171875
1 0.5671875 0.4984375 0.0484375 0.0140625
1 0.2671875 0.9453125 0.0671875 0.021875
1 0.278125 0.82890625 0.0625 0.01875
1 0.1796875 0.88046875 0.0484375 0.01875
1 0.18046875 0.80546875 0.0453125 0.0140625
1 0.1765625 0.78203125 0.0515625 0.0125
1 0.25078125 0.6890625 0.0625 0.015625
1 0.25546875 0.5640625 0.0703125 0.0234375
1 0.15546875 0.55078125 0.0484375 0.0140625
1 0.1421875 0.615625 0.04375 0.015625
1 0.1546875 0.64296875 0.03125 0.0125
1 0.1609375 0.6703125 0.03125 0.009375
1 0.13828125 0.675 0.0328125 0.015625
1 0.15234375 0.69296875 0.034375 0.0140625
1 0.12890625 0.653125 0.0375 0.009375
0 0.1546875 0.6671875 0.0125 0.00625
1 0.5421875 0.5515625 0.0515625 0.0125
1 0.578125 0.55859375 0.0359375 0.009375
1 0.78125 0.72734375 0.0484375 0.0203125
1 0.821875 0.71796875 0.053125 0.015625
1 0.4953125 0.615625 0.0390625 0.0109375
1 0.42890625 0.63046875 0.046875 0.015625
1 0.39921875 0.74921875 0.040625 0.015625
1 0.4828125 0.6546875 0.046875 0.0125
1 0.48515625 0.7203125 0.0453125 0.0171875
1 0.50859375 0.753125 0.05 0.0140625
1 0.50234375 0.81875 0.0515625 0.015625
1 0.4484375 0.8125 0.0421875 0.01875
1 0.6015625 0.72578125 0.0546875 0.021875
1 0.5921875 0.803125 0.05625 0.0140625
1 0.61484375 0.80703125 0.0390625 0.0125
1 0.590625 0.9078125 0.0515625 0.015625
1 0.75078125 0.896875 0.0546875 0.01875
1 0.784375 0.95859375 0.0671875 0.0203125
0 0.84453125 0.80703125 0.0125 0.0109375