1 0.49140625 0.11953125 0.0171875 0.0171875
1 0.48203125 0.13203125 0.0359375 0.0234375
1 0.3890625 0.10703125 0.0484375 0.01875
1 0.32109375 0.02109375 0.046875 0.0140625
1 0.2421875 0.25 0.034375 0.0125
1 0.3609375 0.259375 0.053125 0.01875
1 0.4046875 0.328125 0.0609375 0.021875
1 0.33828125 0.32890625 0.0515625 0.01875
1 0.27890625 0.31484375 0.05 0.01875
1 0.24453125 0.26953125 0.0421875 0.015625
0 0.60546875 0.13203125 0.0171875 0.0109375
1 0.51640625 0.0421875 0.0328125 0.021875
1 0.74375 0.14453125 0.078125 0.0390625
1 0.5640625 0.14296875 0.0609375 0.0234375
1 0.23984375 0.44765625 0.0546875 0.0234375
1 0.35078125 0.52890625 0.0625 0.028125
1 0.35078125 0.55625 0.0578125 0.0203125
1 0.3828125 0.70546875 0.0640625 0.025
1 0.4390625 0.69296875 0.0859375 0.0328125
1 0.13359375 0.603125 0.05 0.01875
1 0.2015625 0.69609375 0.0484375 0.01875
1 0.19296875 0.809375 0.0484375 0.015625
1 0.20234375 0.81875 0.0453125 0.0140625
1 0.24609375 0.81953125 0.05 0.01875
1 0.3234375 0.784375 0.0578125 0.0234375
1 0.48125 0.884375 0.0375 0.025
1 0.4890625 0.93828125 0.021875 0.0234375
1 0.253125 0.87734375 0.0546875 0.0203125
1 0.3 0.921875 0.0640625 0.0203125
1 0.3203125 0.9359375 0.0671875 0.021875
1 0.64453125 0.41484375 0.0703125 0.0109375
1 0.63515625 0.49609375 0.0625 0.0234375
1 0.57109375 0.50234375 0.0546875 0.028125
1 0.56484375 0.525 0.0671875 0.021875
1 0.59140625 0.55 0.0609375 0.0203125
1 0.54921875 0.54921875 0.065625 0.01875
1 0.56484375 0.58828125 0.065625 0.021875
1 0.534375 0.61875 0.053125 0.0203125
1 0.640625 0.67890625 0.0546875 0.0203125
1 0.5140625 0.62890625 0.028125 0.0171875
1 0.52734375 0.6546875 0.053125 0.0171875
1 0.52265625 0.69453125 0.0453125 0.0171875
1 0.51796875 0.73125 0.0296875 0.0171875
1 0.52890625 0.75625 0.0515625 0.015625
1 0.58125 0.83046875 0.0578125 0.0265625
1 0.6328125 0.9140625 0.065625 0.021875
1 0.51484375 0.91015625 0.0296875 0.0171875