1 0.43671875 0.1546875 0.0265625 0.015625
1 0.3609375 0.0015625 0.034375 0.003125
1 0.37421875 0.075 0.046875 0.0109375
1 0.3109375 0.30859375 0.034375 0.0109375
1 0.42734375 0.30859375 0.0453125 0.0140625
1 0.4125 0.38046875 0.05 0.015625
1 0.353125 0.37109375 0.0484375 0.015625
1 0.31484375 0.32734375 0.040625 0.0125
1 0.55390625 0.01171875 0.0640625 0.0203125
1 0.4609375 0.0734375 0.021875 0.01875
1 0.50390625 0.17421875 0.0625 0.0234375
1 0.465625 0.19375 0.03125 0.01875
1 0.61015625 0.21875 0.06875 0.0171875
1 0.509375 0.34453125 0.0578125 0.01875
1 0.896875 0.815625 0.0703125 0.0203125
1 0.815625 0.85546875 0.0609375 0.021875
1 0.684375 0.92890625 0.046875 0.015625
1 0.66171875 0.86640625 0.04375 0.0140625
1 0.74453125 0.73671875 0.0453125 0.015625
1 0.7453125 0.71484375 0.053125 0.0140625
1 0.696875 0.69296875 0.0546875 0.0171875
1 0.675 0.72109375 0.04375 0.0140625
1 0.6625 0.771875 0.0484375 0.0171875
1 0.73046875 0.5828125 0.0484375 0.01875
1 0.7578125 0.57265625 0.0546875 0.015625
1 0.7484375 0.54296875 0.046875 0.0125
1 0.696875 0.54609375 0.04375 0.0140625
1 0.69921875 0.5625 0.040625 0.0109375
1 0.68828125 0.5390625 0.04375 0.0140625