1 0.13125 0.290625 0.053125 0.0140625
1 0.20625 0.23359375 0.059375 0.0171875
1 0.2265625 0.0578125 0.065625 0.0140625
1 0.11015625 0.13984375 0.040625 0.009375
1 0.1046875 0.14296875 0.04375 0.0109375
1 0.08515625 0.1984375 0.04375 0.0140625
1 0.05234375 0.10390625 0.0375 0.0109375
1 0.05859375 0.0515625 0.034375 0.0109375
1 0.103125 0.06953125 0.04375 0.0109375
1 0.09375 0.02734375 0.046875 0.0125
1 0.13125 0.0046875 0.046875 0.009375
1 0.72734375 0.28984375 0.046875 0.0109375
1 0.64453125 0.26328125 0.034375 0.0078125
1 0.965625 0.2859375 0.065625 0.0140625
1 0.80078125 0.1703125 0.05 0.015625
1 0.71875 0.115625 0.040625 0.0140625
1 0.7125 0.103125 0.0453125 0.0109375
1 0.7953125 0.07109375 0.0453125 0.0125
1 0.6875 0.04921875 0.04375 0.009375
1 0.6546875 0.0609375 0.0375 0.0109375
1 0.62421875 0.059375 0.034375 0.009375
1 0.69140625 0.02421875 0.04375 0.0078125
1 0.74453125 0.015625 0.04375 0.0109375
0 0.09453125 0.54921875 0.0203125 0.009375
1 0.06484375 0.5234375 0.05625 0.0140625
1 0.02578125 0.73203125 0.0515625 0.0203125
1 0.0359375 0.74609375 0.05625 0.0140625
1 0.11328125 0.75 0.071875 0.01875
1 0.19609375 0.66171875 0.0859375 0.01875
1 0.09140625 0.86796875 0.05625 0.0171875
1 0.009375 0.86171875 0.01875 0.0109375
1 0.10703125 0.9828125 0.071875 0.015625
1 0.59140625 0.97109375 0.0578125 0.0171875
1 0.70234375 0.91328125 0.0625 0.0203125
1 0.8125 0.89609375 0.06875 0.021875
1 0.70625 0.753125 0.065625 0.0171875
1 0.5375 0.88046875 0.046875 0.0171875
1 0.56484375 0.7359375 0.053125 0.0171875
1 0.54765625 0.63984375 0.0578125 0.0140625
1 0.67421875 0.6109375 0.0625 0.0140625
1 0.778125 0.5375 0.0578125 0.01875
1 0.6484375 0.51640625 0.0578125 0.01875
1 0.9734375 0.390625 0.053125 0.01875
1 0.925 0.7046875 0.065625 0.01875
1 0.94609375 0.69609375 0.059375 0.0203125
0 0.95625 0.684375 0.021875 0.009375