1 0.3109375 0.253125 0.0609375 0.025
1 0.309375 0.0765625 0.0671875 0.021875
1 0.2046875 0.171875 0.040625 0.0140625
1 0.2 0.17578125 0.0453125 0.015625
1 0.18671875 0.23359375 0.0453125 0.01875
1 0.1421875 0.14296875 0.0390625 0.015625
1 0.14296875 0.09140625 0.0359375 0.0140625
1 0.1890625 0.103125 0.0453125 0.015625
1 0.175 0.0625 0.0484375 0.01875
1 0.21015625 0.034375 0.0484375 0.0171875
0 0.8109375 0.25390625 0.0234375 0.0125
1 0.63984375 0.03046875 0.0515625 0.01875
1 0.70546875 0.0421875 0.0671875 0.0203125
1 0.77109375 0.0578125 0.0765625 0.0265625
1 0.7046875 0.0734375 0.0421875 0.0234375
1 0.66875 0.10625 0.0609375 0.0203125
1 0.68828125 0.1703125 0.0546875 0.0203125
1 0.74140625 0.2078125 0.0609375 0.0203125
1 0.78515625 0.2109375 0.0640625 0.025
1 0.78203125 0.275 0.0578125 0.009375
1 0.878125 0.23515625 0.0828125 0.028125
1 0.85546875 0.22265625 0.0765625 0.0265625
1 0.0125 0.97109375 0.025 0.0234375
0 0.72734375 0.778125 0.0171875 0.0140625
1 0.7078125 0.47265625 0.0640625 0.025
1 0.7734375 0.46015625 0.0546875 0.0203125
1 0.73984375 0.50078125 0.0609375 0.028125
1 0.7640625 0.52578125 0.0640625 0.0234375
1 0.69453125 0.5546875 0.0609375 0.0234375
1 0.63671875 0.55 0.0390625 0.015625
1 0.59765625 0.64609375 0.0390625 0.015625
1 0.65859375 0.6203125 0.0421875 0.015625
1 0.66015625 0.6984375 0.0421875 0.021875
1 0.70234375 0.65625 0.059375 0.01875
1 0.7609375 0.65 0.0484375 0.0203125
1 0.73046875 0.61640625 0.059375 0.01875
1 0.85703125 0.65 0.071875 0.0234375
1 0.759375 0.784375 0.05625 0.0203125
1 0.72734375 0.79765625 0.0609375 0.021875
1 0.80078125 0.86875 0.0703125 0.0265625
1 0.74921875 0.94609375 0.0578125 0.021875
1 0.69921875 0.96171875 0.0609375 0.021875