1 0.49296875 0.31796875 0.015625 0.053125
1 0.44375 0.2375 0.0203125 0.0609375
1 0.27109375 0.1984375 0.0171875 0.065625
1 0.340625 0.32265625 0.0109375 0.040625
1 0.34296875 0.328125 0.0125 0.04375
1 0.3953125 0.3453125 0.015625 0.028125
1 0.246875 0.353125 0.0125 0.0125
1 0.2703125 0.32265625 0.0125 0.04375
1 0.2265625 0.32734375 0.0140625 0.046875
1 0.2078125 0.28671875 0.0125 0.046875
1 0.128125 0.33828125 0.0125 0.0421875
1 0.08828125 0.27421875 0.015625 0.05625
1 0.0796875 0.2765625 0.0140625 0.053125
1 0.071875 0.34609375 0.009375 0.0265625
1 0.03828125 0.321875 0.0125 0.0484375
1 0.01796875 0.3140625 0.0125 0.040625
1 0.77109375 0.11953125 0.03125 0.0828125
1 0.73359375 0.35078125 0.0203125 0.0171875
1 0.73515625 0.3328125 0.0203125 0.053125
1 0.0421875 0.65703125 0.0203125 0.0796875
1 0.1625 0.8171875 0.0171875 0.0625
1 0.11875 0.8515625 0.0140625 0.053125
1 0.13125 0.92578125 0.015625 0.05
1 0.17265625 0.96171875 0.015625 0.0359375
1 0.13203125 0.97578125 0.0125 0.034375
1 0.1578125 0.99140625 0.0125 0.0171875
1 0.17265625 0.9921875 0.0140625 0.015625
1 0.2875 0.96171875 0.0125 0.0390625
1 0.3171875 0.9921875 0.0125 0.015625
1 0.4109375 0.91640625 0.0125 0.046875
1 0.3765625 0.98671875 0.0125 0.0265625
1 0.47421875 0.95859375 0.0125 0.046875
1 0.51015625 0.7515625 0.01875 0.0703125
1 0.56328125 0.96953125 0.0140625 0.04375
1 0.9140625 0.6671875 0.0171875 0.0296875
1 0.903125 0.72578125 0.0203125 0.0453125
1 0.865625 0.69921875 0.0234375 0.0609375
1 0.84453125 0.71328125 0.0234375 0.0609375
1 0.82734375 0.70546875 0.021875 0.0515625
1 0.765625 0.69296875 0.015625 0.05
1 0.7359375 0.6703125 0.015625 0.05
1 0.7953125 0.575 0.0203125 0.0640625
1 0.69609375 0.54453125 0.03125 0.0609375
1 0.64375 0.66640625 0.01875 0.0546875
1 0.67578125 0.73671875 0.015625 0.0375
1 0.68046875 0.79453125 0.015625 0.040625
1 0.66171875 0.809375 0.015625 0.0375
1 0.61875 0.8265625 0.0125 0.04375