0 0.36328125 0.09765625 0.00625 0.0109375
1 0.5484375 0.04140625 0.021875 0.0546875
1 0.51484375 0.01875 0.0203125 0.0375
1 0.45625 0.0203125 0.01875 0.040625
1 0.4484375 0.02109375 0.015625 0.0390625
1 0.4609375 0.0546875 0.0203125 0.0515625
1 0.43203125 0.03671875 0.015625 0.0453125
1 0.41875 0.11875 0.03125 0.059375
1 0.33203125 0.1203125 0.025 0.05
1 0.35625 0.0796875 0.025 0.0484375
1 0.290625 0.096875 0.0203125 0.0390625
1 0.303125 0.08046875 0.0203125 0.040625
1 0.31328125 0.06953125 0.0140625 0.040625
1 0.31796875 0.06640625 0.0140625 0.0390625
1 0.3125 0.05625 0.01875 0.0484375
1 0.09453125 0.1359375 0.01875 0.0484375
1 0.63046875 0.325 0.0234375 0.059375
1 0.665625 0.20703125 0.028125 0.065625
1 0.74453125 0.26484375 0.03125 0.06875
1 0.39140625 0.6359375 0.021875 0.0515625
1 0.2625 0.6484375 0.0296875 0.0625
1 0.11015625 0.6296875 0.0265625 0.040625
1 0.8421875 0.62109375 0.03125 0.0234375
1 0.9640625 0.6546875 0.040625 0.090625
1 0.78984375 0.71484375 0.0359375 0.0859375
1 0.78359375 0.73203125 0.0375 0.1015625