0 0.26796875 0.50625 0.0109375 0.0046875
1 0.31484375 0.07109375 0.065625 0.0140625
1 0.24921875 0.05703125 0.05625 0.0109375
1 0.24296875 0.10546875 0.05625 0.0140625
1 0.20703125 0.228125 0.053125 0.0109375
1 0.19375 0.2640625 0.046875 0.0109375
1 0.2546875 0.31328125 0.053125 0.0140625
1 0.2234375 0.33984375 0.040625 0.0140625
1 0.21015625 0.396875 0.046875 0.0109375
1 0.2125 0.40625 0.0375 0.0109375
1 0.2484375 0.4015625 0.05 0.0125
1 0.22421875 0.42578125 0.0453125 0.009375
1 0.3015625 0.45703125 0.05625 0.021875
1 0.2828125 0.5421875 0.0484375 0.0171875
1 0.2484375 0.509375 0.0453125 0.01875
1 0.25078125 0.5765625 0.0375 0.015625
1 0.2375 0.56171875 0.0390625 0.0140625
1 0.22890625 0.5484375 0.040625 0.0078125
1 0.22734375 0.54296875 0.0375 0.009375
1 0.21640625 0.546875 0.046875 0.0109375
1 0.52421875 0.37109375 0.05 0.0109375
1 0.5125 0.39140625 0.053125 0.0109375
0 0.53046875 0.396875 0.015625 0.00625
1 0.51796875 0.40234375 0.053125 0.0109375
1 0.4953125 0.3984375 0.0484375 0.0078125
1 0.515625 0.484375 0.0578125 0.0140625
1 0.5234375 0.50546875 0.0578125 0.0140625
1 0.56015625 0.53125 0.0640625 0.0109375
1 0.64296875 0.471875 0.0640625 0.0109375
1 0.6265625 0.36796875 0.0625 0.0140625
1 0.625 0.32890625 0.0625 0.0171875
1 0.70625 0.2890625 0.0578125 0.0265625
1 0.60078125 0.22265625 0.0640625 0.0171875
1 0.53671875 0.56953125 0.05 0.0171875
1 0.553125 0.57890625 0.05 0.009375
1 0.5671875 0.475 0.059375 0.0125
1 0.5390625 0.4703125 0.040625 0.0171875
1 0.56875 0.4625 0.04375 0.0140625
1 0.67421875 0.15859375 0.065625 0.0203125
1 0.4 0.975 0.06875 0.01875
1 0.3234375 0.9265625 0.059375 0.01875
1 0.29140625 0.75625 0.053125 0.0140625
1 0.20078125 0.83984375 0.046875 0.0140625
1 0.17109375 0.9 0.04375 0.0125
1 0.1625 0.99296875 0.046875 0.0140625
0 0.76796875 0.93515625 0.015625 0.0125
1 0.8328125 0.665625 0.059375 0.0203125
1 0.85234375 0.69453125 0.0625 0.015625
1 0.778125 0.709375 0.059375 0.015625
1 0.72265625 0.69375 0.0375 0.0109375
1 0.665625 0.78046875 0.0375 0.0109375
1 0.73125 0.76640625 0.040625 0.0109375
1 0.7171875 0.84375 0.040625 0.0171875
1 0.7671875 0.8109375 0.059375 0.0109375
1 0.82578125 0.81484375 0.046875 0.0140625
1 0.8015625 0.7765625 0.059375 0.0109375
1 0.9203125 0.834375 0.0703125 0.015625
1 0.7984375 0.946875 0.0546875 0.0140625
1 0.7640625 0.95390625 0.059375 0.0140625