0 0.17109375 0.4578125 0.00625 0.0109375
1 0.3640625 0.4546875 0.01875 0.0546875
1 0.340625 0.48828125 0.0171875 0.0421875
1 0.284375 0.50625 0.015625 0.0484375
1 0.275 0.50546875 0.0140625 0.0390625
1 0.27734375 0.46875 0.0171875 0.0515625
1 0.2546875 0.4953125 0.0125 0.0453125
1 0.2171875 0.42109375 0.0265625 0.0578125
1 0.134375 0.446875 0.021875 0.05
1 0.16953125 0.478125 0.021875 0.046875
1 0.10234375 0.48125 0.01875 0.0390625
1 0.11875 0.49375 0.0171875 0.040625
1 0.13203125 0.50078125 0.0109375 0.040625
1 0.1375 0.50234375 0.0125 0.0375
1 0.13515625 0.51328125 0.015625 0.0484375
0 0.83046875 0.32734375 0.0140625 0.0171875
1 0.99296875 0.41484375 0.0140625 0.0390625
1 0.99765625 0.34921875 0.0046875 0.0421875
1 0.9265625 0.36953125 0.0203125 0.0421875
1 0.9546875 0.3171875 0.0171875 0.059375
1 0.9453125 0.259375 0.01875 0.0484375
1 0.9859375 0.2796875 0.0171875 0.059375
1 0.91796875 0.1671875 0.0203125 0.071875
1 0.81640625 0.2984375 0.01875 0.05625
1 0.8125 0.3328125 0.0203125 0.0609375
1 0.7234375 0.28125 0.0234375 0.0703125
1 0.69765625 0.04296875 0.0234375 0.0859375
1 0.57421875 0.265625 0.01875 0.06875
1 0.6640625 0.35234375 0.01875 0.0578125
1 0.6625 0.4046875 0.0203125 0.0609375
1 0.38515625 0.9890625 0.0171875 0.021875
1 0.3453125 0.94765625 0.0140625 0.05
1 0.2453125 0.94140625 0.01875 0.0578125