0 0.51796875 0.0984375 0.009375 0.0078125
1 0.38515625 0.02890625 0.0515625 0.01875
1 0.5046875 0.06640625 0.0390625 0.0140625
1 0.528125 0.0734375 0.0328125 0.0125
1 0.4625 0.1171875 0.0453125 0.015625
1 0.48125 0.203125 0.0359375 0.0109375
1 0.48671875 0.215625 0.034375 0.0109375
1 0.428125 0.2171875 0.04375 0.0140625
1 0.4203125 0.234375 0.0484375 0.01875
1 0.4296875 0.303125 0.040625 0.0140625
1 0.43046875 0.31640625 0.0390625 0.015625
1 0.4625 0.33359375 0.0359375 0.0140625
1 0.35703125 0.39140625 0.05 0.015625
1 0.39609375 0.44609375 0.0421875 0.0171875
1 0.28828125 0.40234375 0.0546875 0.0203125
1 0.20546875 0.453125 0.0609375 0.0234375
1 0.3234375 0.50546875 0.05 0.0078125
1 0.70234375 0.28203125 0.0453125 0.0265625
1 0.7125 0.19453125 0.065625 0.0234375
1 0.73671875 0.09609375 0.0671875 0.0296875
1 0.8046875 0.10859375 0.0625 0.021875
1 0.85625 0.1171875 0.06875 0.025
1 0.86875 0.1265625 0.065625 0.025
1 0.90703125 0.1953125 0.05625 0.0234375
1 0.88046875 0.26328125 0.059375 0.0234375
1 0.784375 0.30625 0.0578125 0.0234375
1 0.84609375 0.340625 0.053125 0.0203125
1 0.82578125 0.44921875 0.065625 0.0234375
1 0.7765625 0.42265625 0.0640625 0.0265625
1 0.90625 0.3828125 0.0578125 0.0203125
1 0.97890625 0.2734375 0.0390625 0.0171875
1 0.95546875 0.16171875 0.0515625 0.0171875
1 0.2984375 0.58671875 0.0640625 0.0234375
1 0.39140625 0.6265625 0.0515625 0.01875
1 0.421875 0.715625 0.0421875 0.0171875
1 0.4140625 0.7671875 0.0421875 0.015625
1 0.45078125 0.7734375 0.0421875 0.0171875
1 0.28671875 0.7359375 0.0640625 0.0203125
1 0.2859375 0.70625 0.0578125 0.0234375
1 0.2046875 0.74609375 0.0703125 0.025
1 0.19453125 0.8078125 0.065625 0.0296875
1 0.2921875 0.82109375 0.0578125 0.0234375
1 0.2921875 0.85625 0.059375 0.0328125
1 0.196875 0.87734375 0.0640625 0.0234375
1 0.18984375 0.9140625 0.0546875 0.0265625
1 0.18125 0.93125 0.0546875 0.0265625
1 0.18828125 0.99765625 0.0578125 0.0046875
1 0.396875 0.97265625 0.0390625 0.0203125
0 0.15546875 0.934375 0.0234375 0.0125
0 0.884375 0.69921875 0.0171875 0.0109375
1 0.90234375 0.6875 0.08125 0.0390625
1 0.96875 0.52421875 0.0625 0.0296875