1 0.24375 0.06796875 0.0359375 0.009375
1 0.23515625 0.07890625 0.034375 0.009375
1 0.2921875 0.09453125 0.04375 0.0125
1 0.2953125 0.11328125 0.0484375 0.0171875
1 0.2703125 0.17734375 0.040625 0.0125
1 0.265625 0.190625 0.0390625 0.0140625
1 0.23046875 0.19921875 0.0359375 0.0125
1 0.31875 0.28046875 0.0484375 0.0140625
1 0.26796875 0.32421875 0.0421875 0.015625
1 0.36171875 0.3078125 0.0140625 0.01875
1 0.32265625 0.4046875 0.05 0.0171875
1 0.28515625 0.43046875 0.0453125 0.0171875
1 0.53203125 0.43671875 0.0640625 0.0046875
1 0.440625 0.3421875 0.0640625 0.0203125
1 0.3953125 0.303125 0.053125 0.01875
1 0.503125 0.33203125 0.0640625 0.021875
1 0.68046875 0.37421875 0.0703125 0.0265625
1 0.61484375 0.1875 0.0640625 0.0171875
1 0.57421875 0.16328125 0.0609375 0.0234375
1 0.44921875 0.1234375 0.0609375 0.021875
1 0.8796875 0.18359375 0.084375 0.0265625
1 0.79765625 0.13984375 0.071875 0.025
1 0.62109375 0.065625 0.0671875 0.021875
1 0.97421875 0.17890625 0.0515625 0.0203125
0 0.9515625 0.18125 0.01875 0.0140625
1 0.09609375 0.984375 0.0546875 0.01875
1 0.253125 0.87578125 0.0578125 0.01875
1 0.190625 0.83828125 0.0625 0.021875
1 0.1578125 0.8578125 0.0609375 0.0234375
1 0.11953125 0.82890625 0.0578125 0.0203125
1 0.06953125 0.83125 0.0546875 0.0203125
1 0.10625 0.71171875 0.0546875 0.01875
1 0.09765625 0.6640625 0.0546875 0.01875
1 0.3046875 0.58359375 0.0703125 0.0203125
1 0.303125 0.55078125 0.0578125 0.0203125
1 0.2640625 0.51796875 0.065625 0.01875
1 0.13125 0.54375 0.065625 0.021875
0 0.15859375 0.584375 0.0390625 0.01875
1 0.9546875 0.69296875 0.090625 0.0421875
1 0.728125 0.984375 0.0765625 0.0234375
1 0.58671875 0.8828125 0.0671875 0.025
1 0.56875 0.85390625 0.0640625 0.01875
1 0.51796875 0.83125 0.0546875 0.0203125
1 0.52109375 0.8046875 0.0546875 0.0234375
0 0.5328125 0.78984375 0.015625 0.0109375
1 0.61640625 0.7109375 0.0640625 0.025
1 0.73671875 0.65546875 0.0734375 0.0265625
1 0.6703125 0.68125 0.06875 0.021875
1 0.64140625 0.6046875 0.0765625 0.0234375
1 0.66015625 0.53359375 0.06875 0.025
1 0.68125 0.48671875 0.06875 0.025
1 0.7296875 0.5171875 0.0796875 0.0171875