0 0.3125 0.140625 0.009375 0.0078125
1 0.17578125 0.07890625 0.0515625 0.0171875
1 0.296875 0.11015625 0.0375 0.0125
1 0.32109375 0.115625 0.03125 0.0109375
1 0.2578125 0.1625 0.04375 0.0125
1 0.28125 0.246875 0.0359375 0.009375
1 0.2875 0.259375 0.034375 0.009375
1 0.22890625 0.26484375 0.04375 0.0109375
1 0.221875 0.28203125 0.0484375 0.0171875
1 0.234375 0.35 0.040625 0.0109375
1 0.23671875 0.36328125 0.0390625 0.0140625
1 0.26875 0.37578125 0.034375 0.0078125
1 0.8359375 0.30625 0.08125 0.025
1 0.96640625 0.3078125 0.0671875 0.01875
1 0.99140625 0.33671875 0.0171875 0.0265625
1 0.95859375 0.15703125 0.065625 0.0234375
1 0.93828125 0.0953125 0.0640625 0.0234375
1 0.89140625 0.07890625 0.0671875 0.01875
1 0.63671875 0.0953125 0.1015625 0.034375
0 0.94609375 0.15546875 0.025 0.0109375
1 0.31015625 0.38515625 0.0859375 0.0109375
1 0.31328125 0.41796875 0.0859375 0.0328125
1 0.3765625 0.43828125 0.0828125 0.0203125
1 0.38125 0.46328125 0.0734375 0.0234375
1 0.20859375 0.6515625 0.090625 0.0359375
1 0.19453125 0.7171875 0.090625 0.034375
1 0.34375 0.77265625 0.0875 0.028125
1 0.325 0.8 0.0765625 0.03125
1 0.39453125 0.83125 0.0484375 0.025
1 0.37890625 0.89296875 0.0796875 0.0421875
1 0.3234375 0.97734375 0.0703125 0.025
1 0.25390625 0.98359375 0.1078125 0.0328125
0 0.89453125 0.678125 0.0140625 0.0078125
1 0.7359375 0.95078125 0.0625 0.0203125
1 0.7609375 0.90546875 0.0625 0.0171875
1 0.77421875 0.85625 0.0515625 0.0171875
1 0.63359375 0.7796875 0.0703125 0.028125
1 0.83984375 0.878125 0.0453125 0.015625
1 0.871875 0.77890625 0.0453125 0.015625
1 0.86796875 0.671875 0.0390625 0.015625
1 0.89765625 0.65859375 0.0421875 0.015625
1 0.903125 0.63046875 0.034375 0.01875
1 0.88984375 0.61015625 0.05 0.0171875
1 0.8421875 0.59765625 0.046875 0.0140625
1 0.815625 0.6296875 0.0421875 0.0171875
1 0.746875 0.64765625 0.0578125 0.0234375
1 0.83359375 0.46328125 0.0546875 0.01875
1 0.85625 0.50703125 0.046875 0.015625
1 0.8390625 0.4515625 0.0546875 0.0171875
1 0.79296875 0.40703125 0.0609375 0.0171875
1 0.81171875 0.3984375 0.0546875 0.0171875