0 0.5375 0.2796875 0.00625 0.009375
1 0.546875 0.29453125 0.0125 0.0453125
1 0.49765625 0.19765625 0.015625 0.05625
1 0.4640625 0.2578125 0.0140625 0.0484375
1 0.44140625 0.21875 0.015625 0.046875
1 0.34921875 0.28515625 0.0125 0.04375
1 0.2859375 0.32265625 0.0109375 0.0375
1 0.24921875 0.23359375 0.0109375 0.040625
1 0.28984375 0.18203125 0.015625 0.05
1 0.309375 0.12890625 0.0203125 0.0609375
1 0.3390625 0.0640625 0.0203125 0.0703125
1 0.39609375 0.03359375 0.0171875 0.0671875
1 0.06796875 0.028125 0.0203125 0.05625
1 0.0828125 0.0671875 0.0171875 0.06875
1 0.04765625 0.1359375 0.015625 0.06875
1 0.06640625 0.2109375 0.015625 0.053125
1 0.08125 0.2296875 0.0125 0.0609375
1 0.17578125 0.26875 0.0125 0.040625
1 0.23046875 0.24765625 0.015625 0.05
1 0.95859375 0.3140625 0.0234375 0.0734375
1 0.928125 0.44296875 0.015625 0.05
1 0.88203125 0.4765625 0.015625 0.0625
1 0.8109375 0.52578125 0.0109375 0.03125
1 0.79140625 0.48359375 0.0125 0.04375
1 0.740625 0.5046875 0.0140625 0.0375
1 0.70078125 0.36640625 0.015625 0.05625
1 0.64765625 0.4546875 0.0125 0.04375
1 0.6515625 0.50390625 0.0125 0.0515625
1 0.61796875 0.503125 0.0125 0.0390625
1 0.58984375 0.5078125 0.0140625 0.040625
1 0.5609375 0.44921875 0.003125 0.0484375
1 0.565625 0.3875 0.0125 0.05625
1 0.56796875 0.3609375 0.0171875 0.053125
1 0.43515625 0.6375 0.0125 0.05625
1 0.5203125 0.6875 0.01875 0.0484375
1 0.47734375 0.7859375 0.0171875 0.0625
1 0.3390625 0.77265625 0.0125 0.05625
1 0.32734375 0.68203125 0.0171875 0.0578125
1 0.3234375 0.87890625 0.015625 0.0375
1 0.259375 0.875 0.015625 0.05
1 0.1953125 0.775 0.0140625 0.04375
1 0.140625 0.88359375 0.0125 0.040625
1 0.20546875 0.96171875 0.0125 0.046875
1 0.04375 0.94140625 0.009375 0.04375
1 0.00625 0.9421875 0.0125 0.040625
0 0.5359375 0.67109375 0.009375 0.01875
1 0.98828125 0.5859375 0.0171875 0.053125
1 0.74921875 0.5765625 0.0140625 0.034375
1 0.71015625 0.6265625 0.021875 0.0578125
1 0.7484375 0.671875 0.015625 0.0390625
1 0.7828125 0.7390625 0.015625 0.040625
1 0.60234375 0.6453125 0.0171875 0.053125
1 0.56484375 0.5859375 0.0109375 0.053125