0 0.22421875 0.209375 0.00625 0.009375
1 0.0859375 0.31015625 0.01875 0.071875
1 0.21328125 0.1953125 0.0109375 0.0453125
1 0.271875 0.2875 0.0140625 0.05625
1 0.29921875 0.2234375 0.0125 0.0484375
1 0.32578125 0.26015625 0.0140625 0.046875
1 0.4109375 0.184375 0.0109375 0.04375
1 0.46953125 0.140625 0.009375 0.0375
1 0.515625 0.225 0.009375 0.040625
1 0.48046875 0.28046875 0.0140625 0.05
1 0.4671875 0.3359375 0.0171875 0.059375
1 0.44453125 0.403125 0.01875 0.06875
1 0.3890625 0.421875 0.015625 0.034375
1 0.58515625 0.18203125 0.0109375 0.040625
1 0.5328125 0.209375 0.0140625 0.05
1 0.95390625 0.01796875 0.0171875 0.0359375
1 0.89453125 0.2015625 0.0171875 0.084375
1 0.803125 0.04765625 0.0171875 0.059375
1 0.75 0.01953125 0.0125 0.0390625
1 0.7390625 0.0828125 0.0140625 0.071875
1 0.5765625 0.6359375 0.0140625 0.05625
1 0.515625 0.496875 0.0171875 0.05
1 0.503125 0.465625 0.0171875 0.0484375
1 0.41640625 0.49765625 0.0140625 0.0640625
1 0.42265625 0.44375 0.0140625 0.009375
0 0.434375 0.44296875 0.009375 0.0078125
1 0.3609375 0.5890625 0.0140625 0.053125
1 0.3796875 0.740625 0.01875 0.0640625
1 0.2859375 0.7640625 0.0171875 0.0640625
1 0.2015625 0.51796875 0.0140625 0.053125
1 0.05703125 0.61484375 0.01875 0.059375
1 0.01796875 0.58359375 0.0171875 0.053125
1 0.9046875 0.5828125 0.0140625 0.0375
1 0.6859375 0.70390625 0.0109375 0.03125
1 0.62578125 0.59140625 0.0109375 0.034375
1 0.6703125 0.5515625 0.009375 0.03125
1 0.64296875 0.509375 0.0109375 0.028125