1 0.2375 0.04921875 0.09375 0.0203125
1 0.56171875 0.28671875 0.06875 0.021875
1 0.46875 0.21015625 0.065625 0.0203125
1 0.42109375 0.24609375 0.059375 0.0140625
1 0.59453125 0.09765625 0.075 0.01875
1 0.6125 0.0703125 0.05625 0.0171875
1 0.7484375 0.0921875 0.08125 0.0203125
0 0.1375 0.5234375 0.009375 0.0046875
0 0.19765625 0.52109375 0.0078125 0.003125
0 0.3359375 0.678125 0.0046875 0.00625
0 0.2140625 0.67734375 0.009375 0.003125
0 0.1203125 0.6796875 0.0078125 0.003125
0 0.11328125 0.83125 0.009375 0.0046875
0 0.16796875 0.859375 0.00625 0.0046875
0 0.2828125 0.903125 0.0078125 0.003125
0 0.3203125 0.93203125 0.00625 0.0046875
0 0.10234375 0.96640625 0.00625 0.003125
1 0.3140625 0.990625 0.053125 0.0171875
1 0.30703125 0.86171875 0.0625 0.0140625
1 0.24375 0.853125 0.053125 0.0171875
1 0.22734375 0.9 0.05625 0.0140625
1 0.17890625 0.82578125 0.04375 0.0109375
1 0.146875 0.94296875 0.0375 0.0125
1 0.1640625 0.73203125 0.0515625 0.0140625
1 0.10546875 0.690625 0.034375 0.0078125
1 0.0921875 0.68671875 0.0375 0.00625
1 0.15859375 0.6375 0.046875 0.0171875
1 0.125 0.559375 0.04375 0.0125
1 0.253125 0.71796875 0.053125 0.0140625
1 0.59765625 0.503125 0.065625 0.01875
1 0.4390625 0.6140625 0.05625 0.015625
1 0.57578125 0.63984375 0.0703125 0.0171875
1 0.8296875 0.6625 0.09375 0.0203125
1 0.66015625 0.871875 0.08125 0.0171875
1 0.65078125 0.9625 0.08125 0.0140625
1 0.4484375 0.9859375 0.0546875 0.0171875
1 0.4671875 0.91484375 0.0578125 0.0171875
1 0.55703125 0.8609375 0.05625 0.0171875
1 0.4921875 0.834375 0.0515625 0.0140625
1 0.4984375 0.72421875 0.0640625 0.015625
1 0.55078125 0.74453125 0.0625 0.0203125
1 0.42734375 0.8 0.05625 0.0140625
1 0.37734375 0.9171875 0.0171875 0.0125