1 0.1921875 0.01953125 0.01875 0.0390625
1 0.2515625 0.128125 0.0265625 0.0578125
1 0.32421875 0.12265625 0.028125 0.0609375
1 0.32109375 0.1796875 0.0234375 0.0578125
1 0.403125 0.03671875 0.0125 0.0546875
1 0.36953125 0.04453125 0.025 0.059375
1 0.41640625 0.23515625 0.0140625 0.0453125
1 0.56015625 0.15390625 0.0171875 0.046875
1 0.59375 0.15390625 0.021875 0.0484375
1 0.62734375 0.12578125 0.0234375 0.0453125
1 0.703125 0.1875 0.028125 0.0625
1 0.6921875 0.21328125 0.025 0.0546875
1 0.68828125 0.27578125 0.0203125 0.0515625
1 0.715625 0.29765625 0.0234375 0.0640625
1 0.75703125 0.34140625 0.025 0.065625
1 0.803125 0.24453125 0.021875 0.0640625
1 0.9546875 0.32109375 0.0296875 0.0671875
1 0.00546875 0.57734375 0.0109375 0.0671875
1 0.01953125 0.50546875 0.0234375 0.0515625
1 0.22578125 0.4921875 0.0234375 0.025
1 0.3765625 0.50390625 0.03125 0.0484375