0 0.47578125 0.2984375 0.0234375 0.015625
1 0.475 0.0453125 0.0578125 0.025
1 0.45234375 0.115625 0.0609375 0.025
1 0.4015625 0.09140625 0.0578125 0.021875
1 0.3828125 0.2 0.059375 0.025
1 0.4453125 0.22109375 0.0578125 0.025
1 0.3296875 0.22109375 0.0546875 0.025
1 0.34296875 0.25546875 0.0765625 0.028125
1 0.3546875 0.2890625 0.059375 0.025
1 0.328125 0.29609375 0.0671875 0.021875
1 0.27578125 0.28515625 0.0765625 0.03125
1 0.24609375 0.29140625 0.0796875 0.0328125
1 0.246875 0.31640625 0.090625 0.0375
1 0.21640625 0.42578125 0.0984375 0.0328125
1 0.2953125 0.50078125 0.0828125 0.03125
1 0.4390625 0.52578125 0.059375 0.021875
1 0.39609375 0.6234375 0.0609375 0.0265625
1 0.42578125 0.3515625 0.0609375 0.0203125
1 0.5484375 0.2953125 0.0484375 0.0203125
1 0.50078125 0.22421875 0.0546875 0.01875
1 0.50859375 0.1859375 0.059375 0.021875
1 0.60703125 0.47890625 0.0546875 0.0296875
1 0.721875 0.40390625 0.0734375 0.03125
1 0.72890625 0.37734375 0.0625 0.0234375
1 0.75859375 0.36171875 0.0640625 0.0375
1 0.79296875 0.33515625 0.0671875 0.0234375
1 0.83046875 0.3703125 0.0515625 0.0234375
1 0.8328125 0.38671875 0.053125 0.0265625
1 0.8234375 0.48671875 0.065625 0.0296875
1 0.778125 0.43046875 0.0578125 0.0203125
1 0.76640625 0.43828125 0.0578125 0.021875
1 0.86875 0.34921875 0.0546875 0.01875
1 0.865625 0.346875 0.05 0.0171875
1 0.8875 0.08046875 0.0625 0.0203125
1 0.81875 0.08984375 0.065625 0.0234375
1 0.79453125 0.1671875 0.0625 0.0265625
1 0.7625 0.26953125 0.059375 0.028125
1 0.73359375 0.0984375 0.0640625 0.0328125
1 0.83203125 0.00625 0.0703125 0.0125
0 0.83984375 0.4203125 0.0234375 0.0125
1 0.34296875 0.6421875 0.0390625 0.00625
1 0.353125 0.80703125 0.025 0.0109375
1 0.48515625 0.84609375 0.0265625 0.015625
1 0.48125 0.9265625 0.034375 0.015625
1 0.37265625 0.91953125 0.0296875 0.0171875
1 0.3125 0.91875 0.0359375 0.015625
0 0.33046875 0.91015625 0.0109375 0.0078125
0 0.3375 0.86328125 0.0171875 0.009375
1 0.63046875 0.9359375 0.046875 0.0171875
1 0.79296875 0.88359375 0.0328125 0.0125
1 0.72265625 0.83515625 0.0421875 0.015625
1 0.603125 0.82265625 0.046875 0.0171875
1 0.60234375 0.8015625 0.0453125 0.01875
1 0.6265625 0.7578125 0.0484375 0.0171875
1 0.640625 0.69765625 0.0453125 0.0171875
1 0.71484375 0.675 0.0421875 0.015625
1 0.74765625 0.659375 0.04375 0.0171875