0 0.340625 0.10703125 0.0140625 0.021875
1 0.05390625 0.17109375 0.0125 0.046875
1 0.09453125 0.05 0.01875 0.05625
1 0.1671875 0.04375 0.01875 0.059375
1 0.1546875 0.0078125 0.015625 0.015625
1 0.265625 0.01171875 0.01875 0.0234375
1 0.271875 0.06015625 0.01875 0.05625
1 0.3578125 0.0078125 0.01875 0.015625
1 0.578125 0.00859375 0.021875 0.0171875
1 0.57109375 0.12265625 0.015625 0.0578125
1 0.40390625 0.0703125 0.0140625 0.059375
1 0.321875 0.17734375 0.015625 0.046875
1 0.26328125 0.11484375 0.0125 0.053125
1 0.22421875 0.1140625 0.015625 0.0578125
1 0.9390625 0.3703125 0.0171875 0.05625
1 0.9125 0.3359375 0.0203125 0.0609375
1 0.80625 0.44296875 0.015625 0.046875
1 0.76328125 0.4171875 0.01875 0.053125
1 0.70859375 0.428125 0.015625 0.0484375
1 0.640625 0.41875 0.0125 0.05
1 0.6125 0.37890625 0.00625 0.0484375
1 0.640625 0.18125 0.025 0.0734375
1 0.61484375 0.159375 0.0109375 0.0625
1 0.659375 0.4546875 0.0125 0.028125
0 0.48984375 0.7328125 0.00625 0.0125
1 0.503125 0.75234375 0.015625 0.05625
1 0.0859375 0.70703125 0.015625 0.059375
1 0.109375 0.70390625 0.0171875 0.05625
1 0.2625 0.63984375 0.0171875 0.0625
1 0.29140625 0.5109375 0.0234375 0.084375
1 0.346875 0.759375 0.0140625 0.053125
1 0.38046875 0.79609375 0.015625 0.046875
1 0.328125 0.7875 0.0125 0.046875
1 0.33515625 0.83046875 0.0125 0.0375
1 0.46875 0.82578125 0.0125 0.040625
1 0.1828125 0.828125 0.0109375 0.040625
1 0.12890625 0.7703125 0.0078125 0.04375
1 0.1296875 0.8109375 0.0109375 0.04375
1 0.85234375 0.95234375 0.01875 0.059375
1 0.9578125 0.98515625 0.015625 0.0296875