1 0.28203125 0.21328125 0.040625 0.0125
1 0.20234375 0.0921875 0.0515625 0.0171875
1 0.203125 0.21015625 0.05 0.0171875
1 0.2296875 0.24453125 0.04375 0.0078125
1 0.259375 0.24921875 0.0375 0.009375
1 0.25859375 0.22890625 0.0375 0.0171875
1 0.24375 0.3328125 0.040625 0.0140625
1 0.2109375 0.3 0.05 0.0140625
1 0.28828125 0.3296875 0.0359375 0.009375
1 0.2921875 0.3375 0.040625 0.0109375
1 0.2703125 0.44296875 0.040625 0.0109375
1 0.1734375 0.40703125 0.05625 0.0125
1 0.128125 0.37109375 0.059375 0.015625
1 0.19921875 0.47109375 0.046875 0.0125
1 0.8078125 0.315625 0.053125 0.0171875
1 0.70390625 0.175 0.0625 0.015625
1 0.79609375 0.15546875 0.0578125 0.021875
1 0.83359375 0.17578125 0.04375 0.0109375
1 0.88515625 0.20390625 0.059375 0.015625
1 0.9015625 0.16796875 0.040625 0.0109375
1 0.92578125 0.12109375 0.0390625 0.0109375
1 0.89921875 0.0875 0.040625 0.0109375
1 0.91171875 0.0671875 0.040625 0.0109375
0 0.94609375 0.12265625 0.01875 0.0109375
0 0.41640625 0.96328125 0.0125 0.00625
1 0.50625 0.6125 0.0375 0.0125
1 0.43046875 0.9703125 0.03125 0.015625
1 0.4109375 0.67890625 0.046875 0.0140625
1 0.31875 0.73203125 0.05 0.009375
1 0.40703125 0.71015625 0.04375 0.0140625
1 0.54296875 0.63984375 0.0328125 0.0078125
1 0.42734375 0.8015625 0.053125 0.0109375
1 0.49453125 0.865625 0.040625 0.0109375
1 0.184375 0.90546875 0.0625 0.01875
1 0.98671875 0.97890625 0.0265625 0.0078125
1 0.8890625 0.99609375 0.046875 0.0078125
1 0.89765625 0.984375 0.04375 0.0109375
1 0.81640625 0.96171875 0.0546875 0.01875
1 0.89140625 0.9328125 0.034375 0.0109375
1 0.92578125 0.92109375 0.0375 0.0078125
1 0.92578125 0.9140625 0.040625 0.0109375
1 0.92265625 0.89296875 0.0375 0.009375
1 0.95390625 0.88125 0.034375 0.0078125
0 0.91640625 0.9140625 0.00625 0.003125