1 0.446875 0.06953125 0.040625 0.0125
1 0.36796875 0.06796875 0.05 0.015625
1 0.39453125 0.1015625 0.04375 0.0078125
1 0.425 0.10546875 0.0375 0.009375
1 0.4234375 0.0859375 0.0375 0.0171875
1 0.41015625 0.18984375 0.040625 0.0140625
1 0.37734375 0.1578125 0.05 0.0125
1 0.45546875 0.1859375 0.0359375 0.009375
1 0.459375 0.19375 0.040625 0.0109375
1 0.43984375 0.29921875 0.040625 0.0109375
1 0.34140625 0.265625 0.05625 0.0109375
1 0.29609375 0.23046875 0.059375 0.0140625
1 0.36875 0.32890625 0.046875 0.0109375
1 0.66015625 0.215625 0.0203125 0.01875
1 0.6609375 0.3375 0.021875 0.01875
1 0.73046875 0.3125 0.071875 0.015625
1 0.72890625 0.37265625 0.053125 0.0140625
1 0.6625 0.52578125 0.025 0.0171875
1 0.678125 0.503125 0.05625 0.01875
1 0.71640625 0.5296875 0.05625 0.015625
1 0.76640625 0.5234375 0.053125 0.0171875
0 0.1890625 0.9375 0.01875 0.009375
1 0.171875 0.91875 0.053125 0.0109375
1 0.26171875 0.884375 0.04375 0.0140625
1 0.259375 0.73359375 0.0484375 0.0140625
1 0.334375 0.7203125 0.0375 0.0109375
1 0.35625 0.7640625 0.04375 0.0109375
1 0.3734375 0.68046875 0.0375 0.0140625
1 0.36640625 0.7046875 0.0375 0.0109375
1 0.27890625 0.64921875 0.046875 0.0109375
1 0.3859375 0.61640625 0.0375 0.0109375
1 0.38359375 0.6046875 0.03125 0.0109375
1 0.32421875 0.56484375 0.053125 0.0078125
1 0.1953125 0.54765625 0.046875 0.0140625
1 0.98515625 0.8671875 0.0296875 0.01875
1 0.9921875 0.7296875 0.015625 0.015625
1 0.98203125 0.67421875 0.0359375 0.0234375
1 0.71640625 0.81171875 0.08125 0.025