1 0.29609375 0.1234375 0.015625 0.0421875
1 0.3046875 0.0453125 0.0203125 0.0515625
1 0.26875 0.06875 0.0109375 0.04375
1 0.2625 0.0984375 0.0125 0.0375
1 0.28203125 0.0984375 0.0203125 0.0390625
1 0.1796875 0.0765625 0.0171875 0.0421875
1 0.2140625 0.04609375 0.0171875 0.0515625
1 0.1796875 0.121875 0.0125 0.0359375
1 0.171875 0.12578125 0.0140625 0.0421875
1 0.06796875 0.09609375 0.0140625 0.0421875
1 0.109375 0.01484375 0.015625 0.0296875
1 0.04375 0.0234375 0.015625 0.046875
1 0.34921875 0.015625 0.0203125 0.03125
1 0.39296875 0.04609375 0.028125 0.0765625
1 0.4640625 0.07578125 0.0234375 0.0671875
1 0.47578125 0.09921875 0.015625 0.053125
1 0.540625 0.11796875 0.021875 0.0609375
1 0.6125 0.1515625 0.025 0.059375
1 0.65390625 0.05625 0.0234375 0.06875
1 0.521875 0.009375 0.025 0.01875
1 0.77265625 0.01953125 0.0265625 0.0390625
1 0.79453125 0.13046875 0.0265625 0.0671875
1 0.76484375 0.1609375 0.021875 0.0546875
1 0.009375 0.83828125 0.01875 0.0578125
1 0.0640625 0.78984375 0.01875 0.0578125
1 0.1875 0.7359375 0.01875 0.0671875
1 0.17890625 0.7109375 0.0203125 0.0625
1 0.16484375 0.7171875 0.0234375 0.0609375
1 0.16171875 0.60625 0.028125 0.0765625
1 0.08359375 0.5953125 0.028125 0.0734375
1 0.23671875 0.69765625 0.0203125 0.0703125
1 0.24921875 0.61640625 0.021875 0.0734375
1 0.278125 0.65546875 0.021875 0.0734375
1 0.29140625 0.71328125 0.0203125 0.0703125
0 0.38515625 0.96484375 0.00625 0.0125
0 0.775 0.790625 0.0078125 0.009375
0 0.85546875 0.86328125 0.0078125 0.009375
0 0.68828125 0.88046875 0.0078125 0.0125
0 0.665625 0.7375 0.0078125 0.009375
0 0.54140625 0.7640625 0.00625 0.00625
0 0.4875 0.88515625 0.00625 0.0109375
0 0.55078125 0.98515625 0.0078125 0.009375
1 0.78984375 0.9890625 0.0203125 0.021875
1 0.7 0.990625 0.01875 0.01875
1 0.3453125 0.77109375 0.0125 0.0515625
1 0.41015625 0.746875 0.0203125 0.0625
1 0.58359375 0.96015625 0.0171875 0.0484375