1 0.5703125 0.3421875 0.0109375 0.078125
1 0.45234375 0.3421875 0.0125 0.065625
1 0.36484375 0.325 0.0203125 0.075
1 0.20078125 0.25859375 0.0234375 0.06875
1 0.2125 0.3234375 0.0171875 0.06875
1 0.19765625 0.31171875 0.0140625 0.08125
1 0.17109375 0.353125 0.0171875 0.06875
1 0.121875 0.340625 0.01875 0.071875
1 0.18359375 0.384375 0.0140625 0.0671875
1 0.18203125 0.371875 0.0171875 0.0625
1 0.240625 0.38984375 0.0171875 0.0625
1 0.25 0.34921875 0.0140625 0.065625
1 0.2484375 0.353125 0.0140625 0.071875
1 0.2640625 0.34765625 0.0140625 0.06875
1 0.27734375 0.35390625 0.0125 0.0671875
1 0.271875 0.3890625 0.015625 0.065625
1 0.04453125 0.39296875 0.0296875 0.05625
1 0.08984375 0.91953125 0.01875 0.0640625
1 0.33515625 0.84296875 0.0171875 0.075
1 0.2203125 0.8390625 0.0234375 0.071875
1 0.17734375 0.6640625 0.0265625 0.06875
1 0.15 0.69140625 0.0171875 0.08125
1 0.44921875 0.69140625 0.01875 0.084375
1 0.553125 0.62734375 0.0171875 0.0921875
1 0.7078125 0.80703125 0.0296875 0.06875
1 0.58984375 0.821875 0.0171875 0.05625
1 0.6234375 0.87578125 0.01875 0.0640625
1 0.678125 0.87890625 0.0171875 0.059375
1 0.67421875 0.8296875 0.0203125 0.0609375
1 0.6171875 0.93984375 0.0140625 0.0625
1 0.49453125 0.9125 0.01875 0.05625
1 0.3453125 0.96875 0.0171875 0.05625
1 0.44453125 0.88046875 0.0203125 0.05625
0 0.33828125 0.665625 0.0125 0.040625
1 0.86015625 0.615625 0.0140625 0.078125
1 0.8078125 0.6984375 0.0140625 0.078125
1 0.82890625 0.73203125 0.0171875 0.065625
1 0.9171875 0.796875 0.0171875 0.046875