1 0.559375 0.2796875 0.01875 0.090625
1 0.30703125 0.3671875 0.015625 0.078125
1 0.18984375 0.37578125 0.0171875 0.065625
1 0.10078125 0.3640625 0.025 0.0765625
1 0.00546875 0.39453125 0.0109375 0.0703125
1 0.01484375 0.39921875 0.0171875 0.0671875
1 0.0125 0.43515625 0.0203125 0.0671875
1 0.8203125 0.16015625 0.021875 0.0484375
1 0.8234375 0.11953125 0.0171875 0.0546875
1 0.97578125 0.425 0.0109375 0.0390625
1 0.97109375 0.49375 0.0171875 0.0484375
1 0.85859375 0.54140625 0.015625 0.0421875
1 0.9390625 0.44453125 0.0140625 0.046875
1 0.8734375 0.45234375 0.0171875 0.0453125
1 0.8375 0.434375 0.015625 0.05
1 0.77421875 0.45078125 0.0171875 0.053125
1 0.78828125 0.503125 0.01875 0.0421875
1 0.85 0.33828125 0.0234375 0.0546875
1 0.775 0.359375 0.015625 0.05625
1 0.76796875 0.3375 0.0125 0.0390625
1 0.671875 0.37734375 0.0171875 0.053125
1 0.6578125 0.2171875 0.0203125 0.0546875
1 0.59140625 0.19375 0.021875 0.0671875
0 0.73125 0.1109375 0.0109375 0.0125
1 0.109375 0.8046875 0.0171875 0.0578125
1 0.32578125 0.9375 0.015625 0.0625
1 0.28984375 0.9296875 0.015625 0.0609375
1 0.2171875 0.91328125 0.0171875 0.059375
1 0.19296875 0.94765625 0.0171875 0.0578125
1 0.0625 0.915625 0.0140625 0.0625
1 0.11328125 0.9546875 0.0125 0.0640625
1 0.10234375 0.95390625 0.0171875 0.0484375
1 0.096875 0.9546875 0.0171875 0.059375
1 0.12421875 0.9921875 0.0140625 0.015625
1 0.13828125 0.99140625 0.0171875 0.0171875
1 0.23203125 0.98984375 0.0171875 0.0203125
0 0.1125 0.98359375 0.009375 0.0140625
1 0.77734375 0.84921875 0.0109375 0.0390625
1 0.94453125 0.85 0.009375 0.04375
0 0.93515625 0.83515625 0.0078125 0.021875