1 0.025 0.13125 0.05 0.03125
1 0.0234375 0.14765625 0.046875 0.0296875
1 0.05234375 0.165625 0.0703125 0.03125
1 0.05 0.215625 0.0734375 0.0328125
1 0.0796875 0.146875 0.06875 0.0265625
1 0.06796875 0.15078125 0.0640625 0.0296875
1 0.07421875 0.0890625 0.0640625 0.0296875
1 0.0328125 0.08828125 0.065625 0.0265625
1 0.03671875 0.08984375 0.0734375 0.028125
1 0.03125 0.075 0.0625 0.028125
1 0.03203125 0.0609375 0.0640625 0.025
1 0.06640625 0.059375 0.0671875 0.028125
1 0.1171875 0.28046875 0.0609375 0.040625
0 0.88046875 0.075 0.0171875 0.009375
1 0.77890625 0.3921875 0.0765625 0.015625
1 0.6 0.23515625 0.0765625 0.034375
1 0.65078125 0.128125 0.0703125 0.03125
1 0.634375 0.08046875 0.06875 0.0375
1 0.778125 0.1515625 0.0625 0.0296875
1 0.778125 0.19609375 0.0765625 0.0328125
1 0.8546875 0.08359375 0.0546875 0.0234375
1 0.77421875 0.0421875 0.0484375 0.0234375
1 0.7859375 0.03984375 0.0484375 0.025
1 0.7515625 0.0140625 0.0546875 0.0265625
0 0.25078125 0.93359375 0.0109375 0.0078125
1 0.2671875 0.940625 0.046875 0.01875
1 0.16328125 0.90703125 0.0578125 0.025
1 0.2171875 0.8640625 0.05 0.021875
1 0.175 0.8484375 0.0484375 0.0234375
1 0.2265625 0.746875 0.0453125 0.01875
1 0.25390625 0.67890625 0.0390625 0.015625
1 0.16015625 0.65625 0.040625 0.0171875
1 0.115625 0.70390625 0.0515625 0.0234375
1 0.065625 0.73203125 0.0609375 0.028125
1 0.0203125 0.7703125 0.040625 0.03125
1 0.01015625 0.83359375 0.0203125 0.0296875
1 0.0328125 0.47265625 0.065625 0.0265625
1 0.109375 0.47890625 0.0546875 0.0234375
1 0.13046875 0.490625 0.0609375 0.021875
1 0.18359375 0.578125 0.0421875 0.01875
1 0.17109375 0.63515625 0.0515625 0.0234375
0 0.58125 0.89140625 0.0140625 0.0078125
0 0.52734375 0.7546875 0.0171875 0.0125
0 0.52109375 0.65390625 0.0171875 0.0109375
0 0.5078125 0.596875 0.0171875 0.009375
0 0.5265625 0.5078125 0.01875 0.009375
0 0.69921875 0.41015625 0.0171875 0.0109375
0 0.74609375 0.47578125 0.0171875 0.009375
0 0.82421875 0.6578125 0.0140625 0.00625
0 0.69609375 0.70078125 0.015625 0.0125
0 0.7171875 0.79375 0.0140625 0.0125
0 0.79375 0.8640625 0.01875 0.0125
0 0.72890625 0.95625 0.0140625 0.009375
0 0.89140625 0.97109375 0.015625 0.009375
0 0.88359375 0.7671875 0.0125 0.0078125
1 0.80234375 0.5265625 0.0546875 0.0234375
1 0.6484375 0.4578125 0.0703125 0.03125
1 0.67734375 0.55546875 0.0578125 0.025
1 0.6984375 0.62421875 0.0578125 0.025
1 0.7453125 0.6015625 0.0578125 0.025
1 0.909375 0.7015625 0.0359375 0.0171875
1 0.90703125 0.8125 0.0484375 0.0203125
1 0.87265625 0.79765625 0.0515625 0.0203125
1 0.840625 0.80234375 0.0484375 0.0203125
1 0.66875 0.853125 0.0953125 0.0390625
1 0.60546875 0.81640625 0.075 0.034375
1 0.89296875 0.89296875 0.0421875 0.01875
1 0.83359375 0.88671875 0.0578125 0.0265625
1 0.78828125 0.90390625 0.0546875 0.0265625
0 0.6515625 0.565625 0.0171875 0.009375
1 0.83203125 0.92890625 0.0625 0.025