1 0.63828125 0.0625 0.0265625 0.0796875
1 0.296875 0.46484375 0.021875 0.0671875
1 0.27578125 0.71640625 0.028125 0.0734375
1 0.13046875 0.528125 0.0171875 0.0515625
1 0.08984375 0.403125 0.0203125 0.046875
1 0.0046875 0.46796875 0.009375 0.0546875
1 0.03515625 0.46015625 0.015625 0.05625
1 0.4546875 0.5375 0.0171875 0.05
1 0.49296875 0.690625 0.0203125 0.0453125
1 0.61796875 0.61484375 0.0171875 0.0453125
1 0.7953125 0.4265625 0.0109375 0.040625
1 0.7078125 0.46875 0.0140625 0.04375
1 0.7203125 0.50625 0.0171875 0.0453125
1 0.72578125 0.56953125 0.015625 0.0421875
1 0.7609375 0.6875 0.0171875 0.0515625
1 0.80546875 0.69140625 0.0171875 0.0453125
1 0.9140625 0.80703125 0.021875 0.0578125
1 0.91953125 0.70625 0.01875 0.05625
1 0.93515625 0.675 0.01875 0.0453125
1 0.9265625 0.53203125 0.015625 0.05
1 0.8609375 0.48359375 0.015625 0.0390625
1 0.85703125 0.4625 0.015625 0.0453125
1 0.896875 0.44296875 0.0140625 0.04375
1 0.5265625 0.4328125 0.0125 0.0375