1 0.5484375 0.06953125 0.03125 0.08125
1 0.95703125 0.07734375 0.040625 0.078125
1 0.81484375 0.03125 0.0328125 0.0625
1 0.64609375 0.13046875 0.0328125 0.0890625
1 0.11953125 0.6671875 0.025 0.0578125
1 0.0984375 0.871875 0.0375 0.06875
1 0.13515625 0.87421875 0.040625 0.0734375
1 0.365625 0.97890625 0.034375 0.0421875
1 0.48125 0.87265625 0.021875 0.053125
1 0.5328125 0.678125 0.028125 0.0546875
1 0.50703125 0.703125 0.021875 0.05
1 0.51171875 0.740625 0.021875 0.05625
1 0.56328125 0.82265625 0.0296875 0.0609375
1 0.5046875 0.86953125 0.028125 0.0578125
1 0.56640625 0.93515625 0.0296875 0.0625
1 0.6078125 0.97890625 0.028125 0.0421875
1 0.2875 0.7171875 0.0265625 0.0640625
1 0.43046875 0.6921875 0.025 0.0515625
1 0.453125 0.6609375 0.0234375 0.0484375
1 0.71484375 0.62734375 0.0265625 0.0640625
1 0.7609375 0.75859375 0.0328125 0.0734375
1 0.7984375 0.77421875 0.03125 0.0671875
1 0.95078125 0.53125 0.028125 0.0546875
1 0.87421875 0.65859375 0.028125 0.0578125
1 0.9703125 0.953125 0.0375 0.0828125
1 0.909375 0.91171875 0.0328125 0.0796875
1 0.90234375 0.8640625 0.0390625 0.0859375