0 0.3203125 0.209375 0.01875 0.0078125
1 0.33828125 0.290625 0.0421875 0.0125
1 0.30234375 0.2 0.065625 0.0171875
1 0.2546875 0.3140625 0.05625 0.015625
1 0.190625 0.2921875 0.059375 0.0140625
1 0.2078125 0.4015625 0.059375 0.0140625
1 0.2390625 0.4171875 0.034375 0.015625
1 0.15078125 0.39921875 0.040625 0.0140625
1 0.23359375 0.50234375 0.053125 0.0109375
1 0.24765625 0.5390625 0.071875 0.01875
1 0.1921875 0.55390625 0.046875 0.0171875
0 0.71328125 0.54765625 0.015625 0.00625
0 0.79140625 0.47265625 0.0125 0.0046875
0 0.78125 0.36640625 0.009375 0.00625
0 0.596875 0.47578125 0.015625 0.0046875
0 0.44609375 0.54375 0.0140625 0.00625
0 0.378125 0.4703125 0.0125 0.0046875
0 0.42734375 0.38046875 0.0125 0.0046875
0 0.5046875 0.21171875 0.0109375 0.0078125
0 0.53984375 0.14453125 0.015625 0.0078125
0 0.6203125 0.17890625 0.0109375 0.009375
0 0.70546875 0.1921875 0.01875 0.0078125
0 0.7015625 0.2890625 0.0109375 0.003125
0 0.6796875 0.0765625 0.0109375 0.003125
1 0.5875 0.34921875 0.053125 0.0109375
1 0.63203125 0.4328125 0.053125 0.0125
1 0.4765625 0.39609375 0.04375 0.0109375
1 0.43828125 0.30859375 0.046875 0.0078125
1 0.85859375 0.21640625 0.06875 0.0125
1 0.7421875 0.234375 0.053125 0.0140625
1 0.63515625 0.28671875 0.046875 0.0109375
1 0.59140625 0.28515625 0.05 0.0109375
1 0.696875 0.35234375 0.053125 0.015625
1 0.66953125 0.5015625 0.040625 0.0171875
1 0.521875 0.3734375 0.05 0.0109375
1 0.48984375 0.2875 0.04375 0.0109375
1 0.3671875 0.56484375 0.015625 0.0078125
1 0.5453125 0.4390625 0.05 0.0125
1 0.5203125 0.5046875 0.04375 0.0140625
1 0.025 0.98828125 0.05 0.0234375
1 0.66875 0.625 0.034375 0.0125
1 0.7125 0.7671875 0.046875 0.0109375
1 0.63671875 0.78359375 0.03125 0.0109375
1 0.59375 0.76796875 0.0375 0.0078125
1 0.584375 0.72109375 0.0296875 0.0078125
1 0.56640625 0.72109375 0.034375 0.0078125
1 0.5484375 0.7046875 0.025 0.0078125
1 0.50625 0.68359375 0.028125 0.0078125
1 0.55390625 0.63125 0.03125 0.009375
1 0.584375 0.609375 0.0328125 0.0078125
1 0.53515625 0.75859375 0.034375 0.0078125
1 0.521875 0.78203125 0.0234375 0.0078125
1 0.55078125 0.815625 0.03125 0.0109375
1 0.58046875 0.8375 0.028125 0.0078125
1 0.56953125 0.8640625 0.028125 0.0109375
1 0.559375 0.959375 0.034375 0.0109375
1 0.51328125 0.909375 0.0328125 0.0078125
1 0.48984375 0.8421875 0.025 0.009375
0 0.5828125 0.87265625 0.0125 0.00625