1 0.42890625 0.0296875 0.0640625 0.059375
1 0.49609375 0.3578125 0.03125 0.078125
1 0.52109375 0.4453125 0.0171875 0.06875
1 0.5 0.46171875 0.03125 0.0359375
1 0.309375 0.46015625 0.028125 0.0390625
1 0.28671875 0.43046875 0.028125 0.0609375
1 0.26796875 0.46640625 0.0296875 0.0265625
1 0.184375 0.46796875 0.028125 0.0234375
1 0.2375 0.31484375 0.0375 0.0828125
1 0.19921875 0.24921875 0.0375 0.0828125
1 0.0109375 0.34140625 0.021875 0.0609375
1 0.940625 0.38671875 0.0296875 0.0671875
1 0.9921875 0.43828125 0.015625 0.0640625
1 0.88203125 0.2015625 0.0390625 0.0859375
1 0.86875 0.44453125 0.03125 0.059375
1 0.80390625 0.40234375 0.0265625 0.0640625
1 0.67734375 0.38984375 0.0296875 0.0640625
0 0.81640625 0.371875 0.0140625 0.0140625
1 0.496875 0.59375 0.0453125 0.0765625
1 0.453125 0.6984375 0.025 0.0578125
1 0.4109375 0.6765625 0.025 0.0515625
1 0.1609375 0.5953125 0.0328125 0.065625
1 0.07890625 0.6234375 0.03125 0.0671875
1 0.11015625 0.7484375 0.0265625 0.05
1 0.19140625 0.7609375 0.0265625 0.05
1 0.2390625 0.72734375 0.0296875 0.059375
1 0.26796875 0.71015625 0.0296875 0.0609375
1 0.31328125 0.81796875 0.021875 0.0390625
1 0.34375 0.88359375 0.0203125 0.0390625
1 0.33984375 0.81015625 0.021875 0.053125
0 0.1046875 0.56171875 0.021875 0.025
1 0.459375 0.81015625 0.025 0.0546875
0 0.65859375 0.8203125 0.00625 0.0109375
1 0.5421875 0.73046875 0.025 0.0609375
1 0.5703125 0.71328125 0.028125 0.0578125
1 0.59609375 0.66796875 0.028125 0.0703125
1 0.59140625 0.74375 0.028125 0.0703125
1 0.70625 0.659375 0.0359375 0.078125
1 0.6765625 0.765625 0.0265625 0.0578125
1 0.71796875 0.728125 0.0265625 0.0609375
1 0.7671875 0.80390625 0.025 0.0546875
1 0.78203125 0.7921875 0.025 0.0546875
1 0.82734375 0.78203125 0.0265625 0.0625
1 0.93828125 0.74921875 0.034375 0.078125
1 0.934375 0.68203125 0.034375 0.0796875
1 0.89296875 0.64921875 0.0375 0.0953125