1 0.23828125 0.33125 0.0796875 0.0265625
1 0.309375 0.3984375 0.0796875 0.0265625
1 0.34609375 0.384375 0.0671875 0.0265625
1 0.41015625 0.30859375 0.0171875 0.0234375
1 0.403125 0.20625 0.03125 0.025
1 0.3890625 0.16796875 0.059375 0.0234375
1 0.303125 0.0765625 0.0828125 0.0328125
1 0.25859375 0.015625 0.0828125 0.03125
1 0.98671875 0.30703125 0.0265625 0.0140625
1 0.75234375 0.3953125 0.0828125 0.03125
1 0.40234375 0.66796875 0.0328125 0.0203125
1 0.290625 0.74140625 0.0578125 0.025
1 0.31640625 0.840625 0.0578125 0.0203125
1 0.30859375 0.92265625 0.0546875 0.01875
1 0.31640625 0.93984375 0.0453125 0.01875
1 0.9125 0.45390625 0.0640625 0.0234375
1 0.71171875 0.70390625 0.0734375 0.028125
1 0.6890625 0.7046875 0.0734375 0.028125
1 0.71640625 0.728125 0.0703125 0.028125
1 0.70703125 0.7296875 0.0765625 0.028125
1 0.721875 0.746875 0.06875 0.0234375
1 0.75234375 0.7671875 0.0765625 0.028125
1 0.728125 0.7828125 0.06875 0.021875
1 0.73828125 0.7984375 0.06875 0.021875
1 0.765625 0.81171875 0.0671875 0.0234375
1 0.78828125 0.80234375 0.0703125 0.025
1 0.8109375 0.8359375 0.0625 0.0203125
1 0.83671875 0.84765625 0.0578125 0.01875
1 0.78203125 0.85 0.0734375 0.0265625
1 0.6921875 0.81328125 0.075 0.0234375
1 0.80859375 0.91953125 0.0625 0.021875