0 0.3453125 0.17421875 0.0109375 0.021875
1 0.00390625 0.03671875 0.0078125 0.0640625
1 0.08125 0.00625 0.01875 0.0125
1 0.08125 0.025 0.01875 0.05
1 0.059375 0.19921875 0.025 0.0828125
1 0.1078125 0.25625 0.025 0.0828125
1 0.2796875 0.13203125 0.0171875 0.059375
1 0.2984375 0.08828125 0.0203125 0.0671875
1 0.36015625 0.021875 0.0203125 0.04375
1 0.3515625 0.14375 0.0234375 0.0671875
1 0.74296875 0.5078125 0.015625 0.0484375
1 0.9390625 0.50078125 0.0109375 0.046875
1 0.984375 0.375 0.0140625 0.046875
1 0.94140625 0.31640625 0.0109375 0.03125
1 0.88125 0.35546875 0.0125 0.034375
1 0.8484375 0.3515625 0.0125 0.034375
1 0.82421875 0.321875 0.0109375 0.0375
1 0.82578125 0.259375 0.0109375 0.03125
1 0.778125 0.36953125 0.0140625 0.034375
1 0.77578125 0.4203125 0.0140625 0.046875
1 0.7546875 0.41796875 0.0125 0.0375
1 0.75625 0.3703125 0.009375 0.040625
1 0.7609375 0.3046875 0.009375 0.0296875
1 0.75078125 0.27890625 0.009375 0.034375
1 0.73359375 0.29921875 0.0125 0.034375
1 0.73828125 0.34921875 0.0125 0.0359375
1 0.68515625 0.39296875 0.0140625 0.040625
1 0.56953125 0.37734375 0.0125 0.04375
1 0.60234375 0.3296875 0.0109375 0.040625
1 0.1875 0.56953125 0.03125 0.0390625
1 0.6578125 0.584375 0.0171875 0.0421875
1 0.83125 0.56640625 0.0125 0.0328125