1 0.02890625 0.103125 0.0171875 0.065625
1 0.0953125 0.071875 0.021875 0.0625
1 0.1546875 0.06953125 0.0203125 0.059375
1 0.3078125 0.19453125 0.01875 0.06875
1 0.31953125 0.2015625 0.0234375 0.05625
1 0.3921875 0.3140625 0.01875 0.071875
1 0.1265625 0.37421875 0.0203125 0.06875
1 0.4078125 0.08359375 0.0109375 0.0625
1 0.41640625 0.0953125 0.0125 0.05625
1 0.75 0.434375 0.015625 0.03125
1 0.79296875 0.18671875 0.0140625 0.059375
1 0.9453125 0.24140625 0.0171875 0.0609375
1 0.89765625 0.14609375 0.0140625 0.0609375
1 0.921875 0.12265625 0.0140625 0.059375
1 0.74765625 0.11328125 0.0140625 0.046875
1 0.675 0.21171875 0.015625 0.05625
1 0.534375 0.028125 0.0140625 0.053125
1 0.59375 0.034375 0.0125 0.046875
1 0.63984375 0.01328125 0.0109375 0.0265625
1 0.76796875 0.03125 0.0109375 0.046875
1 0.753125 0.05078125 0.0171875 0.046875
1 0.09296875 0.9015625 0.01875 0.071875
1 0.1921875 0.65390625 0.0171875 0.0484375
1 0.27421875 0.6796875 0.0171875 0.053125
1 0.34296875 0.79921875 0.021875 0.0609375
1 0.3703125 0.80078125 0.0140625 0.05625
1 0.50703125 0.8484375 0.0046875 0.0625
1 0.496875 0.903125 0.025 0.084375
1 0.43984375 0.58984375 0.0140625 0.0484375
1 0.8875 0.959375 0.0203125 0.0609375
1 0.92421875 0.98671875 0.0171875 0.0265625
1 0.95078125 0.7578125 0.0140625 0.05
1 0.90625 0.734375 0.0203125 0.05625
1 0.85703125 0.84921875 0.015625 0.05625
1 0.7515625 0.88828125 0.0125 0.0625
1 0.75390625 0.77890625 0.0140625 0.05
1 0.6734375 0.74375 0.015625 0.0546875
1 0.81328125 0.66640625 0.0140625 0.053125
1 0.84375 0.55546875 0.0125 0.04375
1 0.571875 0.6171875 0.0125 0.046875