1 0.11171875 0.03046875 0.065625 0.01875
1 0.19453125 0.07109375 0.05625 0.0234375
1 0.06640625 0.07265625 0.0671875 0.028125
1 0.009375 0.19296875 0.01875 0.0234375
1 0.009375 0.2140625 0.01875 0.01875
1 0.196875 0.253125 0.075 0.021875
1 0.03046875 0.32421875 0.0609375 0.0203125
1 0.65390625 0.04140625 0.0484375 0.0171875
1 0.65390625 0.16484375 0.0484375 0.0140625
1 0.7 0.384375 0.05625 0.0140625
1 0.9359375 0.3796875 0.06875 0.021875
1 0.30625 0.44296875 0.040625 0.0078125
1 0.459375 0.496875 0.0625 0.0125
1 0.3453125 0.59453125 0.05 0.0203125
1 0.225 0.628125 0.0453125 0.0109375
1 0.43828125 0.66484375 0.053125 0.0140625
1 0.45078125 0.68046875 0.0515625 0.0140625
1 0.59921875 0.68984375 0.059375 0.0171875
1 0.609375 0.91953125 0.040625 0.0140625
1 0.49609375 0.92578125 0.0625 0.0203125
1 0.3953125 0.8578125 0.046875 0.0140625
1 0.28125 0.77578125 0.0453125 0.0140625
1 0.4 0.990625 0.046875 0.0140625
1 0.74609375 0.45078125 0.0890625 0.0234375
1 0.68671875 0.903125 0.075 0.021875
1 0.6359375 0.47109375 0.0125 0.0140625