1 0.03359375 0.3359375 0.0296875 0.0765625
1 0.0875 0.16328125 0.0265625 0.0640625
1 0.1359375 0.08671875 0.025 0.0671875
1 0.1984375 0.0484375 0.028125 0.0640625
1 0.25703125 0.040625 0.0265625 0.0609375
1 0.26171875 0.34609375 0.0265625 0.0703125
1 0.95703125 0.26328125 0.03125 0.096875
1 0.7796875 0.1375 0.0234375 0.0640625
1 0.734375 0.13046875 0.021875 0.0703125
1 0.87734375 0.03828125 0.0234375 0.0578125
1 0.78828125 0.01015625 0.0296875 0.0203125
1 0.62890625 0.05625 0.01875 0.0578125
1 0.6234375 0.0859375 0.0265625 0.0578125
1 0.4796875 0.13515625 0.0203125 0.0578125
1 0.44140625 0.13046875 0.03125 0.0640625
1 0.44453125 0.05078125 0.0171875 0.0546875
1 0.4546875 0.0125 0.01875 0.025
1 0.4828125 0.015625 0.021875 0.03125
1 0.2796875 0.54296875 0.0296875 0.0765625
1 0.17734375 0.4828125 0.025 0.0703125
1 0.12890625 0.49453125 0.0328125 0.06875
1 0.0109375 0.63515625 0.021875 0.0734375
1 0.3921875 0.85078125 0.00625 0.0609375
1 0.509375 0.8328125 0.0171875 0.0515625
1 0.6234375 0.68671875 0.021875 0.0421875
1 0.6296875 0.91796875 0.01875 0.046875
1 0.640625 0.9375 0.0203125 0.05625
1 0.975 0.990625 0.021875 0.01875
1 0.93046875 0.81328125 0.0203125 0.0546875
1 0.953125 0.75078125 0.0328125 0.05625
1 0.72734375 0.778125 0.0171875 0.0484375
1 0.74140625 0.765625 0.025 0.0546875
0 0.93515625 0.765625 0.0078125 0.0125