0 0.31484375 0.3640625 0.015625 0.021875
1 0.4328125 0.515625 0.04375 0.0859375
1 0.3703125 0.3359375 0.025 0.0609375
1 0.23125 0.35234375 0.0234375 0.0546875
1 0.19609375 0.31171875 0.0203125 0.0546875
1 0.20234375 0.3625 0.021875 0.0546875
1 0.2328125 0.38984375 0.0375 0.021875
1 0.23515625 0.3859375 0.0234375 0.053125
1 0.14375 0.5 0.0375 0.078125
1 0.06953125 0.465625 0.0296875 0.0703125
1 0.06015625 0.446875 0.0296875 0.0671875
1 0.10234375 0.39453125 0.0203125 0.05625
1 0.08671875 0.37265625 0.0234375 0.0578125
1 0.0765625 0.328125 0.015625 0.04375
1 0.11015625 0.31796875 0.021875 0.0484375
1 0.01796875 0.43359375 0.0265625 0.0703125
0 0.8 0.46484375 0.0078125 0.0125
1 0.64140625 0.5984375 0.0234375 0.040625
1 0.78046875 0.47578125 0.0203125 0.0421875
1 0.784375 0.45234375 0.0203125 0.0453125
1 0.91875 0.503125 0.0234375 0.0578125
1 0.9328125 0.54453125 0.0234375 0.0546875
1 0.40859375 0.69375 0.021875 0.05
1 0.43203125 0.6984375 0.01875 0.0453125
1 0.4296875 0.65859375 0.0171875 0.0390625
1 0.440625 0.6453125 0.0234375 0.040625
1 0.45078125 0.63046875 0.0171875 0.0234375
1 0.5 0.65078125 0.0171875 0.04375
1 0.5015625 0.625 0.015625 0.0125
1 0.53359375 0.70859375 0.0203125 0.0515625
1 0.57578125 0.6796875 0.025 0.0515625
1 0.61953125 0.73984375 0.0359375 0.0890625