1 0.11484375 0.5921875 0.0734375 0.015625
1 0.0828125 0.51484375 0.075 0.0296875
1 0.36015625 0.42109375 0.109375 0.04375
1 0.00859375 0.18203125 0.0171875 0.0359375
1 0.0140625 0.1796875 0.028125 0.021875
1 0.11328125 0.27578125 0.078125 0.034375
1 0.07578125 0.34765625 0.0703125 0.0265625
1 0.05703125 0.35703125 0.0671875 0.0265625
1 0.0171875 0.3125 0.034375 0.01875
1 0.00625 0.3265625 0.0125 0.021875
1 0.0421875 0.39921875 0.0703125 0.025
1 0.52890625 0.4421875 0.0203125 0.01875
1 0.52890625 0.59375 0.0203125 0.0125
1 0.64765625 0.59609375 0.0671875 0.0078125
0 0.1484375 0.67578125 0.0109375 0.0078125
0 0.09296875 0.68984375 0.009375 0.0078125
0 0.21875 0.7265625 0.0125 0.00625
0 0.2171875 0.81171875 0.0171875 0.009375
0 0.084375 0.87265625 0.0171875 0.009375
0 0.13046875 0.91484375 0.0203125 0.0109375
0 0.2234375 0.96484375 0.0171875 0.009375
0 0.2484375 0.91484375 0.015625 0.0109375
1 0.19453125 0.64609375 0.0625 0.028125
1 0.04140625 0.7109375 0.0546875 0.021875
1 0.06328125 0.7375 0.065625 0.028125
1 0.0546875 0.81953125 0.053125 0.0203125
1 0.13984375 0.84375 0.0671875 0.0234375
1 0.146875 0.8859375 0.0625 0.0203125
1 0.19453125 0.871875 0.059375 0.03125
1 0.22421875 0.903125 0.0703125 0.0265625
1 0.1453125 0.95 0.0640625 0.028125
1 0.15703125 0.98046875 0.0484375 0.0234375
1 0.1390625 0.990625 0.06875 0.01875
1 0.496875 0.97734375 0.04375 0.0390625
0 0.53125 0.7578125 0.009375 0.0046875
0 0.553125 0.91796875 0.00625 0.0046875
1 0.53984375 0.81015625 0.0421875 0.0171875
1 0.53828125 0.82578125 0.0390625 0.0171875