1 0.49453125 0.5375 0.0296875 0.021875
1 0.38046875 0.49296875 0.071875 0.01875
1 0.36640625 0.4046875 0.0734375 0.0203125
1 0.3234375 0.05625 0.053125 0.0140625
1 0.275 0.0796875 0.053125 0.0109375
1 0.3265625 0.08671875 0.053125 0.0125
1 0.36015625 0.06328125 0.0171875 0.034375
1 0.35703125 0.06015625 0.0515625 0.0140625
1 0.4453125 0.1765625 0.075 0.025
1 0.39375 0.23984375 0.06875 0.01875
1 0.3734375 0.24453125 0.065625 0.0171875
1 0.3328125 0.19140625 0.05625 0.0109375
1 0.30859375 0.20078125 0.05625 0.0140625
1 0.2625 0.2 0.04375 0.0078125
1 0.26015625 0.16484375 0.046875 0.0140625
1 0.28359375 0.29453125 0.059375 0.0140625
1 0.35 0.2828125 0.06875 0.015625
1 0.71953125 0.4546875 0.028125 0.00625
1 0.715625 0.4609375 0.0296875 0.00625
1 0.70625 0.45703125 0.028125 0.0078125
1 0.70703125 0.465625 0.034375 0.00625
1 0.7015625 0.46875 0.0359375 0.0078125
1 0.68828125 0.446875 0.034375 0.0078125
1 0.7015625 0.4171875 0.034375 0.0078125
1 0.69296875 0.40625 0.0296875 0.009375
1 0.69765625 0.39140625 0.034375 0.0109375
1 0.69765625 0.35390625 0.028125 0.0078125
1 0.64453125 0.36328125 0.03125 0.00625
1 0.628125 0.34375 0.0265625 0.0109375
1 0.6078125 0.33359375 0.028125 0.0078125
1 0.5671875 0.32421875 0.025 0.0078125
1 0.5828125 0.30078125 0.028125 0.009375
1 0.66171875 0.290625 0.034375 0.0109375
1 0.59296875 0.43984375 0.021875 0.009375
1 0.62421875 0.18828125 0.03125 0.0078125
1 0.5453125 0.1453125 0.025 0.0078125
1 0.5640625 0.09921875 0.028125 0.0078125
1 0.58671875 0.11328125 0.009375 0.003125
1 0.5984375 0.1171875 0.028125 0.0109375
0 0.60625 0.09453125 0.009375 0.00625
1 0.3 0.77265625 0.084375 0.01875
1 0.12421875 0.71484375 0.06875 0.0265625
1 0.01015625 0.83359375 0.0203125 0.0171875
1 0.01015625 0.91484375 0.0203125 0.0171875
1 0.040625 0.92265625 0.034375 0.009375
1 0.04140625 0.92734375 0.0375 0.0140625
1 0.01484375 0.98046875 0.0296875 0.0109375
1 0.51640625 0.92578125 0.0140625 0.0140625
1 0.51796875 0.98828125 0.0171875 0.0140625
1 0.540625 0.9578125 0.0625 0.01875