0 0.265625 0.1265625 0.0203125 0.0125
1 0.4515625 0.27109375 0.0984375 0.0515625
1 0.459375 0.41953125 0.090625 0.053125
1 0.47734375 0.52421875 0.0828125 0.0421875
1 0.49453125 0.63828125 0.0484375 0.0421875
1 0.33984375 0.13359375 0.0765625 0.0296875
1 0.32734375 0.16875 0.071875 0.034375
1 0.2953125 0.14140625 0.0703125 0.028125
1 0.29765625 0.15234375 0.075 0.034375
1 0.2890625 0.2046875 0.0671875 0.0296875
1 0.29453125 0.21953125 0.0765625 0.034375
1 0.271875 0.2109375 0.0828125 0.03125
1 0.54140625 0.10546875 0.0453125 0.0265625
1 0.675 0.0984375 0.071875 0.03125
1 0.92578125 0.05859375 0.0953125 0.0390625
1 0.8125 0.303125 0.0828125 0.0328125
1 0.825 0.39296875 0.08125 0.0296875
1 0.8296875 0.49609375 0.06875 0.034375
1 0.76171875 0.509375 0.0625 0.028125
1 0.71015625 0.51953125 0.06875 0.0296875
1 0.6953125 0.51484375 0.065625 0.0296875
1 0.63515625 0.46484375 0.05625 0.028125
1 0.6359375 0.39140625 0.059375 0.028125
1 0.71015625 0.31796875 0.0578125 0.028125
1 0.640625 0.30703125 0.053125 0.0234375
1 0.6203125 0.19921875 0.065625 0.028125
1 0.67578125 0.20625 0.065625 0.0328125
1 0.56875 0.2890625 0.0578125 0.025
1 0.53984375 0.41796875 0.0390625 0.0203125
1 0.60234375 0.51328125 0.0515625 0.021875
1 0.03125 0.95234375 0.0625 0.0265625
1 0.09375 0.9078125 0.065625 0.0234375
1 0.459375 0.9015625 0.0796875 0.0296875
1 0.25078125 0.753125 0.0796875 0.0328125
1 0.2578125 0.765625 0.0828125 0.0328125
1 0.1296875 0.6875 0.075 0.034375
1 0.1046875 0.70546875 0.0796875 0.0328125
1 0.03203125 0.803125 0.0640625 0.03125
1 0.0078125 0.8078125 0.015625 0.025
1 0.61953125 0.95 0.0578125 0.0234375
1 0.525 0.9625 0.0125 0.021875