1 0.43046875 0.159375 0.0171875 0.090625
1 0.34375 0.1859375 0.04375 0.0984375
1 0.22734375 0.2234375 0.05 0.1
1 0.13984375 0.2671875 0.0390625 0.0609375
1 0.60859375 0.15234375 0.0203125 0.040625
1 0.64296875 0.0953125 0.0203125 0.0421875
1 0.6171875 0.04375 0.015625 0.0359375
1 0.71953125 0.096875 0.0171875 0.0359375
1 0.68515625 0.1421875 0.0265625 0.05
1 0.75078125 0.1609375 0.025 0.046875
1 0.79921875 0.2640625 0.028125 0.0578125
1 0.8984375 0.22109375 0.0234375 0.0484375
1 0.90078125 0.14296875 0.021875 0.0421875
1 0.87734375 0.03828125 0.01875 0.0296875
1 0.77265625 0.10859375 0.0203125 0.0421875
1 0.775 0.04375 0.01875 0.0421875
1 0.340625 0.90546875 0.021875 0.0453125
1 0.31953125 0.97265625 0.021875 0.0515625
1 0.31328125 0.88828125 0.021875 0.0421875
1 0.2046875 0.9796875 0.021875 0.040625
1 0.07421875 0.9875 0.0234375 0.025
1 0.03046875 0.9859375 0.0234375 0.028125
1 0.13515625 0.98515625 0.0171875 0.0296875
1 0.1609375 0.98359375 0.025 0.0328125
1 0.16015625 0.96796875 0.025 0.046875
1 0.1109375 0.94609375 0.0234375 0.0484375
1 0.18515625 0.9078125 0.0203125 0.0453125
1 0.16171875 0.89609375 0.015625 0.0375
1 0.8453125 0.7796875 0.034375 0.0703125
1 0.80078125 0.68046875 0.03125 0.059375
1 0.7515625 0.740625 0.0328125 0.0609375
1 0.58046875 0.6375 0.0296875 0.0640625
1 0.709375 0.7921875 0.0375 0.06875
1 0.64453125 0.81484375 0.03125 0.0671875
1 0.659375 0.965625 0.03125 0.06875
1 0.5609375 0.89296875 0.034375 0.06875
1 0.44453125 0.83359375 0.0109375 0.0671875
1 0.88984375 0.990625 0.0390625 0.01875