1 0.390625 0.17734375 0.0375 0.0453125
1 0.378125 0.29765625 0.0625 0.0515625
1 0.3859375 0.3953125 0.046875 0.040625
1 0.7390625 0.00625 0.071875 0.0125
1 0.6125 0.1453125 0.0625 0.0265625
1 0.565625 0.153125 0.0625 0.03125
1 0.4375 0.14453125 0.05625 0.0296875
1 0.85859375 0.24375 0.084375 0.0390625
1 0.765625 0.25546875 0.071875 0.034375
1 0.575 0.26171875 0.0671875 0.0328125
1 0.959375 0.28671875 0.08125 0.0328125
1 0.76328125 0.42578125 0.078125 0.0390625
1 0.53203125 0.4765625 0.0703125 0.00625
0 0.925 0.271875 0.0203125 0.0171875
1 0.08203125 0.903125 0.0921875 0.0421875
1 0.5921875 0.96796875 0.0515625 0.0234375
1 0.565625 0.9234375 0.0421875 0.0203125
1 0.55703125 0.97421875 0.0453125 0.0203125
1 0.5421875 0.82421875 0.0453125 0.0203125
1 0.5640625 0.81484375 0.0421875 0.0203125
1 0.68125 0.9109375 0.0515625 0.0234375
1 0.85078125 0.94375 0.0734375 0.0359375
1 0.77578125 0.7625 0.06875 0.034375
1 0.9390625 0.81484375 0.09375 0.0453125
1 0.66484375 0.64375 0.0421875 0.0203125
1 0.65859375 0.6484375 0.0484375 0.021875
1 0.653125 0.553125 0.0453125 0.0203125
1 0.65390625 0.52265625 0.0421875 0.0203125
1 0.76328125 0.48671875 0.0578125 0.0140625