1 0.4921875 0.4 0.0171875 0.06875
1 0.3921875 0.40390625 0.0140625 0.059375
1 0.375 0.46640625 0.021875 0.071875
1 0.34921875 0.43359375 0.0140625 0.059375
1 0.3484375 0.446875 0.0140625 0.065625
1 0.3125 0.45234375 0.0140625 0.059375
1 0.28984375 0.45234375 0.0109375 0.0640625
1 0.2984375 0.49609375 0.0171875 0.0640625
1 0.275 0.45 0.009375 0.059375
1 0.26796875 0.47109375 0.0140625 0.059375
1 0.17890625 0.45 0.0109375 0.0609375
1 0.159375 0.47578125 0.015625 0.06875
1 0.1734375 0.4953125 0.0109375 0.059375
1 0.12109375 0.47265625 0.0125 0.065625
1 0.08984375 0.459375 0.0171875 0.0640625
1 0.0046875 0.359375 0.009375 0.0625
1 0.0109375 0.475 0.0171875 0.065625
1 0.8046875 0.140625 0.03125 0.1015625
1 0.759375 0.47265625 0.025 0.0890625
1 0.68515625 0.5171875 0.0203125 0.065625
0 0.4484375 0.68984375 0.009375 0.01875
1 0.296875 0.6 0.01875 0.1
1 0.38203125 0.68515625 0.015625 0.084375
1 0.55 0.58984375 0.03125 0.0796875
1 0.59453125 0.6734375 0.0109375 0.084375
1 0.590625 0.70625 0.0171875 0.06875
1 0.56796875 0.70703125 0.015625 0.084375
1 0.47734375 0.78046875 0.0171875 0.071875
1 0.428125 0.76015625 0.01875 0.078125
1 0.5375 0.96171875 0.0109375 0.059375
1 0.425 0.92734375 0.0140625 0.0625
1 0.37578125 0.93984375 0.0109375 0.0640625
1 0.3640625 0.95625 0.0140625 0.0640625
1 0.33125 0.921875 0.0140625 0.059375
1 0.29609375 0.91953125 0.0109375 0.053125
1 0.25390625 0.98515625 0.0140625 0.0296875
1 0.1703125 0.946875 0.015625 0.071875
1 0.1109375 0.87578125 0.0140625 0.065625
1 0.078125 0.8515625 0.0203125 0.0765625
1 0.8515625 0.9140625 0.015625 0.0625
1 0.77734375 0.97265625 0.0140625 0.053125
1 0.75078125 0.91484375 0.0203125 0.05625
1 0.734375 0.94609375 0.0125 0.053125
1 0.7 0.9921875 0.0125 0.015625
1 0.67578125 0.946875 0.0125 0.065625
1 0.64765625 0.88515625 0.01875 0.075
1 0.6453125 0.95390625 0.01875 0.040625
1 0.61875 0.9828125 0.0125 0.034375
1 0.721875 0.84609375 0.0171875 0.06875