1 0.12890625 0.02421875 0.0703125 0.021875
1 0.140625 0.1234375 0.0609375 0.01875
1 0.20390625 0.1359375 0.0734375 0.0265625
1 0.1734375 0.16484375 0.0609375 0.01875
1 0.18671875 0.1640625 0.0671875 0.01875
1 0.19375 0.2 0.0609375 0.01875
1 0.1953125 0.22265625 0.0640625 0.015625
1 0.23828125 0.21015625 0.065625 0.021875
1 0.19375 0.23671875 0.059375 0.0140625
1 0.215625 0.24296875 0.0609375 0.01875
1 0.20078125 0.3328125 0.0609375 0.015625
1 0.228125 0.35078125 0.0703125 0.0203125
1 0.246875 0.33515625 0.059375 0.015625
1 0.228125 0.3890625 0.0671875 0.0171875
1 0.21640625 0.421875 0.065625 0.021875
1 0.23828125 0.49375 0.0671875 0.0125
1 0.90859375 0.02890625 0.059375 0.021875
1 0.971875 0.03125 0.05625 0.021875
1 0.86328125 0.0640625 0.0546875 0.0203125
1 0.88515625 0.09296875 0.0765625 0.0234375
1 0.90546875 0.12265625 0.059375 0.021875
1 0.88203125 0.13671875 0.0671875 0.0171875
1 0.82890625 0.13984375 0.0765625 0.0265625
1 0.80234375 0.1546875 0.0796875 0.0265625
1 0.809375 0.178125 0.0890625 0.0328125
1 0.81015625 0.2921875 0.0984375 0.025
1 0.90625 0.3421875 0.0828125 0.025
1 0.98046875 0.16328125 0.0390625 0.0171875
1 0.0890625 0.86875 0.0796875 0.021875
1 0.13671875 0.99140625 0.0671875 0.0171875
1 0.334375 0.91640625 0.05625 0.015625
1 0.27734375 0.8875 0.0609375 0.021875
1 0.24140625 0.86015625 0.0578125 0.0171875
1 0.1828125 0.86484375 0.0703125 0.0234375
1 0.4078125 0.884375 0.040625 0.0125
1 0.3671875 0.78515625 0.04375 0.0140625
1 0.28359375 0.76328125 0.0546875 0.01875
1 0.31875 0.725 0.0546875 0.01875
1 0.24609375 0.725 0.0515625 0.015625
1 0.340625 0.65625 0.046875 0.0140625
1 0.278125 0.6234375 0.0609375 0.0171875
1 0.19609375 0.59453125 0.06875 0.0171875
1 0.078125 0.60625 0.0859375 0.021875
1 0.05859375 0.56796875 0.0765625 0.0234375
1 0.79609375 0.96015625 0.0375 0.0125
1 0.89921875 0.99375 0.0359375 0.0125
1 0.975 0.8515625 0.034375 0.0109375
1 0.9140625 0.8578125 0.0359375 0.0125
1 0.81640625 0.834375 0.0390625 0.015625
1 0.78203125 0.8390625 0.046875 0.0171875
1 0.671875 0.87578125 0.0640625 0.0171875
1 0.69765625 0.79609375 0.0640625 0.021875
1 0.7765625 0.68984375 0.053125 0.015625
1 0.8453125 0.6984375 0.0484375 0.01875
1 0.88203125 0.69375 0.04375 0.0140625
1 0.89921875 0.7515625 0.040625 0.0171875
1 0.834375 0.67265625 0.040625 0.0140625