1 0.08828125 0.23671875 0.0234375 0.0609375
1 0.0953125 0.30078125 0.0328125 0.0734375
1 0.1265625 0.27265625 0.0234375 0.0609375
1 0.12421875 0.2859375 0.025 0.0671875
1 0.16015625 0.296875 0.0234375 0.0609375
1 0.18203125 0.3 0.021875 0.0640625
1 0.16640625 0.34140625 0.028125 0.065625
1 0.196875 0.3 0.01875 0.059375
1 0.2 0.321875 0.0234375 0.0609375
1 0.29140625 0.31484375 0.0203125 0.0609375
1 0.30703125 0.34296875 0.025 0.0703125
1 0.28984375 0.3609375 0.0203125 0.059375
1 0.3453125 0.346875 0.0234375 0.0671875
1 0.37890625 0.33828125 0.028125 0.065625
1 0.44453125 0.36640625 0.0109375 0.0671875
0 0.884375 0.303125 0.00625 0.009375
0 0.86875 0.24375 0.00625 0.00625
0 0.84921875 0.121875 0.0046875 0.0078125
0 0.82890625 0.0796875 0.00625 0.00625
0 0.725 0.19296875 0.00625 0.009375
0 0.721875 0.25078125 0.0046875 0.009375
0 0.75 0.28515625 0.0046875 0.00625
0 0.66875 0.1640625 0.0046875 0.0046875
0 0.68828125 0.1140625 0.0078125 0.0109375
0 0.65703125 0.09140625 0.00625 0.0078125
1 0.575 0.15703125 0.015625 0.046875
1 0.58515625 0.1375 0.025 0.046875
1 0.61328125 0.17890625 0.021875 0.0484375
1 0.77109375 0.0734375 0.025 0.0546875
1 0.8953125 0.10703125 0.0234375 0.0640625
1 0.890625 0.1703125 0.025 0.0546875
1 0.84140625 0.1765625 0.0234375 0.0578125
1 0.90390625 0.23984375 0.01875 0.0453125
1 0.78203125 0.24609375 0.01875 0.0390625
1 0.990625 0.2734375 0.01875 0.053125
1 0.47265625 0.1734375 0.021875 0.0484375
0 0.3078125 0.965625 0.0125 0.0203125
1 0.0046875 0.80078125 0.009375 0.0828125
1 0.2359375 0.93203125 0.0296875 0.0734375
1 0.23515625 0.92734375 0.028125 0.05
1 0.16484375 0.9640625 0.0296875 0.071875
1 0.4125 0.9875 0.03125 0.025
1 0.703125 0.96953125 0.034375 0.0609375