1 0.02734375 0.0546875 0.0546875 0.028125
1 0.43671875 0.0125 0.0765625 0.025
1 0.403125 0.12890625 0.090625 0.0375
1 0.35078125 0.15859375 0.0796875 0.03125
1 0.15625 0.1828125 0.0734375 0.0296875
1 0.18203125 0.3796875 0.0828125 0.0296875
1 0.21640625 0.38515625 0.0765625 0.028125
1 0.284375 0.415625 0.0828125 0.028125
1 0.55234375 0.375 0.1 0.028125
1 0.60234375 0.2515625 0.0546875 0.0375
1 0.23984375 0.990625 0.0578125 0.01875
1 0.0390625 0.91796875 0.0421875 0.015625
1 0.12578125 0.87421875 0.0421875 0.015625
1 0.1515625 0.96171875 0.0453125 0.015625
1 0.2078125 0.8953125 0.0453125 0.01875
1 0.25390625 0.8875 0.0515625 0.0171875
1 0.30546875 0.85 0.0640625 0.021875
1 0.40390625 0.90859375 0.0703125 0.0265625
1 0.34453125 0.76796875 0.0578125 0.025
1 0.43984375 0.6453125 0.0734375 0.0234375
1 0.271875 0.6515625 0.0546875 0.021875
1 0.25546875 0.63046875 0.0640625 0.0234375
1 0.2078125 0.56875 0.0578125 0.025
1 0.21640625 0.43671875 0.0609375 0.0140625
1 0.06015625 0.43515625 0.0390625 0.0109375
1 0.0953125 0.640625 0.0484375 0.0234375
1 0.21171875 0.79921875 0.0546875 0.021875
1 0.30859375 0.76015625 0.0609375 0.0203125
0 0.1515625 0.6234375 0.0234375 0.0125
0 0.84453125 0.721875 0.0140625 0.0078125
1 0.97890625 0.63828125 0.0421875 0.0203125
1 0.70859375 0.55625 0.0390625 0.015625
1 0.7765625 0.51875 0.0421875 0.01875
1 0.79765625 0.515625 0.046875 0.0171875
1 0.859375 0.4765625 0.05 0.0171875
1 0.9390625 0.43828125 0.05 0.0171875
1 0.9328125 0.5265625 0.0515625 0.021875
1 0.83046875 0.5640625 0.0515625 0.0171875
1 0.853125 0.5875 0.046875 0.015625
1 0.73671875 0.6578125 0.046875 0.0171875
1 0.7515625 0.67421875 0.0203125 0.0125
1 0.99296875 0.91953125 0.0140625 0.0203125
1 0.8875 0.92578125 0.0453125 0.015625
1 0.8984375 0.83125 0.0515625 0.0203125
1 0.928125 0.7296875 0.0453125 0.021875
1 0.828125 0.734375 0.040625 0.021875
1 0.79140625 0.73125 0.040625 0.01875
1 0.7609375 0.80234375 0.0390625 0.015625