1 0.06484375 0.04375 0.0859375 0.0265625
1 0.1015625 0.153125 0.0734375 0.025
1 0.309375 0.296875 0.059375 0.0125
1 0.16015625 0.290625 0.0640625 0.021875
1 0.2203125 0.31640625 0.05625 0.0171875
1 0.0421875 0.43046875 0.0734375 0.021875
0 0.78828125 0.0296875 0.0046875 0.00625
0 0.91015625 0.03671875 0.009375 0.003125
0 0.99921875 0.0453125 0.0015625 0.003125
0 0.99765625 0.19765625 0.0046875 0.0046875
0 0.94296875 0.22109375 0.00625 0.0046875
0 0.82578125 0.25703125 0.0078125 0.003125
0 0.78671875 0.28359375 0.00625 0.0046875
0 0.91328125 0.3703125 0.009375 0.0046875
0 0.97109375 0.365625 0.009375 0.003125
0 0.99921875 0.3328125 0.0015625 0.003125
0 0.8921875 0.43046875 0.0046875 0.003125
0 0.840625 0.41796875 0.009375 0.00625
0 0.82265625 0.45234375 0.0078125 0.0046875
1 0.8984375 0.52421875 0.046875 0.009375
1 0.878125 0.51640625 0.0453125 0.01875
1 0.91484375 0.48359375 0.046875 0.015625
1 0.78828125 0.3421875 0.053125 0.01875
1 0.8046875 0.2140625 0.0625 0.015625
1 0.86796875 0.21015625 0.053125 0.01875
1 0.88125 0.2578125 0.05625 0.015625
1 0.93515625 0.1875 0.04375 0.0125
1 0.95859375 0.30625 0.0375 0.0140625
1 0.95625 0.0953125 0.0515625 0.015625
1 0.9671875 0.00546875 0.046875 0.0109375
1 0.86796875 0.075 0.053125 0.015625
1 0.2734375 0.57421875 0.04375 0.0109375
1 0.246875 0.609375 0.04375 0.0140625
1 0.275 0.75390625 0.040625 0.0109375
1 0.26015625 0.76328125 0.040625 0.0140625
1 0.18671875 0.79921875 0.046875 0.01875
1 0.23671875 0.95234375 0.05 0.0125
1 0.60859375 0.76484375 0.05625 0.015625
1 0.54140625 0.97578125 0.0515625 0.0125
1 0.50625 0.9828125 0.0359375 0.0078125