1 0.4515625 0.61640625 0.059375 0.0234375
1 0.30703125 0.57890625 0.065625 0.0328125
1 0.371875 0.571875 0.0578125 0.0265625
1 0.01171875 0.62265625 0.0234375 0.0390625
1 0.02265625 0.5390625 0.0453125 0.040625
1 0.015625 0.3625 0.03125 0.04375
1 0.04609375 0.35625 0.0796875 0.0375
1 0.23515625 0.41015625 0.075 0.0359375
1 0.28828125 0.21953125 0.0828125 0.0359375
1 0.25859375 0.20078125 0.0765625 0.034375
1 0.2078125 0.14609375 0.0828125 0.034375
1 0.90703125 0.009375 0.0453125 0.01875
1 0.675 0.0546875 0.071875 0.0375
1 0.71171875 0.09453125 0.0796875 0.034375
1 0.69375 0.2390625 0.0734375 0.0296875
1 0.62265625 0.2828125 0.0671875 0.03125
1 0.64296875 0.38125 0.0609375 0.028125
1 0.61875 0.4859375 0.059375 0.03125
1 0.62265625 0.4984375 0.0671875 0.040625
1 0.72421875 0.39140625 0.0625 0.0359375
1 0.79921875 0.26796875 0.0546875 0.0265625
1 0.78359375 0.25234375 0.0421875 0.021875
1 0.86875 0.26328125 0.05 0.0265625
1 0.925 0.184375 0.0453125 0.0234375
1 0.7703125 0.553125 0.053125 0.028125
0 0.6140625 0.4890625 0.021875 0.0109375
0 0.25390625 0.95078125 0.0140625 0.009375
0 0.4875 0.9890625 0.0140625 0.009375
0 0.38359375 0.8953125 0.0109375 0.0078125
1 0.38359375 0.9796875 0.0609375 0.025
1 0.315625 0.88515625 0.0765625 0.0328125
1 0.49140625 0.8484375 0.0515625 0.021875
1 0.64609375 0.8125 0.0359375 0.0140625