0 0.19375 0.12421875 0.021875 0.009375
1 0.15390625 0.13203125 0.09375 0.025
1 0.034375 0.15390625 0.06875 0.0171875
0 0.68125 0.43046875 0.0125 0.00625
1 0.925 0.43046875 0.0640625 0.0125
1 0.74765625 0.440625 0.040625 0.0125
1 0.71328125 0.4671875 0.040625 0.009375
1 0.67734375 0.44296875 0.040625 0.0109375
1 0.7671875 0.39921875 0.046875 0.0125
1 0.68203125 0.278125 0.0375 0.0125
1 0.75625 0.25078125 0.05 0.0078125
1 0.690625 0.171875 0.046875 0.009375
1 0.7984375 0.11953125 0.05 0.009375
1 0.778125 0.03046875 0.0484375 0.009375
1 0.74140625 0.084375 0.0484375 0.0125
1 0.69140625 0.1015625 0.0453125 0.009375
1 0.66953125 0.0796875 0.0328125 0.0078125
1 0.69140625 0.046875 0.040625 0.009375
1 0.346875 0.971875 0.059375 0.009375
1 0.3921875 0.7296875 0.05625 0.015625
1 0.334375 0.63359375 0.053125 0.009375
1 0.33984375 0.56875 0.05625 0.0125
1 0.63125 0.98203125 0.0765625 0.0171875
1 0.6109375 0.89609375 0.0640625 0.025
0 0.65546875 0.97109375 0.0171875 0.0078125
1 0.490625 0.925 0.04375 0.015625
1 0.47578125 0.928125 0.0140625 0.0125
1 0.4921875 0.51015625 0.046875 0.0140625
1 0.5203125 0.48515625 0.059375 0.0109375