0 0.4625 0.378125 0.0234375 0.0125
1 0.421875 0.37734375 0.096875 0.040625
1 0.29921875 0.37578125 0.0734375 0.0296875
1 0.16328125 0.3921875 0.0578125 0.0203125
1 0.13515625 0.3890625 0.059375 0.0203125
1 0.06875 0.39921875 0.0546875 0.01875
1 0.1546875 0.1328125 0.0734375 0.025
1 0.1921875 0.0046875 0.075 0.009375
1 0.07890625 0.06328125 0.065625 0.0234375
1 0.0515625 0.3015625 0.0484375 0.0171875
1 0.0265625 0.30078125 0.0515625 0.0171875
1 0.98515625 0.3296875 0.0296875 0.021875
1 0.9609375 0.29921875 0.0484375 0.021875
1 0.98203125 0.2953125 0.0359375 0.01875
1 0.91171875 0.1796875 0.0421875 0.015625
1 0.9796875 0.16953125 0.040625 0.0203125
0 0.0265625 0.5375 0.0234375 0.0140625
0 0.025 0.63046875 0.0171875 0.0125
0 0.1796875 0.553125 0.015625 0.0109375
0 0.3390625 0.60625 0.0171875 0.0125
0 0.1703125 0.69921875 0.025 0.0140625
0 0.1328125 0.77109375 0.0171875 0.0109375
0 0.02421875 0.8046875 0.0140625 0.0109375
0 0.28203125 0.8484375 0.0234375 0.0125
0 0.55546875 0.8296875 0.025 0.0140625
0 0.50390625 0.934375 0.0234375 0.0140625
1 0.09296875 0.9015625 0.0546875 0.021875
1 0.10390625 0.83828125 0.0484375 0.0171875
1 0.2234375 0.915625 0.0515625 0.0265625
1 0.1734375 0.97265625 0.0640625 0.025
1 0.12109375 0.9546875 0.05 0.025
1 0.26875 0.7828125 0.0625 0.0203125
1 0.43984375 0.86875 0.078125 0.0265625
1 0.578125 0.9828125 0.0828125 0.034375
1 0.46328125 0.765625 0.0828125 0.028125
1 0.2796875 0.48984375 0.078125 0.03125
1 0.72109375 0.92734375 0.059375 0.025
1 0.8125 0.9015625 0.0734375 0.028125
1 0.796875 0.62109375 0.06875 0.0265625
1 0.67890625 0.58359375 0.0578125 0.0265625
1 0.7546875 0.5546875 0.075 0.0265625
1 0.65703125 0.69609375 0.0140625 0.0265625