0 0.340625 0.146875 0.021875 0.009375
1 0.3 0.15390625 0.09375 0.0265625
1 0.1796875 0.175 0.071875 0.01875
1 0.08046875 0.1171875 0.071875 0.0140625
1 0.04296875 0.1796875 0.05625 0.0125
1 0.02265625 0.18671875 0.0453125 0.0109375
1 0.01015625 0.14296875 0.0203125 0.0140625
1 0.01796875 0.10234375 0.0359375 0.0140625
1 0.05078125 0.0140625 0.05625 0.0140625
1 0.09921875 0.01953125 0.06875 0.0140625
1 0.07421875 0.43671875 0.071875 0.0140625
1 0.5984375 0.49765625 0.0375 0.0046875
1 0.59765625 0.45 0.040625 0.0140625
1 0.61796875 0.4265625 0.0421875 0.00625
1 0.59921875 0.40078125 0.0375 0.009375
1 0.6109375 0.39296875 0.04375 0.009375
1 0.60390625 0.37109375 0.04375 0.0078125
1 0.57421875 0.35078125 0.03125 0.009375
1 0.59921875 0.3390625 0.040625 0.0078125
1 0.5875 0.32109375 0.040625 0.009375
1 0.62265625 0.265625 0.046875 0.0125
1 0.6890625 0.265625 0.053125 0.0109375
1 0.7546875 0.29140625 0.0625 0.0140625
1 0.61328125 0.0765625 0.046875 0.0140625
1 0.48125 0.99296875 0.071875 0.0140625
1 0.225 0.978125 0.059375 0.0171875
1 0.18671875 0.93359375 0.053125 0.015625
1 0.30703125 0.834375 0.0625 0.0203125
1 0.16875 0.84140625 0.053125 0.015625
1 0.15 0.8578125 0.040625 0.015625
1 0.10390625 0.84375 0.0453125 0.0140625
1 0.10703125 0.97109375 0.04375 0.015625
1 0.1828125 0.51640625 0.0609375 0.0171875
1 0.9921875 0.78515625 0.015625 0.0109375
1 0.89296875 0.86875 0.053125 0.0109375
1 0.9703125 0.92265625 0.059375 0.0140625
1 0.7109375 0.87421875 0.034375 0.009375
1 0.84921875 0.7109375 0.053125 0.0140625