1 0.03046875 0.3328125 0.0609375 0.0265625
1 0.06171875 0.29375 0.059375 0.03125
1 0.03046875 0.2546875 0.05625 0.0296875
1 0.17265625 0.27734375 0.0734375 0.0296875
1 0.1953125 0.24765625 0.0765625 0.0375
1 0.1578125 0.05703125 0.05625 0.028125
1 0.125 0.040625 0.0578125 0.0234375
1 0.03515625 0.0359375 0.0484375 0.0203125
1 0.01796875 0.00234375 0.0359375 0.0046875
0 0.64765625 0.21953125 0.0171875 0.0125
1 0.6859375 0.0265625 0.06875 0.03125
1 0.58515625 0.0046875 0.0609375 0.009375
1 0.57578125 0.03828125 0.0609375 0.0265625
1 0.6140625 0.2375 0.065625 0.025
1 0.73984375 0.22421875 0.0828125 0.03125
1 0.55546875 0.203125 0.0546875 0.0234375
1 0.5375 0.1796875 0.05625 0.021875
1 0.52734375 0.30390625 0.0359375 0.0265625
0 0.07109375 0.87734375 0.0234375 0.015625
0 0.07109375 0.78359375 0.0171875 0.0125
0 0.225 0.8640625 0.015625 0.0125
0 0.38515625 0.8140625 0.0171875 0.0125
0 0.2171875 0.71796875 0.025 0.0140625
0 0.18125 0.6453125 0.0171875 0.0109375
0 0.0734375 0.61015625 0.0140625 0.0109375
0 0.33203125 0.5703125 0.0234375 0.0140625
0 0.48203125 0.41875 0.0234375 0.0109375
1 0.14375 0.5140625 0.0546875 0.021875
1 0.15390625 0.578125 0.0484375 0.01875
1 0.27421875 0.503125 0.0515625 0.028125
1 0.225 0.44453125 0.0640625 0.025
1 0.17265625 0.46171875 0.0515625 0.0265625
1 0.31796875 0.6359375 0.0625 0.021875
1 0.4796875 0.553125 0.059375 0.028125
1 0.41015625 0.37578125 0.0453125 0.0234375
1 0.48984375 0.65546875 0.0390625 0.0296875
1 0.3234375 0.9296875 0.078125 0.0328125
1 0.946875 0.5015625 0.0625 0.0328125
1 0.9109375 0.65390625 0.0578125 0.0234375
1 0.853125 0.6125 0.0546875 0.021875
1 0.82265625 0.596875 0.0609375 0.028125
1 0.78203125 0.55859375 0.0625 0.0265625
1 0.740625 0.7171875 0.0546875 0.021875
1 0.8140625 0.815625 0.05 0.025
1 0.93125 0.7453125 0.0546875 0.025
1 0.88828125 0.7984375 0.0515625 0.021875
1 0.79375 0.98203125 0.0515625 0.028125
1 0.74765625 0.88515625 0.040625 0.0140625
1 0.69296875 0.98828125 0.0578125 0.0234375