0 0.39921875 0.0734375 0.0140625 0.0078125
1 0.19921875 0.54296875 0.05625 0.028125
1 0.23515625 0.53984375 0.0578125 0.021875
1 0.3203125 0.56796875 0.0484375 0.01875
1 0.35546875 0.5390625 0.046875 0.0171875
1 0.4078125 0.43515625 0.0390625 0.0171875
1 0.41484375 0.06953125 0.0328125 0.01875
1 0.3296875 0.34921875 0.0484375 0.01875
1 0.25234375 0.2765625 0.05 0.0140625
1 0.3328125 0.31796875 0.0453125 0.0203125
1 0.4515625 0.4171875 0.034375 0.0125
1 0.3734375 0.2328125 0.053125 0.0171875
1 0.453125 0.1859375 0.0421875 0.015625
1 0.16015625 0.07734375 0.0640625 0.0265625
1 0.959375 0.27890625 0.0703125 0.0265625
1 0.93125 0.21796875 0.078125 0.025
1 0.70703125 0.1125 0.0953125 0.034375
1 0.8890625 0.54375 0.0703125 0.0265625
1 0.9359375 0.53359375 0.0703125 0.025
1 0.9828125 0.57578125 0.034375 0.0234375
1 0.290625 0.99609375 0.059375 0.0078125
1 0.2875 0.75625 0.0578125 0.025
1 0.36171875 0.67109375 0.0546875 0.01875
1 0.61796875 0.959375 0.0359375 0.01875
1 0.76796875 0.9859375 0.0421875 0.01875
1 0.75703125 0.89921875 0.04375 0.015625
1 0.7046875 0.8625 0.0515625 0.0203125
1 0.60625 0.75 0.0125 0.01875
1 0.6609375 0.825 0.040625 0.01875