1 0.2390625 0.01640625 0.0609375 0.0296875
1 0.20546875 0.05390625 0.059375 0.0328125
1 0.234375 0.09453125 0.05625 0.0328125
1 0.09375 0.06484375 0.0734375 0.0328125
1 0.06875 0.09296875 0.0765625 0.040625
1 0.096875 0.28515625 0.05625 0.03125
1 0.12890625 0.303125 0.0578125 0.025
1 0.21796875 0.3125 0.0484375 0.021875
1 0.2375 0.353125 0.046875 0.0203125
1 0.296875 0.1640625 0.0421875 0.01875
1 0.29921875 0.17265625 0.046875 0.021875
1 0.578125 0.31171875 0.0625 0.028125
1 0.66640625 0.3796875 0.05 0.0265625
1 0.678125 0.30625 0.046875 0.021875
1 0.6859375 0.28359375 0.0515625 0.021875
1 0.6296875 0.17890625 0.0640625 0.025
1 0.646875 0.05546875 0.071875 0.034375
1 0.75 0.03984375 0.04375 0.025
1 0.746875 0.059375 0.05 0.021875
1 0.74921875 0.12578125 0.0453125 0.0234375
1 0.73125 0.15078125 0.0328125 0.01875
1 0.72109375 0.17578125 0.0328125 0.015625
1 0.7421875 0.184375 0.034375 0.021875
1 0.72578125 0.2 0.034375 0.0203125
1 0.75546875 0.16484375 0.0375 0.015625
0 0.72734375 0.17421875 0.0125 0.0078125
1 0.0296875 0.51484375 0.0578125 0.025
1 0.01796875 0.57265625 0.0359375 0.0328125
1 0.0828125 0.57734375 0.059375 0.025
1 0.1609375 0.62265625 0.0515625 0.021875
1 0.10234375 0.665625 0.0609375 0.0265625
1 0.0734375 0.7875 0.0515625 0.0234375
1 0.16640625 0.94765625 0.04375 0.025
1 0.746875 0.41171875 0.065625 0.0234375
1 0.6359375 0.40546875 0.071875 0.0109375
1 0.7 0.56015625 0.0671875 0.03125
1 0.89765625 0.48515625 0.05 0.0265625
1 0.83125 0.61640625 0.0546875 0.028125
1 0.93125 0.70390625 0.065625 0.034375
1 0.821875 0.71328125 0.059375 0.0265625
1 0.6921875 0.70625 0.0640625 0.0265625
1 0.57109375 0.74765625 0.0609375 0.03125
1 0.68984375 0.80390625 0.0609375 0.03125
1 0.871875 0.93125 0.046875 0.028125
1 0.52265625 0.91328125 0.059375 0.0296875
1 0.41640625 0.925 0.0546875 0.0375
1 0.4765625 0.54609375 0.0671875 0.0328125
1 0.45390625 0.55 0.0625 0.0328125
0 0.440625 0.5578125 0.0234375 0.0140625