1 0.0328125 0.30234375 0.0234375 0.0671875
1 0.14921875 0.36328125 0.0234375 0.0640625
1 0.2375 0.1484375 0.0296875 0.06875
1 0.8125 0.10625 0.015625 0.0359375
1 0.665625 0.08046875 0.0171875 0.0484375
1 0.659375 0.15703125 0.0140625 0.0328125
1 0.428125 0.1421875 0.0203125 0.0484375
1 0.6796875 0.1984375 0.0125 0.0375
1 0.72734375 0.2015625 0.0109375 0.0296875
1 0.72890625 0.21953125 0.0109375 0.034375
1 0.74765625 0.2359375 0.009375 0.025
1 0.77421875 0.275 0.0109375 0.028125
1 0.8203125 0.22109375 0.0125 0.0328125
1 0.83828125 0.18828125 0.0109375 0.0328125
1 0.69609375 0.25546875 0.0109375 0.034375
1 0.67421875 0.27109375 0.009375 0.0234375
1 0.6375 0.246875 0.0140625 0.0328125
1 0.6125 0.2203125 0.0109375 0.028125
1 0.5875 0.234375 0.0140625 0.0296875
1 0.49375 0.25546875 0.0140625 0.0359375
1 0.54921875 0.2953125 0.0109375 0.0328125
1 0.61875 0.31015625 0.0109375 0.0265625
1 0.32578125 0.290625 0.015625 0.0375
0 0.5765625 0.221875 0.0078125 0.0140625
1 0.0046875 0.89453125 0.009375 0.0453125
1 0.06484375 0.8015625 0.01875 0.0515625
1 0.0171875 0.78671875 0.0203125 0.0484375
1 0.02265625 0.77578125 0.0203125 0.046875
1 0.02265625 0.74921875 0.0203125 0.046875
1 0.01484375 0.7359375 0.021875 0.0578125
1 0.18203125 0.81171875 0.0171875 0.0546875
1 0.20625 0.9015625 0.0171875 0.0421875
1 0.259375 0.77734375 0.0125 0.04375
1 0.2328125 0.62421875 0.021875 0.0296875
1 0.1859375 0.74609375 0.025 0.0578125
0 0.2375 0.76171875 0.01875 0.0234375
0 0.61796875 0.89921875 0.0125 0.0234375
1 0.61640625 0.93984375 0.0390625 0.096875
1 0.8859375 0.984375 0.021875 0.03125