1 0.1703125 0.39140625 0.0703125 0.0328125
1 0.0703125 0.3484375 0.059375 0.03125
1 0.12890625 0.2984375 0.0609375 0.03125
1 0.02734375 0.12890625 0.0546875 0.0296875
1 0.18046875 0.2546875 0.06875 0.0359375
1 0.2015625 0.18984375 0.0671875 0.0296875
1 0.3578125 0.20234375 0.0796875 0.0296875
1 0.278125 0.10546875 0.06875 0.0328125
1 0.43203125 0.0421875 0.0828125 0.0390625
1 0.9859375 0.3796875 0.028125 0.021875
1 0.1734375 0.92578125 0.05625 0.03125
1 0.3625 0.9609375 0.0828125 0.0390625
1 0.52734375 0.84921875 0.0828125 0.0375
1 0.5578125 0.80625 0.0859375 0.0359375
1 0.65859375 0.42890625 0.0421875 0.0390625
1 0.39453125 0.57109375 0.065625 0.028125
1 0.321875 0.653125 0.0625 0.0265625
1 0.22421875 0.66171875 0.0546875 0.0265625
1 0.22734375 0.63515625 0.0546875 0.0265625
1 0.1578125 0.84296875 0.0546875 0.0234375
1 0.14296875 0.8640625 0.0515625 0.0265625
1 0.23828125 0.8171875 0.05625 0.021875
1 0.2484375 0.8140625 0.0640625 0.0265625
1 0.278125 0.86328125 0.0640625 0.0296875
1 0.2421875 0.90703125 0.0671875 0.0359375
1 0.775 0.890625 0.0921875 0.040625
1 0.71484375 0.95390625 0.0703125 0.0359375
1 0.70078125 0.628125 0.0421875 0.025
1 0.83515625 0.43828125 0.0765625 0.034375
0 0.70390625 0.5 0.0234375 0.0171875