0 0.05078125 0.6515625 0.0140625 0.0078125
1 0.17890625 0.4453125 0.0796875 0.0203125
1 0.26796875 0.3578125 0.0640625 0.025
1 0.20234375 0.03046875 0.06875 0.025
1 0.125 0.27734375 0.08125 0.0296875
1 0.0296875 0.115625 0.059375 0.028125
1 0.10546875 0.65546875 0.0609375 0.0078125
1 0.06953125 0.6484375 0.0640625 0.021875
1 0.60859375 0.165625 0.09375 0.034375
1 0.81875 0.0046875 0.08125 0.009375
1 0.71796875 0.0375 0.078125 0.0359375
1 0.77421875 0.06015625 0.0734375 0.0203125
1 0.7828125 0.071875 0.0890625 0.0296875
1 0.8359375 0.1328125 0.08125 0.0328125
1 0.83203125 0.15703125 0.065625 0.025
1 0.8109375 0.17734375 0.06875 0.034375
1 0.81875 0.2875 0.0765625 0.0265625
1 0.4953125 0.4609375 0.1015625 0.0328125
1 0.49609375 0.3875 0.1015625 0.0265625
1 0.6046875 0.63203125 0.0859375 0.0328125
0 0.25546875 0.72265625 0.0140625 0.0078125
1 0.25078125 0.95859375 0.0453125 0.0109375
1 0.2390625 0.93203125 0.053125 0.015625
1 0.1484375 0.896875 0.0609375 0.01875
1 0.0234375 0.721875 0.046875 0.01875
1 0.24296875 0.78515625 0.04375 0.0140625
1 0.2875 0.75546875 0.025 0.0171875
1 0.809375 0.9078125 0.0390625 0.01875
1 0.76875 0.79765625 0.0484375 0.015625
1 0.85390625 0.759375 0.0328125 0.0171875
1 0.85 0.6921875 0.0421875 0.01875
1 0.803125 0.70859375 0.0453125 0.0203125
1 0.70078125 0.725 0.053125 0.0140625
1 0.69765625 0.7421875 0.046875 0.0140625
1 0.76484375 0.67890625 0.0484375 0.0171875