0 0.125 0.471875 0.015625 0.009375
0 0.05703125 0.32421875 0.0125 0.0078125
0 0.14765625 0.13671875 0.0125 0.0109375
1 0.01015625 0.4109375 0.0203125 0.021875
1 0.190625 0.3390625 0.0984375 0.034375
1 0.0515625 0.12265625 0.0640625 0.0234375
0 0.23125 0.35625 0.01875 0.0125
1 0.59765625 0.5453125 0.0421875 0.009375
1 0.6171875 0.459375 0.0453125 0.0234375
1 0.6515625 0.46015625 0.0421875 0.01875
1 0.69765625 0.4375 0.0578125 0.0234375
1 0.65703125 0.38828125 0.0484375 0.021875
1 0.6453125 0.3875 0.0484375 0.025
1 0.6953125 0.3578125 0.059375 0.0203125
1 0.68984375 0.25625 0.053125 0.0171875
1 0.7140625 0.23828125 0.0234375 0.0171875
1 0.7203125 0.23125 0.053125 0.015625
1 0.7140625 0.2125 0.0421875 0.0171875
1 0.7171875 0.2203125 0.0359375 0.0140625
1 0.7453125 0.22421875 0.0390625 0.0140625
1 0.71875 0.11484375 0.0546875 0.021875
1 0.0265625 0.696875 0.0515625 0.021875
1 0.6921875 0.97578125 0.0484375 0.01875
1 0.7046875 0.95703125 0.0421875 0.0234375
1 0.77109375 0.91953125 0.0453125 0.01875
1 0.79140625 0.903125 0.0453125 0.021875
1 0.65859375 0.83359375 0.040625 0.015625
1 0.75 0.80859375 0.0421875 0.0171875
1 0.82421875 0.83515625 0.0453125 0.021875
1 0.7953125 0.75 0.0453125 0.0203125
1 0.77890625 0.71875 0.0453125 0.0171875
1 0.7234375 0.70703125 0.0484375 0.01875
1 0.72109375 0.69921875 0.0390625 0.015625
1 0.71953125 0.63515625 0.0453125 0.0171875
1 0.8953125 0.653125 0.05 0.0171875
1 0.9765625 0.6578125 0.046875 0.021875