0 0.009375 0.4359375 0.0125 0.0078125
1 0.0265625 0.66640625 0.04375 0.0109375
1 0.01796875 0.575 0.034375 0.0078125
1 0.0171875 0.49609375 0.034375 0.0078125
1 0.0125 0.403125 0.025 0.0125
1 0.0265625 0.33984375 0.04375 0.0125
1 0.05078125 0.328125 0.034375 0.0078125
1 0.52421875 0.01875 0.1 0.0234375
1 0.8109375 0.02265625 0.06875 0.01875
1 0.7921875 0.0453125 0.06875 0.015625
1 0.840625 0.084375 0.06875 0.0171875
1 0.884375 0.11328125 0.05625 0.0140625
1 0.9125 0.1375 0.0453125 0.0140625
1 0.82421875 0.1890625 0.05625 0.0140625
1 0.87265625 0.28515625 0.0546875 0.0125
1 0.87734375 0.29296875 0.04375 0.015625
1 0.91796875 0.28203125 0.04375 0.0109375
1 0.92578125 0.31171875 0.0453125 0.0171875
1 0.92578125 0.41171875 0.040625 0.0140625
1 0.89375 0.43671875 0.05 0.0140625
1 0.7828125 0.3671875 0.059375 0.0203125
1 0.85234375 0.50546875 0.05 0.0171875
1 0.90625 0.5078125 0.05 0.015625
1 0.909375 0.6515625 0.046875 0.021875
1 0.678125 0.61484375 0.078125 0.025
0 0.88515625 0.671875 0.0140625 0.00625
1 0.2609375 0.80078125 0.015625 0.0171875
0 0.7375 0.77890625 0.01875 0.009375
1 0.60546875 0.88125 0.065625 0.0140625
1 0.68828125 0.9 0.059375 0.0171875
1 0.80625 0.86953125 0.05625 0.0125
1 0.75234375 0.76171875 0.0578125 0.0125
1 0.659375 0.70546875 0.0625 0.0109375