0 0.0296875 0.28515625 0.00625 0.0078125
0 0.21015625 0.15390625 0.0078125 0.0140625
0 0.33515625 0.25859375 0.00625 0.0109375
0 0.53671875 0.21796875 0.0046875 0.0109375
0 0.45859375 0.43125 0.0078125 0.015625
0 0.340625 0.4734375 0.00625 0.0125
0 0.225 0.38515625 0.009375 0.0109375
0 0.16875 0.47265625 0.00625 0.0078125
0 0.00625 0.4296875 0.00625 0.009375
0 0.30234375 0.5046875 0.009375 0.0125
1 0.0609375 0.39765625 0.0125 0.046875
1 0.07109375 0.496875 0.0125 0.04375
1 0.1 0.45390625 0.0125 0.04375
1 0.11640625 0.4625 0.0140625 0.040625
1 0.1625 0.49765625 0.009375 0.034375
1 0.2421875 0.503125 0.009375 0.040625
1 0.23359375 0.29921875 0.0140625 0.05625
1 0.35546875 0.125 0.021875 0.0984375
1 0.52890625 0.315625 0.015625 0.0625
1 0.35546875 0.359375 0.01875 0.0609375
1 0.375 0.4 0.0109375 0.053125
1 0.33515625 0.50234375 0.0140625 0.04375
1 0.39609375 0.51953125 0.0140625 0.0203125
1 0.50546875 0.47578125 0.0140625 0.04375
1 0.5359375 0.45390625 0.00625 0.0515625
0 0.34921875 0.08125 0.0109375 0.0171875
1 0.68671875 0.47734375 0.021875 0.0828125
1 0.65078125 0.51640625 0.0265625 0.0265625
1 0.95859375 0.51640625 0.0203125 0.0265625
1 0.95234375 0.4671875 0.0171875 0.078125
1 0.96796875 0.471875 0.01875 0.084375
1 0.6703125 0.75 0.0125 0.0515625
1 0.68203125 0.715625 0.009375 0.0359375
1 0.6359375 0.56953125 0.0140625 0.05625
1 0.87578125 0.5453125 0.0203125 0.03125
1 0.7265625 0.8046875 0.0109375 0.0390625
1 0.73203125 0.8734375 0.015625 0.046875
1 0.8453125 0.91875 0.015625 0.040625
1 0.7640625 0.8234375 0.0125 0.046875
1 0.82890625 0.8296875 0.0171875 0.0453125
1 0.86484375 0.81171875 0.0140625 0.05
1 0.92890625 0.8265625 0.015625 0.0515625
1 0.91484375 0.87890625 0.01875 0.0421875
1 0.85 0.715625 0.021875 0.0546875
1 0.92578125 0.73515625 0.0140625 0.05625
1 0.9328125 0.71328125 0.0125 0.0390625