0 0.12265625 0.390625 0.009375 0.00625
1 0.0125 0.51953125 0.025 0.0203125
1 0.075 0.5078125 0.05625 0.015625
1 0.075 0.45546875 0.053125 0.0140625
1 0.078125 0.3546875 0.053125 0.0109375
1 0.11875 0.39140625 0.0453125 0.01875
1 0.07578125 0.3390625 0.05 0.0125
1 0.0125 0.30390625 0.025 0.0171875
1 0.0140625 0.28046875 0.028125 0.0171875
1 0.11171875 0.2078125 0.04375 0.0109375
1 0.09921875 0.08203125 0.0453125 0.0140625
1 0.0953125 0.0765625 0.0515625 0.0171875
1 0.11875 0.0484375 0.04375 0.0125
1 0.1109375 0.03984375 0.0453125 0.015625
1 0.0484375 0.02578125 0.053125 0.0140625
0 0.98515625 0.39765625 0.0125 0.0078125
1 0.4984375 0.01484375 0.0796875 0.021875
1 0.63828125 0.15859375 0.0640625 0.0171875
1 0.67890625 0.121875 0.053125 0.015625
1 0.75078125 0.1453125 0.0515625 0.0171875
1 0.7796875 0.19140625 0.0359375 0.015625
1 0.79921875 0.15390625 0.034375 0.0125
1 0.8203125 0.184375 0.034375 0.0125
1 0.81875 0.1984375 0.0359375 0.0140625
1 0.76171875 0.30546875 0.0390625 0.0125
1 0.796875 0.34140625 0.034375 0.0125
1 0.81875 0.37421875 0.03125 0.0125
1 0.815625 0.41953125 0.03125 0.009375
1 0.69765625 0.41953125 0.046875 0.0140625
1 0.778125 0.3984375 0.0390625 0.0125
1 0.72890625 0.4890625 0.046875 0.0140625
1 0.51875 0.4921875 0.0703125 0.0203125
1 0.72578125 0.57890625 0.0453125 0.0140625
1 0.76484375 0.60703125 0.04375 0.0125
1 0.77421875 0.5796875 0.0359375 0.0125
1 0.646875 0.76875 0.0765625 0.025
1 0.76015625 0.7640625 0.053125 0.01875
1 0.73203125 0.8328125 0.0703125 0.021875
1 0.66796875 0.8328125 0.0640625 0.015625
1 0.828125 0.9609375 0.0421875 0.01875
0 0.62265625 0.7515625 0.021875 0.0171875