0 0.46796875 0.13125 0.009375 0.0046875
1 0.2359375 0.02109375 0.0625 0.01875
1 0.3515625 0.003125 0.046875 0.00625
1 0.425 0.0125 0.05625 0.0140625
1 0.4234375 0.06484375 0.053125 0.0125
1 0.4234375 0.165625 0.053125 0.009375
1 0.4640625 0.13046875 0.04375 0.0171875
1 0.4203125 0.18125 0.05 0.0109375
1 0.33984375 0.2140625 0.05625 0.015625
1 0.33984375 0.2375 0.0609375 0.015625
1 0.4515625 0.31328125 0.04375 0.009375
0 0.909375 0.20390625 0.0125 0.00625
1 0.77421875 0.00703125 0.0296875 0.0140625
1 0.84140625 0.0046875 0.0453125 0.009375
1 0.85 0.00625 0.0453125 0.0125
1 0.8421875 0.19765625 0.040625 0.0140625
1 0.875 0.16875 0.040625 0.0109375
1 0.9125 0.19140625 0.040625 0.0125
1 0.825 0.23984375 0.046875 0.015625
1 0.91640625 0.35625 0.0375 0.0140625
1 0.84375 0.38515625 0.05 0.0078125
1 0.14453125 0.3953125 0.0765625 0.0125
1 0.32421875 0.4 0.059375 0.01875
1 0.4296875 0.51953125 0.0453125 0.01875
1 0.475 0.52890625 0.04375 0.015625
1 0.45234375 0.56875 0.04375 0.0140625
1 0.5328125 0.46796875 0.03125 0.0125
1 0.4953125 0.709375 0.040625 0.0109375
1 0.48125 0.7203125 0.040625 0.0140625
1 0.4125 0.7640625 0.046875 0.01875
1 0.478125 0.9109375 0.05 0.0125
1 0.78515625 0.44921875 0.0515625 0.0234375
1 0.83125 0.396875 0.096875 0.015625
1 0.84453125 0.45390625 0.0921875 0.0234375
1 0.84765625 0.4703125 0.078125 0.0234375
1 0.88515625 0.5 0.078125 0.0265625
1 0.9296875 0.515625 0.08125 0.0265625
1 0.921875 0.534375 0.0796875 0.0265625
1 0.853125 0.5578125 0.0828125 0.0234375
1 0.88125 0.60625 0.071875 0.01875
1 0.87578125 0.646875 0.0890625 0.0234375
1 0.95234375 0.7453125 0.0671875 0.0234375
1 0.89453125 0.7640625 0.078125 0.021875
1 0.88125 0.87421875 0.0796875 0.025
1 0.778125 0.71171875 0.0375 0.0296875
1 0.76953125 0.625 0.0203125 0.03125