0 0.10546875 0.35078125 0.009375 0.00625
1 0.35 0.4234375 0.059375 0.028125
1 0.24140625 0.4640625 0.0484375 0.025
1 0.16640625 0.46171875 0.0578125 0.021875
1 0.16015625 0.409375 0.0546875 0.0203125
1 0.14453125 0.31015625 0.053125 0.0171875
1 0.109375 0.35078125 0.0453125 0.025
1 0.1453125 0.29375 0.05 0.01875
1 0.21953125 0.24921875 0.0578125 0.0234375
1 0.215625 0.2265625 0.0625 0.025
1 0.09375 0.16796875 0.04375 0.0171875
1 0.090625 0.0421875 0.046875 0.01875
1 0.09375 0.03671875 0.0515625 0.021875
1 0.06796875 0.0109375 0.0453125 0.01875
1 0.07421875 0.00625 0.0453125 0.0125
1 0.840625 0.10078125 0.065625 0.03125
1 0.70703125 0.06171875 0.0734375 0.0265625
1 0.815625 0.20546875 0.06875 0.0328125
1 0.96328125 0.18828125 0.0625 0.021875
1 0.9234375 0.26640625 0.06875 0.0265625
1 0.82734375 0.48359375 0.0734375 0.0265625
1 0.7484375 0.5796875 0.0484375 0.021875
1 0.690625 0.55546875 0.0640625 0.0234375
1 0.54296875 0.3875 0.05625 0.0203125
1 0.55703125 0.3671875 0.053125 0.0234375
1 0.63671875 0.30078125 0.0609375 0.025
1 0.73984375 0.23515625 0.0578125 0.0234375
1 0.7234375 0.2734375 0.0484375 0.021875
1 0.4859375 0.18671875 0.0484375 0.01875
0 0.44765625 0.55859375 0.0140625 0.0109375
0 0.5171875 0.47578125 0.0140625 0.009375
0 0.46953125 0.3265625 0.0171875 0.0125
0 0.5640625 0.30859375 0.015625 0.0125
0 0.59921875 0.16640625 0.0171875 0.009375
0 0.68203125 0.190625 0.0140625 0.0109375
0 0.68828125 0.32421875 0.0203125 0.0125
0 0.92109375 0.39296875 0.0203125 0.009375
0 0.7390625 0.5078125 0.0171875 0.0109375
0 0.79921875 0.146875 0.0109375 0.0078125
0 0.86171875 0.0453125 0.0203125 0.0109375
1 0.03046875 0.74765625 0.0609375 0.0359375
1 0.0109375 0.82109375 0.021875 0.0390625
1 0.08828125 0.8359375 0.084375 0.0390625
1 0.2515625 0.79609375 0.084375 0.040625
1 0.18984375 0.6953125 0.09375 0.04375
1 0.1453125 0.98515625 0.071875 0.0296875
1 0.021875 0.93125 0.04375 0.03125
1 0.02421875 0.95390625 0.0484375 0.0265625
1 0.5375 0.95859375 0.046875 0.01875
1 0.5421875 0.95390625 0.0515625 0.015625
1 0.503125 0.88359375 0.04375 0.0171875
1 0.48515625 0.896875 0.0296875 0.01875
1 0.49375 0.846875 0.04375 0.0171875
1 0.53515625 0.825 0.046875 0.015625
1 0.46171875 0.73984375 0.04375 0.0171875
1 0.49140625 0.64609375 0.0546875 0.0234375
1 0.47890625 0.64765625 0.0484375 0.021875
1 0.44453125 0.60859375 0.0453125 0.0171875
1 0.7296875 0.6515625 0.0828125 0.034375