1 0.04140625 0.375 0.0421875 0.109375
0 0.9796875 0.053125 0.009375 0.015625
0 0.9875 0.1453125 0.00625 0.0109375
0 0.87265625 0.05234375 0.009375 0.0171875
0 0.77890625 0.0015625 0.0078125 0.003125
0 0.6796875 0.03671875 0.0078125 0.0109375
0 0.8359375 0.184375 0.0078125 0.015625
0 0.94296875 0.31015625 0.009375 0.015625
0 0.890625 0.39609375 0.0078125 0.0125
0 0.790625 0.3734375 0.0078125 0.0125
0 0.6078125 0.34453125 0.0109375 0.0125
0 0.5328125 0.3296875 0.0109375 0.0171875
0 0.54375 0.24296875 0.0125 0.0125
0 0.53359375 0.15703125 0.0125 0.0203125
0 0.62734375 0.134375 0.00625 0.0109375
0 0.4296875 0.21484375 0.00625 0.0109375
1 0.71640625 0.22734375 0.021875 0.053125
1 0.78515625 0.16171875 0.0234375 0.0546875
1 0.7921875 0.32109375 0.0203125 0.0453125
1 0.71875 0.38203125 0.0171875 0.046875
1 0.5140625 0.01875 0.025 0.0375
1 0.5640625 0.1109375 0.025 0.0546875
1 0.64375 0.19921875 0.0203125 0.0484375
1 0.65390625 0.24140625 0.021875 0.0515625
1 0.68984375 0.12109375 0.0265625 0.0546875
1 0.840625 0.10703125 0.025 0.04375
1 0.75859375 0.28359375 0.021875 0.0515625
1 0.684375 0.33828125 0.0203125 0.0453125
1 0.9953125 0.26328125 0.009375 0.0453125
1 0.9890625 0.3953125 0.0171875 0.046875
1 0.81484375 0.24296875 0.0234375 0.0515625
1 0.88515625 0.24921875 0.0234375 0.0453125
1 0.0546875 0.91015625 0.0296875 0.0640625
1 0.1015625 0.8546875 0.03125 0.0734375
1 0.15234375 0.878125 0.025 0.065625
1 0.1421875 0.9171875 0.028125 0.0578125
1 0.16640625 0.915625 0.0203125 0.0484375
1 0.20078125 0.84765625 0.0296875 0.0171875
1 0.25625 0.85625 0.0234375 0.05625
1 0.2765625 0.8453125 0.021875 0.0515625
1 0.2890625 0.87578125 0.0203125 0.0484375
1 0.3359375 0.87109375 0.025 0.0546875
1 0.3671875 0.853125 0.03125 0.05625
1 0.37578125 0.8265625 0.025 0.0578125
1 0.4046875 0.8421875 0.01875 0.046875
1 0.41640625 0.8515625 0.0046875 0.04375
1 0.33359375 0.734375 0.025 0.06875
1 0.28359375 0.74453125 0.03125 0.0703125
0 0.28359375 0.94453125 0.009375 0.0171875
1 0.4453125 0.7140625 0.0359375 0.08125
1 0.46953125 0.57265625 0.0421875 0.090625
1 0.609375 0.65078125 0.0359375 0.071875
1 0.61171875 0.72109375 0.0296875 0.0640625
1 0.70546875 0.78046875 0.025 0.0578125
1 0.7390625 0.6359375 0.0328125 0.0765625
1 0.93671875 0.63359375 0.0375 0.0828125
1 0.58125 0.79375 0.0296875 0.065625
1 0.5453125 0.80390625 0.028125 0.065625
1 0.525 0.8171875 0.0234375 0.05625
1 0.44375 0.77578125 0.0296875 0.0734375
1 0.43046875 0.809375 0.0234375 0.0625
1 0.44921875 0.82578125 0.01875 0.0484375
1 0.5078125 0.82890625 0.0203125 0.05