1 0.0171875 0.0890625 0.034375 0.03125
1 0.028125 0.103125 0.05625 0.028125
1 0.02890625 0.12578125 0.0578125 0.0296875
1 0.065625 0.23203125 0.0734375 0.028125
1 0.03671875 0.275 0.0734375 0.03125
1 0.25625 0.21796875 0.059375 0.021875
1 0.19609375 0.31171875 0.0640625 0.0140625
0 0.9515625 0.02890625 0.01875 0.009375
0 0.83515625 0.028125 0.021875 0.0140625
0 0.7265625 0.20859375 0.0171875 0.009375
0 0.79921875 0.315625 0.0203125 0.00625
0 0.8703125 0.30234375 0.015625 0.009375
0 0.54140625 0.31328125 0.0109375 0.0109375
1 0.990625 0.09453125 0.01875 0.0234375
1 0.9765625 0.17734375 0.046875 0.0234375
1 0.9125 0.24140625 0.0671875 0.0296875
1 0.98984375 0.27265625 0.0203125 0.0296875
1 0.90546875 0.25625 0.0640625 0.028125
1 0.71875 0.075 0.0953125 0.034375
1 0.85234375 0.14765625 0.05625 0.028125
1 0.8296875 0.17578125 0.0796875 0.028125
1 0.27890625 0.97890625 0.065625 0.0234375
1 0.28515625 0.978125 0.078125 0.028125
1 0.24609375 0.884375 0.0703125 0.0296875
1 0.16484375 0.85390625 0.0890625 0.0359375
1 0.32421875 0.8046875 0.0625 0.025
1 0.33984375 0.8015625 0.0703125 0.0265625
1 0.41484375 0.60625 0.0484375 0.025
1 0.4015625 0.5796875 0.0578125 0.0265625
1 0.35625 0.55546875 0.0703125 0.0265625
1 0.4171875 0.55703125 0.04375 0.0265625
1 0.34296875 0.44609375 0.078125 0.0328125
1 0.43046875 0.471875 0.0171875 0.025
1 0.41015625 0.43125 0.0578125 0.025
1 0.7265625 0.3703125 0.053125 0.03125
1 0.64609375 0.35078125 0.0609375 0.025
1 0.63359375 0.48046875 0.0609375 0.0265625
1 0.68515625 0.54609375 0.0609375 0.0296875
1 0.77578125 0.5203125 0.0578125 0.0234375
1 0.746875 0.46015625 0.0640625 0.028125
1 0.75546875 0.4375 0.059375 0.021875
1 0.725 0.4296875 0.0453125 0.025
1 0.8 0.575 0.0453125 0.025
1 0.821875 0.5875 0.0453125 0.01875
1 0.7546875 0.63671875 0.04375 0.0234375
1 0.70625 0.69921875 0.05625 0.0203125
1 0.7546875 0.74609375 0.0453125 0.021875
1 0.7140625 0.77578125 0.0515625 0.0203125
1 0.67734375 0.7234375 0.0609375 0.025
1 0.628125 0.8109375 0.0640625 0.028125
1 0.57734375 0.775 0.0671875 0.0296875
1 0.66015625 0.94609375 0.0546875 0.0265625
1 0.49609375 0.99453125 0.0734375 0.0109375
0 0.7421875 0.73671875 0.028125 0.0140625