0 0.08671875 0.34375 0.01875 0.009375
1 0.02109375 0.196875 0.0421875 0.015625
1 0.0796875 0.278125 0.084375 0.0125
1 0.178125 0.36953125 0.071875 0.0140625
1 0.15625 0.32109375 0.078125 0.015625
1 0.3234375 0.3125 0.0625 0.0125
1 0.334375 0.2625 0.0640625 0.009375
1 0.35 0.25078125 0.0640625 0.0125
1 0.31484375 0.21875 0.059375 0.0125
1 0.3109375 0.18359375 0.053125 0.009375
1 0.390625 0.1390625 0.0609375 0.0125
1 0.4203125 0.07109375 0.05625 0.0109375
1 0.33359375 0.05703125 0.071875 0.0125
1 0.2609375 0.003125 0.065625 0.00625
1 0.9859375 0.0546875 0.028125 0.015625
1 0.10703125 0.7265625 0.078125 0.03125
1 0.11953125 0.86171875 0.08125 0.0203125
1 0.2671875 0.94375 0.075 0.0171875
1 0.3375 0.9375 0.0625 0.015625
1 0.38046875 0.91796875 0.0640625 0.015625
1 0.48046875 0.871875 0.0625 0.01875
1 0.4953125 0.89296875 0.053125 0.0125
1 0.30859375 0.59375 0.0625 0.01875
1 0.36015625 0.5953125 0.05625 0.0125
1 0.4390625 0.6109375 0.059375 0.021875
1 0.51796875 0.6234375 0.05 0.0140625
1 0.5375 0.7140625 0.025 0.015625
1 0.4484375 0.51171875 0.0515625 0.01875
1 0.534375 0.41875 0.03125 0.0125
1 0.5265625 0.4453125 0.046875 0.0125
1 0.96875 0.96796875 0.046875 0.0171875
1 0.89765625 0.9484375 0.046875 0.0125
1 0.83125 0.95 0.04375 0.0125
1 0.7875 0.93046875 0.053125 0.01875
1 0.78359375 0.97421875 0.059375 0.015625
1 0.703125 0.99453125 0.053125 0.0109375
1 0.640625 0.99296875 0.059375 0.0140625
1 0.95 0.87421875 0.046875 0.0140625
1 0.97734375 0.83671875 0.0453125 0.0140625
1 0.95390625 0.8375 0.040625 0.0125
1 0.90546875 0.8296875 0.053125 0.009375
1 0.78046875 0.82734375 0.053125 0.01875
1 0.74140625 0.6953125 0.053125 0.0125
1 0.6171875 0.63203125 0.0640625 0.0140625
1 0.671875 0.71875 0.059375 0.01875
1 0.775 0.5359375 0.0515625 0.0125
1 0.9328125 0.50390625 0.04375 0.0125
1 0.88125 0.61796875 0.0515625 0.009375
1 0.99296875 0.7109375 0.0140625 0.009375
1 0.93359375 0.71328125 0.046875 0.0125
0 0.89921875 0.91640625 0.021875 0.0125