1 0.0265625 0.13359375 0.0140625 0.05
1 0.02578125 0.0953125 0.0140625 0.04375
1 0.003125 0.4453125 0.00625 0.071875
1 0.278125 0.46953125 0.0171875 0.0671875
1 0.33046875 0.35546875 0.0171875 0.0625
1 0.34921875 0.43671875 0.0171875 0.0734375
1 0.22578125 0.29609375 0.0171875 0.0625
1 0.290625 0.20078125 0.015625 0.0453125
1 0.47890625 0.1765625 0.0171875 0.04375
1 0.4796875 0.1609375 0.015625 0.046875
1 0.50625 0.2203125 0.0171875 0.0625
1 0.5296875 0.44375 0.0265625 0.0671875
1 0.69140625 0.328125 0.0203125 0.06875
1 0.759375 0.5171875 0.015625 0.04375
1 0.8078125 0.5109375 0.025 0.05625
1 0.94453125 0.4890625 0.021875 0.06875
1 0.95703125 0.3609375 0.01875 0.05625
1 0.93203125 0.3703125 0.0296875 0.0328125
0 0.953125 0.37890625 0.0078125 0.0171875
1 0.91171875 0.19375 0.0171875 0.05625
1 0.8578125 0.14140625 0.0203125 0.05
1 0.6828125 0.146875 0.0109375 0.05
1 0.9390625 0.1421875 0.01875 0.05
1 0.98046875 0.090625 0.0125 0.0453125
1 0.6296875 0.95625 0.0125 0.0625
1 0.52421875 0.85 0.0203125 0.05
1 0.4828125 0.73203125 0.0109375 0.0453125
1 0.4609375 0.94765625 0.0140625 0.053125
1 0.44609375 0.96015625 0.0140625 0.0515625
1 0.265625 0.9171875 0.0140625 0.046875
1 0.33984375 0.7984375 0.0140625 0.0453125
1 0.1328125 0.93125 0.0140625 0.046875
1 0.11328125 0.8828125 0.0109375 0.046875
1 0.046875 0.92734375 0.0140625 0.05
1 0.72265625 0.60625 0.0109375 0.0453125
1 0.90390625 0.5515625 0.0109375 0.025
1 0.928125 0.60234375 0.0109375 0.04375
1 0.9296875 0.70703125 0.0140625 0.05625
1 0.99453125 0.57890625 0.0109375 0.040625
1 0.99609375 0.54765625 0.0078125 0.0171875