1 0.11796875 0.00703125 0.078125 0.0140625
1 0.3078125 0.0171875 0.059375 0.0125
1 0.3859375 0.0296875 0.05625 0.0125
1 0.4375 0.2046875 0.05 0.0140625
1 0.47578125 0.20390625 0.04375 0.0125
1 0.2203125 0.159375 0.0578125 0.0171875
1 0.12578125 0.1703125 0.071875 0.0171875
1 0.096875 0.45 0.0671875 0.0171875
1 0.2109375 0.5046875 0.0625 0.0171875
1 0.12890625 0.521875 0.0734375 0.015625
1 0.271875 0.40078125 0.0625 0.0171875
1 0.36640625 0.4671875 0.0453125 0.015625
1 0.64921875 0.1921875 0.04375 0.009375
1 0.66796875 0.4 0.046875 0.0109375
1 0.7859375 0.4359375 0.034375 0.009375
1 0.61796875 0.43984375 0.0171875 0.0109375
1 0.653125 0.53203125 0.05625 0.0140625
0 0.05625 0.60546875 0.0125 0.009375
0 0.05 0.56328125 0.0125 0.009375
0 0.140625 0.5421875 0.0125 0.00625
0 0.11640625 0.93203125 0.015625 0.009375
0 0.26875 0.99296875 0.01875 0.009375
0 0.25078125 0.7859375 0.01875 0.009375
0 0.43828125 0.8828125 0.0125 0.00625
0 0.49921875 0.5859375 0.015625 0.009375
1 0.25859375 0.68046875 0.078125 0.0328125
1 0.36484375 0.8359375 0.0671875 0.0171875
1 0.38828125 0.71953125 0.0640625 0.0234375
1 0.4265625 0.76328125 0.053125 0.0140625
1 0.45625 0.740625 0.053125 0.0171875
1 0.4734375 0.69375 0.05 0.0140625
1 0.49375 0.67890625 0.0453125 0.015625
1 0.4109375 0.6875 0.05625 0.0203125
1 0.428125 0.60859375 0.0546875 0.015625
1 0.42265625 0.5515625 0.0625 0.0171875
1 0.34453125 0.5421875 0.0734375 0.00625
1 0.9765625 0.590625 0.046875 0.015625
1 0.76171875 0.67734375 0.0953125 0.0203125
1 0.98046875 0.890625 0.0390625 0.01875