1 0.37265625 0.0359375 0.0328125 0.015625
1 0.30703125 0.04453125 0.05625 0.0140625
1 0.246875 0.21640625 0.05 0.015625
1 0.20859375 0.2140625 0.04375 0.015625
1 0.9640625 0.13984375 0.046875 0.0125
1 0.9609375 0.15859375 0.0609375 0.0203125
1 0.859375 0.0953125 0.0703125 0.0203125
1 0.57734375 0.23359375 0.0453125 0.0203125
1 0.63515625 0.1453125 0.0453125 0.01875
1 0.734375 0.23046875 0.0671875 0.0203125
1 0.709375 0.3546875 0.04375 0.015625
1 0.8328125 0.3953125 0.0640625 0.0234375
1 0.68125 0.06328125 0.0484375 0.015625
1 0.2484375 0.46640625 0.0703125 0.0203125
1 0.26640625 0.48984375 0.06875 0.0171875
1 0.215625 0.5265625 0.0703125 0.01875
1 0.171875 0.5546875 0.05625 0.015625
1 0.14296875 0.578125 0.0453125 0.015625
1 0.22890625 0.6328125 0.05625 0.015625
1 0.1765625 0.72734375 0.0546875 0.0140625
1 0.17265625 0.734375 0.0453125 0.0171875
1 0.13203125 0.72265625 0.04375 0.0125
1 0.1234375 0.7515625 0.046875 0.01875
1 0.11953125 0.8515625 0.040625 0.015625
1 0.15078125 0.878125 0.05 0.015625
1 0.2640625 0.8125 0.0609375 0.0234375
1 0.18984375 0.94765625 0.0515625 0.01875
1 0.1359375 0.9484375 0.0515625 0.0171875
1 0.5859375 0.9015625 0.0625 0.015625
1 0.521875 0.840625 0.05 0.0171875
1 0.4984375 0.8453125 0.0328125 0.0140625
1 0.47890625 0.834375 0.0390625 0.015625
1 0.49140625 0.82109375 0.04375 0.015625
1 0.4859375 0.7890625 0.04375 0.0125
1 0.471875 0.78203125 0.040625 0.0109375
1 0.45859375 0.76953125 0.040625 0.0125
1 0.51171875 0.6859375 0.0484375 0.01875
1 0.4796875 0.66796875 0.04375 0.0078125
1 0.4703125 0.671875 0.04375 0.0125
1 0.471875 0.54375 0.0453125 0.0171875
1 0.453125 0.5 0.04375 0.015625
1 0.50390625 0.46015625 0.046875 0.015625
1 0.5625 0.47421875 0.0546875 0.0125
1 0.51875 0.43046875 0.0453125 0.0125
1 0.6625 0.43984375 0.05 0.009375
1 0.671875 0.43671875 0.053125 0.0125