1 0.02421875 0.5296875 0.0484375 0.015625
1 0.06328125 0.3984375 0.053125 0.0140625
1 0.01328125 0.3140625 0.0265625 0.01875
1 0.01484375 0.1328125 0.0296875 0.0125
1 0.0640625 0.1140625 0.0515625 0.01875
1 0.0140625 0.0390625 0.028125 0.0125
1 0.07109375 0.01171875 0.05625 0.015625
1 0.8546875 0.58203125 0.109375 0.0484375
1 0.71796875 0.51953125 0.0953125 0.0375
1 0.703125 0.37265625 0.0859375 0.040625
1 0.71171875 0.2640625 0.096875 0.028125
1 0.728125 0.14296875 0.096875 0.034375
1 0.75546875 0.04921875 0.0578125 0.0296875
1 0.61171875 0.63359375 0.0703125 0.0109375
1 0.58046875 0.61015625 0.0421875 0.0203125
1 0.584375 0.5953125 0.05 0.021875
1 0.57578125 0.60703125 0.0328125 0.0203125
1 0.12734375 0.75078125 0.078125 0.01875
1 0.121875 0.85078125 0.0703125 0.021875
1 0.321875 0.92578125 0.06875 0.0171875
1 0.3046875 0.97421875 0.065625 0.028125
1 0.628125 0.99375 0.075 0.0125
1 0.971875 0.765625 0.05625 0.028125
1 0.96171875 0.75 0.0765625 0.0203125
1 0.93671875 0.71484375 0.08125 0.0234375
1 0.91640625 0.7171875 0.0765625 0.021875
1 0.93671875 0.67578125 0.1015625 0.028125
1 0.84921875 0.64921875 0.0921875 0.0203125
1 0.80703125 0.775 0.0765625 0.025
1 0.8703125 0.778125 0.08125 0.021875
1 0.8890625 0.73125 0.06875 0.025
1 0.85078125 0.8171875 0.0859375 0.0296875
1 0.91640625 0.81796875 0.0828125 0.028125
1 0.89765625 0.80625 0.078125 0.0171875
1 0.859375 0.94453125 0.0953125 0.03125
1 0.73125 0.82421875 0.0671875 0.0171875
1 0.73984375 0.8328125 0.084375 0.0140625