1 0.5546875 0.05625 0.009375 0.053125
1 0.490625 0.16015625 0.0140625 0.0390625
1 0.4734375 0.11640625 0.0203125 0.0515625
1 0.29140625 0.10703125 0.0125 0.04375
1 0.2734375 0.05 0.0203125 0.0515625
1 0.2546875 0.16796875 0.0140625 0.0453125
1 0.19765625 0.10859375 0.0140625 0.0484375
1 0.17109375 0.0421875 0.0171875 0.0578125
1 0.09921875 0.08515625 0.0125 0.04375
1 0.13828125 0.17890625 0.0125 0.03125
1 0.07734375 0.159375 0.0109375 0.028125
1 0.08046875 0.1234375 0.0125 0.04375
1 0.06875 0.08828125 0.0125 0.040625
1 0.04140625 0.021875 0.0171875 0.04375
1 0.0046875 0.01328125 0.009375 0.0265625
1 0.015625 0.0984375 0.01875 0.0546875
0 0.6 0.12421875 0.0140625 0.0234375
1 0.41796875 0.78359375 0.0125 0.040625
1 0.39765625 0.78828125 0.0140625 0.0328125
1 0.3453125 0.8890625 0.0140625 0.0390625
1 0.271875 0.84375 0.0125 0.040625
1 0.20390625 0.79140625 0.009375 0.04375
1 0.3375 0.70625 0.0203125 0.0515625
1 0.3953125 0.69140625 0.0140625 0.05
1 0.4921875 0.66640625 0.0171875 0.0484375
1 0.50546875 0.57265625 0.028125 0.0640625
1 0.2515625 0.61328125 0.01875 0.0609375
1 0.096875 0.71484375 0.0171875 0.0546875
1 0.01328125 0.76875 0.0125 0.0375
1 0.00390625 0.65390625 0.0078125 0.0546875
1 0.12890625 0.83984375 0.0125 0.03125
1 0.14375 0.8890625 0.0125 0.0375
1 0.79921875 0.78125 0.01875 0.0734375
1 0.93671875 0.73046875 0.028125 0.0734375
1 0.87578125 0.85078125 0.01875 0.065625
1 0.640625 0.8984375 0.0140625 0.046875
1 0.64375 0.92265625 0.0140625 0.05