0 0.15703125 0.4859375 0.015625 0.0109375
1 0.1640625 0.49921875 0.0375 0.0125
1 0.09375 0.47734375 0.05 0.0171875
1 0.078125 0.34140625 0.0546875 0.0171875
1 0.2296875 0.37734375 0.0375 0.0125
1 0.19296875 0.2953125 0.0390625 0.0140625
1 0.153125 0.2703125 0.0515625 0.0203125
1 0.1796875 0.08984375 0.04375 0.0140625
1 0.1265625 0.06171875 0.0515625 0.0203125
1 0.2453125 0.065625 0.0453125 0.0140625
1 0.19765625 0.00234375 0.0484375 0.0046875
1 0.7171875 0.125 0.0703125 0.0234375
1 0.76796875 0.14765625 0.0578125 0.025
1 0.6671875 0.20078125 0.0671875 0.01875
1 0.76640625 0.26875 0.053125 0.015625
1 0.80078125 0.2421875 0.05 0.0171875
1 0.7984375 0.45078125 0.04375 0.0140625
1 0.821875 0.47578125 0.0375 0.0125
1 0.7578125 0.46875 0.0453125 0.01875
1 0.7078125 0.4671875 0.053125 0.015625
1 0.60859375 0.45703125 0.078125 0.0203125
1 0.696875 0.39140625 0.053125 0.015625
1 0.73359375 0.353125 0.065625 0.0203125
0 0.8234375 0.43046875 0.009375 0.0046875
0 0.18671875 0.89140625 0.015625 0.009375
1 0.290625 0.61953125 0.0484375 0.015625
1 0.2671875 0.60234375 0.040625 0.0140625
1 0.1828125 0.6703125 0.0421875 0.015625
1 0.16796875 0.73125 0.0453125 0.015625
1 0.14921875 0.76953125 0.0484375 0.015625
1 0.1625 0.865625 0.046875 0.015625
1 0.14140625 0.8734375 0.03125 0.015625
1 0.259375 0.81328125 0.0515625 0.0203125
1 0.31484375 0.78203125 0.0453125 0.0140625
1 0.30859375 0.76953125 0.046875 0.0140625
1 0.2609375 0.99140625 0.0359375 0.015625
1 0.4734375 0.9078125 0.046875 0.025
1 0.60078125 0.99453125 0.0578125 0.0109375
1 0.6703125 0.9640625 0.0484375 0.0125
1 0.62265625 0.82421875 0.0515625 0.0203125
1 0.6046875 0.80546875 0.0546875 0.01875
1 0.69453125 0.81953125 0.05 0.0140625
1 0.74921875 0.84140625 0.046875 0.015625
1 0.775 0.9109375 0.0375 0.0125
1 0.778125 0.690625 0.0484375 0.0171875
1 0.67734375 0.7078125 0.05 0.0171875
1 0.596875 0.60234375 0.0625 0.025
1 0.53359375 0.553125 0.0640625 0.025