0 0.0375 0.51875 0.01875 0.009375
1 0.1140625 0.071875 0.084375 0.0203125
1 0.16328125 0.27578125 0.084375 0.0203125
1 0.02109375 0.425 0.0421875 0.01875
1 0.07890625 0.43984375 0.0640625 0.0328125
1 0.06640625 0.5046875 0.078125 0.0234375
1 0.0953125 0.565625 0.08125 0.00625
1 0.234375 0.559375 0.078125 0.01875
1 0.20546875 0.49453125 0.078125 0.0234375
1 0.253125 0.48046875 0.078125 0.0171875
1 0.2546875 0.50625 0.071875 0.01875
1 0.2453125 0.534375 0.0796875 0.0234375
1 0.28671875 0.51640625 0.05625 0.0171875
1 0.3078125 0.5078125 0.08125 0.0171875
1 0.28828125 0.3953125 0.078125 0.0109375
1 0.3734375 0.32578125 0.06875 0.0171875
1 0.825 0.0078125 0.06875 0.015625
1 0.98125 0.07265625 0.0375 0.0140625
1 0.9796875 0.09375 0.040625 0.0125
1 0.99375 0.22421875 0.0125 0.0171875
1 0.97890625 0.23671875 0.0421875 0.0140625
1 0.98671875 0.26640625 0.0265625 0.0109375
1 0.96328125 0.35625 0.046875 0.0171875
1 0.94296875 0.41953125 0.05625 0.015625
1 0.9921875 0.43515625 0.015625 0.0203125
1 0.12890625 0.77734375 0.071875 0.0125
1 0.27109375 0.7296875 0.0515625 0.0171875
1 0.2984375 0.690625 0.046875 0.0109375
1 0.30390625 0.63671875 0.040625 0.0109375
1 0.2359375 0.57890625 0.059375 0.0140625
0 0.2953125 0.83359375 0.009375 0.003125
1 0.3171875 0.82734375 0.040625 0.009375
1 0.315625 0.70625 0.0390625 0.009375
1 0.32890625 0.70234375 0.034375 0.009375
1 0.32421875 0.61953125 0.04375 0.0125
0 0.20546875 0.6578125 0.0140625 0.009375
0 0.1671875 0.81171875 0.009375 0.00625
0 0.1296875 0.5984375 0.0125 0.00625
0 0.06875 0.71015625 0.0140625 0.0078125
0 0.17109375 0.89296875 0.0125 0.0078125
1 0.23671875 0.9640625 0.053125 0.0140625
0 0.0640625 0.99375 0.009375 0.00625
0 0.265625 0.94296875 0.009375 0.00625
0 0.9515625 0.6890625 0.0125 0.0046875
1 0.94453125 0.66796875 0.040625 0.0125
1 0.96640625 0.67578125 0.04375 0.0109375
1 0.89140625 0.7984375 0.05625 0.0140625
1 0.8484375 0.80390625 0.053125 0.0140625
1 0.9734375 0.9421875 0.0359375 0.0109375
1 0.9828125 0.928125 0.034375 0.0125
1 0.9296875 0.97578125 0.05 0.0125
1 0.7703125 0.96171875 0.0625 0.01875
1 0.78828125 0.91328125 0.065625 0.015625