1 0.26875 0.0359375 0.0375 0.071875
1 0.04609375 0.02890625 0.0390625 0.0578125
1 0.04921875 0.06796875 0.0328125 0.0796875
1 0.0234375 0.0625 0.0328125 0.0734375
1 0.00859375 0.04609375 0.0171875 0.0828125
1 0.01015625 0.09140625 0.0203125 0.0578125
1 0.0125 0.11328125 0.025 0.0828125
1 0.12265625 0.12265625 0.0265625 0.078125
1 0.16953125 0.22109375 0.03125 0.0703125
1 0.47109375 0.36953125 0.0296875 0.0640625
1 0.43671875 0.171875 0.0140625 0.06875
1 0.49453125 0.18203125 0.0296875 0.0671875
1 0.55234375 0.03828125 0.0296875 0.0765625
1 0.6046875 0.15078125 0.0328125 0.06875
1 0.6890625 0.26015625 0.028125 0.0671875
1 0.77421875 0.36015625 0.028125 0.0640625
1 0.93671875 0.19375 0.0328125 0.0703125
1 0.72890625 0.040625 0.0390625 0.08125
1 0.915625 0.01640625 0.0375 0.0328125
1 0.13203125 0.5390625 0.0390625 0.078125
1 0.00625 0.71875 0.0125 0.084375
1 0.02578125 0.8703125 0.028125 0.0703125
1 0.0453125 0.8625 0.028125 0.0703125
1 0.1375 0.8796875 0.03125 0.0703125
1 0.22890625 0.75859375 0.0390625 0.0890625
1 0.31640625 0.7578125 0.0359375 0.08125
1 0.2953125 0.88828125 0.028125 0.0703125
1 0.26015625 0.93203125 0.034375 0.0671875
1 0.27265625 0.965625 0.028125 0.0609375
1 0.66484375 0.55390625 0.0203125 0.05
1 0.68671875 0.52265625 0.0265625 0.0453125
1 0.75078125 0.50703125 0.0234375 0.0140625
1 0.696875 0.5859375 0.0234375 0.0546875
1 0.70546875 0.65546875 0.0234375 0.05
1 0.7953125 0.58203125 0.0203125 0.0515625
1 0.8234375 0.58203125 0.0203125 0.053125
1 0.96171875 0.7328125 0.0171875 0.0359375