0 0.47109375 0.453125 0.01875 0.009375
1 0.440625 0.4609375 0.078125 0.015625
1 0.41640625 0.39140625 0.0828125 0.03125
1 0.41484375 0.33203125 0.0859375 0.03125
1 0.44609375 0.2953125 0.06875 0.021875
1 0.32265625 0.1921875 0.08125 0.0234375
1 0.246875 0.07890625 0.05625 0.0234375
1 0.2765625 0.40078125 0.078125 0.021875
1 0.3421875 0.35546875 0.071875 0.01875
1 0.3625 0.36640625 0.0765625 0.01875
1 0.3015625 0.46171875 0.078125 0.0140625
1 0.25390625 0.45390625 0.071875 0.0203125
1 0.26484375 0.4265625 0.0796875 0.025
1 0.221875 0.4421875 0.05625 0.0171875
1 0.20078125 0.45 0.08125 0.01875
0 0.84453125 0.07421875 0.009375 0.0046875
0 0.76640625 0.07421875 0.009375 0.0046875
0 0.6171875 0.0703125 0.0109375 0.003125
0 0.64609375 0.165625 0.0125 0.0046875
0 0.6328125 0.08359375 0.009375 0.00625
1 0.6796875 0.0015625 0.05 0.003125
1 0.65 0.00390625 0.04375 0.0078125
1 0.67578125 0.0921875 0.0484375 0.0125
1 0.76171875 0.15546875 0.0515625 0.0140625
1 0.915625 0.146875 0.0625 0.0125
1 0.9265625 0.23984375 0.0671875 0.0171875
1 0.60078125 0.08203125 0.040625 0.0125
1 0.68125 0.31015625 0.05 0.0171875
1 0.76640625 0.4578125 0.05625 0.0171875
1 0.28828125 0.68671875 0.05 0.0109375
1 0.278125 0.66484375 0.053125 0.0109375
0 0.296875 0.6609375 0.015625 0.00625
1 0.28515625 0.65390625 0.053125 0.0109375
1 0.26171875 0.65625 0.0484375 0.0078125
1 0.2875 0.571875 0.0578125 0.0140625
1 0.296875 0.55234375 0.0578125 0.0140625
1 0.33515625 0.52890625 0.0640625 0.0109375
1 0.41484375 0.59375 0.0640625 0.0109375
1 0.390625 0.69609375 0.0625 0.0140625
1 0.3859375 0.73515625 0.0625 0.0171875
1 0.4640625 0.78125 0.0578125 0.0265625
1 0.3546875 0.83984375 0.0640625 0.0171875
1 0.31484375 0.4890625 0.05 0.0171875
1 0.33203125 0.48046875 0.05 0.009375
1 0.3390625 0.5859375 0.059375 0.0125
1 0.3109375 0.58828125 0.040625 0.0171875
1 0.3390625 0.5984375 0.04375 0.0140625
1 0.42421875 0.90859375 0.065625 0.0203125
1 0.95546875 0.9640625 0.071875 0.0171875
1 0.921875 0.9203125 0.065625 0.0109375
1 0.88515625 0.9375 0.05625 0.0171875
1 0.88203125 0.9140625 0.046875 0.0109375
1 0.94140625 0.86640625 0.0125 0.028125
1 0.921875 0.8140625 0.05625 0.0109375
1 0.928125 0.79140625 0.0515625 0.0109375
1 0.8953125 0.7859375 0.046875 0.0109375
1 0.890625 0.73828125 0.053125 0.0140625
1 0.90078125 0.7046875 0.053125 0.0203125
1 0.92578125 0.690625 0.05625 0.0140625
1 0.90390625 0.665625 0.046875 0.009375
1 0.890625 0.65 0.04375 0.0078125
1 0.909375 0.61640625 0.053125 0.0109375
1 0.9265625 0.58828125 0.0609375 0.0140625
1 0.95234375 0.559375 0.053125 0.0078125
1 0.96015625 0.54453125 0.053125 0.0140625
0 0.8296875 0.80546875 0.015625 0.00625