0 0.19921875 0.06796875 0.015625 0.0078125
1 0.18984375 0.00859375 0.05 0.0125
1 0.1921875 0.06015625 0.0484375 0.0140625
1 0.2546875 0.1171875 0.05 0.0140625
1 0.2421875 0.17421875 0.053125 0.0140625
1 0.234375 0.19140625 0.053125 0.0140625
1 0.19296875 0.2 0.0453125 0.0109375
1 0.36015625 0.2390625 0.06875 0.0171875
1 0.44453125 0.2375 0.08125 0.0140625
1 0.31953125 0.29921875 0.065625 0.0171875
1 0.3390625 0.35625 0.065625 0.0171875
1 0.31640625 0.3734375 0.071875 0.015625
1 0.2890625 0.4234375 0.059375 0.0171875
1 0.33828125 0.47890625 0.065625 0.0140625
1 0.3953125 0.44453125 0.071875 0.0171875
0 0.58359375 0.33828125 0.0078125 0.0078125
1 0.6953125 0.30546875 0.0625 0.0171875
1 0.6140625 0.3203125 0.046875 0.0125
1 0.58671875 0.34765625 0.0140625 0.0109375
1 0.5625 0.71953125 0.034375 0.0171875
1 0.55390625 0.67578125 0.0515625 0.0140625
1 0.49375 0.83125 0.05625 0.0171875
1 0.43046875 0.75234375 0.0609375 0.0234375
1 0.4203125 0.728125 0.053125 0.0109375
1 0.36171875 0.66171875 0.0375 0.015625
1 0.3484375 0.671875 0.04375 0.0109375
1 0.34453125 0.86953125 0.0375 0.009375
1 0.31484375 0.7546875 0.0375 0.00625
0 0.33125 0.75 0.009375 0.00625
0 0.83984375 0.765625 0.009375 0.00625
1 0.92421875 0.9703125 0.046875 0.0109375
1 0.978125 0.81171875 0.04375 0.0140625
1 0.85859375 0.79453125 0.0375 0.009375
1 0.834375 0.79140625 0.03125 0.0078125
1 0.89140625 0.7375 0.04375 0.009375
1 0.86015625 0.65625 0.0359375 0.00625
1 0.85234375 0.64453125 0.034375 0.00625
1 0.91015625 0.63359375 0.04375 0.0078125
1 0.915625 0.615625 0.046875 0.0140625