0 0.1453125 0.07578125 0.0171875 0.0109375
1 0.42265625 0.28984375 0.0703125 0.03125
1 0.3390625 0.11953125 0.0609375 0.0265625
1 0.2296875 0.12890625 0.065625 0.028125
1 0.15234375 0.13515625 0.0515625 0.0234375
1 0.140625 0.08515625 0.05 0.0234375
1 0.1859375 0.0140625 0.0515625 0.025
1 0.8671875 0.3390625 0.0453125 0.0234375
1 0.87109375 0.29375 0.05 0.0234375
0 0.46015625 0.8171875 0.015625 0.009375
1 0.5890625 0.98984375 0.1 0.0203125
1 0.50546875 0.99296875 0.0921875 0.0140625
1 0.18828125 0.92109375 0.0703125 0.034375
1 0.0796875 0.928125 0.059375 0.03125
1 0.109375 0.85703125 0.0609375 0.0328125
1 0.13515625 0.7953125 0.06875 0.0375
1 0.12421875 0.72734375 0.0671875 0.03125
1 0.26875 0.6671875 0.078125 0.03125
1 0.15390625 0.6171875 0.06875 0.034375
1 0.04296875 0.534375 0.0671875 0.0296875
1 0.2625 0.49140625 0.0828125 0.040625
1 0.46796875 0.85703125 0.0828125 0.040625
1 0.41484375 0.8515625 0.0625 0.0390625
1 0.4421875 0.82421875 0.065625 0.034375
0 0.87109375 0.403125 0.0171875 0.0109375
0 0.8390625 0.559375 0.01875 0.0109375
0 0.95546875 0.55390625 0.021875 0.0140625
0 0.9953125 0.8421875 0.009375 0.0125
0 0.93046875 0.8296875 0.015625 0.009375
0 0.80859375 0.85859375 0.01875 0.0109375
1 0.70390625 0.525 0.0703125 0.0296875
1 0.7234375 0.596875 0.0703125 0.0296875
1 0.78125 0.6265625 0.0609375 0.025
1 0.81015625 0.7078125 0.0640625 0.025
1 0.88515625 0.76953125 0.0671875 0.03125
1 0.7859375 0.80546875 0.0671875 0.03125
1 0.89296875 0.78515625 0.0640625 0.0296875
1 0.84765625 0.9578125 0.0703125 0.0328125
1 0.8859375 0.9796875 0.078125 0.03125
1 0.9421875 0.67421875 0.05625 0.0296875
1 0.96328125 0.7015625 0.0734375 0.03125
1 0.8015625 0.4328125 0.06875 0.025
1 0.78359375 0.415625 0.0765625 0.0296875
1 0.9765625 0.99140625 0.046875 0.0171875