0 0.55234375 0.12265625 0.015625 0.0078125
1 0.378125 0.02734375 0.059375 0.0140625
1 0.48671875 0.0484375 0.0640625 0.0140625
1 0.55859375 0.0625 0.0421875 0.0125
1 0.5578125 0.11484375 0.04375 0.0140625
1 0.49609375 0.1703125 0.05 0.0140625
1 0.5078125 0.228125 0.053125 0.0140625
1 0.515625 0.2453125 0.053125 0.0140625
1 0.55625 0.2546875 0.0453125 0.0109375
1 0.3890625 0.290625 0.06875 0.01875
1 0.3046875 0.28828125 0.08125 0.015625
1 0.1203125 0.17421875 0.1078125 0.025
1 0.428125 0.3515625 0.065625 0.0171875
1 0.40703125 0.4078125 0.065625 0.0171875
1 0.43046875 0.42578125 0.071875 0.0171875
1 0.59609375 0.21953125 0.0328125 0.0171875
1 0.63359375 0.32734375 0.05625 0.0171875
1 0.6640625 0.3546875 0.05625 0.0109375
1 0.70234375 0.44296875 0.053125 0.0109375
1 0.74375 0.321875 0.0375 0.0109375
1 0.803125 0.378125 0.046875 0.0109375
1 0.83828125 0.35390625 0.040625 0.0109375
1 0.76171875 0.2671875 0.05 0.0109375
1 0.79921875 0.13359375 0.04375 0.0125
1 0.7140625 0.0953125 0.05625 0.0109375
1 0.72734375 0.0203125 0.05625 0.0109375
1 0.83984375 0.0625 0.040625 0.009375
1 0.14453125 0.88203125 0.059375 0.0234375
1 0.0171875 0.87890625 0.034375 0.0234375
1 0.0171875 0.765625 0.034375 0.01875
1 0.15625 0.7265625 0.05625 0.0140625
1 0.2203125 0.75703125 0.053125 0.0140625
1 0.25234375 0.76875 0.059375 0.01875
1 0.29921875 0.8 0.0609375 0.0171875
1 0.31484375 0.63671875 0.053125 0.0140625
1 0.22734375 0.5515625 0.0484375 0.0171875
1 0.121875 0.6390625 0.053125 0.0171875
1 0.15625 0.57890625 0.05 0.0140625
1 0.28203125 0.471875 0.040625 0.0078125
1 0.95546875 0.52421875 0.053125 0.0171875
1 0.934375 0.71171875 0.05 0.0140625
1 0.76953125 0.56484375 0.065625 0.0171875
1 0.7484375 0.45234375 0.071875 0.0046875
1 0.70625 0.73828125 0.06875 0.021875
1 0.7515625 0.93046875 0.071875 0.0203125
1 0.7609375 0.8265625 0.06875 0.0203125