0 0.37421875 0.2640625 0.0109375 0.00625
1 0.34921875 0.11953125 0.0609375 0.0265625
1 0.32109375 0.1359375 0.0578125 0.028125
1 0.26953125 0.1375 0.0703125 0.028125
1 0.33828125 0.16875 0.0703125 0.028125
1 0.21015625 0.23046875 0.078125 0.0359375
1 0.3171875 0.25390625 0.0578125 0.0265625
1 0.265625 0.27265625 0.0609375 0.0265625
1 0.30859375 0.35234375 0.0546875 0.025
1 0.29140625 0.36015625 0.0546875 0.025
1 0.26171875 0.3953125 0.0625 0.0265625
1 0.18046875 0.47734375 0.078125 0.034375
1 0.12265625 0.44296875 0.0796875 0.034375
1 0.1125 0.390625 0.0953125 0.0375
1 0.41875 0.446875 0.0609375 0.0265625
1 0.4796875 0.43125 0.0625 0.0234375
1 0.5546875 0.42734375 0.0453125 0.0203125
1 0.4828125 0.3859375 0.05625 0.0296875
1 0.4 0.35625 0.040625 0.034375
1 0.44296875 0.24765625 0.0578125 0.025
1 0.44296875 0.2 0.0515625 0.025
1 0.62109375 0.0453125 0.05 0.0265625
1 0.56953125 0.071875 0.059375 0.0296875
1 0.53984375 0.08984375 0.0609375 0.0296875
1 0.6140625 0.1796875 0.0390625 0.021875
1 0.65703125 0.23828125 0.0390625 0.0203125
1 0.59453125 0.2 0.053125 0.021875
1 0.53828125 0.3046875 0.0546875 0.025
1 0.3671875 0.67265625 0.025 0.0234375
1 0.9609375 0.78203125 0.0625 0.0234375
1 0.9015625 0.7453125 0.065625 0.028125
1 0.91171875 0.66484375 0.0625 0.0296875
1 0.828125 0.70234375 0.0640625 0.0359375
1 0.81171875 0.853125 0.071875 0.0375
1 0.87734375 0.83359375 0.0703125 0.03125
1 0.62421875 0.92734375 0.078125 0.0359375