1 0.32109375 0.08125 0.0640625 0.0125
1 0.32734375 0.0828125 0.0765625 0.015625
1 0.27265625 0.16796875 0.06875 0.01875
1 0.18671875 0.184375 0.0875 0.021875
1 0.3359375 0.26015625 0.0609375 0.0140625
1 0.35 0.26640625 0.06875 0.015625
1 0.39609375 0.471875 0.059375 0.0140625
1 0.37265625 0.4953125 0.05625 0.0171875
1 0.3234375 0.5109375 0.06875 0.015625
1 0.3984375 0.52265625 0.06875 0.015625
0 0.6953125 0.078125 0.009375 0.00625
0 0.75234375 0.0796875 0.0078125 0.00625
0 0.63671875 0.14140625 0.0125 0.0046875
0 0.65546875 0.22421875 0.015625 0.00625
0 0.7984375 0.25703125 0.015625 0.00625
0 0.76171875 0.3078125 0.01875 0.0078125
0 0.68125 0.37578125 0.015625 0.00625
0 0.646875 0.33203125 0.0140625 0.009375
1 0.6515625 0.05703125 0.04375 0.0203125
1 0.80625 0.08984375 0.053125 0.0140625
1 0.79140625 0.11953125 0.0640625 0.01875
1 0.81640625 0.1984375 0.0515625 0.0125
1 0.73828125 0.23984375 0.065625 0.0140625
1 0.73984375 0.2828125 0.0625 0.0109375
1 0.690625 0.27890625 0.05625 0.0234375
1 0.66796875 0.315625 0.06875 0.0171875
1 0.75546875 0.3453125 0.0625 0.01875
1 0.75 0.37734375 0.046875 0.0171875
1 0.76953125 0.3875 0.0671875 0.015625
1 0.69609375 0.45 0.06875 0.0171875
1 0.65703125 0.46015625 0.0546875 0.0171875
1 0.63984375 0.46171875 0.0203125 0.0171875
1 0.19765625 0.58203125 0.065625 0.0265625
1 0.43671875 0.72265625 0.05 0.0140625
1 0.48359375 0.71171875 0.04375 0.0125
1 0.5453125 0.9828125 0.034375 0.0109375
1 0.334375 0.9625 0.05625 0.015625
1 0.3015625 0.99140625 0.059375 0.0171875
1 0.97890625 0.91484375 0.0421875 0.0140625