1 0.4265625 0.5265625 0.065625 0.01875
1 0.34375 0.509375 0.0890625 0.0234375
1 0.43828125 0.078125 0.0421875 0.021875
1 0.9078125 0.003125 0.065625 0.00625
1 0.975 0.03984375 0.05 0.0171875
1 0.95546875 0.11796875 0.0578125 0.0234375
1 0.97265625 0.146875 0.0546875 0.01875
1 0.8078125 0.17890625 0.0765625 0.025
1 0.828125 0.30703125 0.059375 0.01875
1 0.6609375 0.234375 0.0953125 0.025
1 0.75625 0.49609375 0.0796875 0.0234375
1 0.84609375 0.43671875 0.071875 0.0140625
1 0.87109375 0.4515625 0.0703125 0.0203125
1 0.34375 0.74453125 0.0828125 0.021875
1 0.375 0.5875 0.0703125 0.0203125
1 0.90234375 0.60703125 0.040625 0.0203125
1 0.89296875 0.67265625 0.0390625 0.0125
1 0.90625 0.7265625 0.0359375 0.0109375
1 0.915625 0.75234375 0.034375 0.0109375
1 0.88359375 0.7890625 0.040625 0.0140625
1 0.853125 0.79296875 0.04375 0.0109375
1 0.81640625 0.80078125 0.053125 0.0109375
1 0.8453125 0.71875 0.046875 0.0171875
1 0.7640625 0.75625 0.0453125 0.0203125
1 0.7546875 0.721875 0.0609375 0.01875
1 0.89453125 0.89296875 0.040625 0.015625
1 0.85 0.8984375 0.046875 0.015625
1 0.79609375 0.9078125 0.059375 0.015625
1 0.80859375 0.996875 0.0515625 0.00625
1 0.8515625 0.9921875 0.046875 0.015625
0 0.8984375 0.6640625 0.009375 0.00625