1 0.515625 0.22109375 0.0734375 0.0234375
1 0.50546875 0.2078125 0.075 0.0203125
1 0.565625 0.19609375 0.0609375 0.01875
1 0.590625 0.1546875 0.075 0.0234375
1 0.55078125 0.08515625 0.0578125 0.0234375
1 0.6109375 0.0734375 0.0609375 0.0203125
1 0.50390625 0.11171875 0.0359375 0.0234375
1 0.62421875 0.18828125 0.05 0.0140625
1 0.628125 0.24453125 0.0546875 0.0203125
1 0.57109375 0.24296875 0.0546875 0.0203125
1 0.7140625 0.2609375 0.0578125 0.0171875
1 0.75859375 0.13359375 0.046875 0.0140625
1 0.090625 0.64765625 0.08125 0.01875
1 0.08828125 0.63671875 0.08125 0.0171875
1 0.1875 0.703125 0.04375 0.01875
1 0.1828125 0.33984375 0.053125 0.0265625
1 0.18046875 0.32421875 0.0578125 0.0109375
1 0.82890625 0.49921875 0.10625 0.0234375
1 0.8328125 0.490625 0.115625 0.021875
1 0.8546875 0.51953125 0.0890625 0.01875
1 0.85078125 0.53984375 0.109375 0.0234375
1 0.853125 0.53359375 0.1078125 0.025
1 0.84140625 0.54921875 0.0859375 0.021875
1 0.78515625 0.5421875 0.103125 0.0234375
1 0.81640625 0.67890625 0.0953125 0.034375
1 0.73046875 0.703125 0.1203125 0.028125
1 0.68828125 0.6765625 0.1078125 0.0375
1 0.640625 0.68203125 0.1296875 0.034375
1 0.646875 0.71953125 0.1328125 0.034375
1 0.70078125 0.74296875 0.1296875 0.034375
1 0.6203125 0.74765625 0.1203125 0.0375
1 0.65625 0.77265625 0.1390625 0.0359375
1 0.65234375 0.79453125 0.11875 0.0359375
1 0.778125 0.94609375 0.1078125 0.03125