1 0.028125 0.03671875 0.021875 0.0734375
1 0.425 0.02109375 0.015625 0.0421875
1 0.4421875 0.0984375 0.0203125 0.0734375
1 0.4875 0.16328125 0.028125 0.0859375
1 0.47578125 0.2734375 0.0234375 0.090625
1 0.54453125 0.06484375 0.0109375 0.0640625
1 0.54375 0.03671875 0.0125 0.0671875
1 0.51796875 0.05703125 0.021875 0.078125
0 0.91640625 0.059375 0.009375 0.015625
1 0.98984375 0.24375 0.0171875 0.0609375
1 0.98203125 0.13359375 0.01875 0.065625
1 0.9765625 0.05625 0.015625 0.05
1 0.925 0.05234375 0.0171875 0.05
1 0.8625 0.109375 0.0171875 0.0515625
1 0.80625 0.090625 0.0171875 0.0546875
1 0.78984375 0.08046875 0.0171875 0.0546875
1 0.7859375 0.0390625 0.0140625 0.0453125
1 0.7296875 0.20078125 0.021875 0.0703125
1 0.721875 0.28515625 0.0203125 0.08125
1 0.8125 0.48203125 0.03125 0.109375
1 0.67421875 0.1546875 0.021875 0.0671875
1 0.615625 0.16796875 0.021875 0.0671875
1 0.6 0.14375 0.0203125 0.0734375
1 0.55703125 0.11015625 0.0140625 0.0609375
1 0.17421875 0.97734375 0.0140625 0.0453125
1 0.19296875 0.9734375 0.0203125 0.053125
1 0.146875 0.8671875 0.021875 0.0703125
1 0.00234375 0.86015625 0.0046875 0.0546875
1 0.03828125 0.68125 0.015625 0.046875
1 0.32734375 0.62578125 0.0203125 0.0140625
1 0.23203125 0.65390625 0.01875 0.0453125
1 0.30078125 0.765625 0.021875 0.0671875
1 0.42734375 0.76015625 0.015625 0.0453125
1 0.44765625 0.88828125 0.0234375 0.0640625
1 0.47890625 0.9140625 0.0234375 0.0625
1 0.14375 0.68671875 0.0171875 0.05
1 0.884375 0.87109375 0.0109375 0.04375
1 0.9390625 0.828125 0.0125 0.0375
1 0.9609375 0.81171875 0.0125 0.04375
1 0.953125 0.8109375 0.009375 0.0390625
1 0.95 0.80546875 0.009375 0.034375
1 0.92421875 0.79140625 0.0125 0.0375
1 0.9140625 0.7890625 0.0125 0.0375
1 0.92890625 0.8125 0.0125 0.0359375
1 0.9328125 0.8078125 0.0109375 0.0375
1 0.934375 0.81484375 0.0140625 0.0453125
1 0.671875 0.8859375 0.0125 0.0546875