1 0.31875 0.0234375 0.0734375 0.0234375
1 0.26484375 0.08203125 0.0859375 0.0296875
1 0.1546875 0.09296875 0.090625 0.0265625
1 0.3734375 0.1203125 0.0640625 0.0203125
1 0.40078125 0.1140625 0.0671875 0.0203125
1 0.375 0.0890625 0.078125 0.025
1 0.45703125 0.0375 0.0609375 0.0203125
1 0.4578125 0.02890625 0.0640625 0.0171875
0 0.84375 0.0828125 0.009375 0.0078125
0 0.91640625 0.16328125 0.009375 0.0078125
1 0.3640625 0.446875 0.0703125 0.0234375
1 0.41875 0.45703125 0.0578125 0.025
1 0.3328125 0.53203125 0.0671875 0.0203125
1 0.44453125 0.57578125 0.053125 0.015625
1 0.471875 0.5421875 0.05 0.01875
1 0.51640625 0.74609375 0.0453125 0.0140625
1 0.5453125 0.765625 0.0375 0.0140625
1 0.48125 0.7734375 0.0453125 0.01875
1 0.43203125 0.78203125 0.053125 0.015625
1 0.3328125 0.7953125 0.078125 0.021875
1 0.459375 0.8671875 0.05 0.01875
1 0.440625 0.88125 0.053125 0.015625
1 0.46015625 0.90625 0.0546875 0.01875
1 0.45234375 0.940625 0.0578125 0.01875
1 0.51484375 0.92109375 0.0484375 0.01875
1 0.4046875 0.7109375 0.053125 0.015625
1 0.43203125 0.665625 0.065625 0.021875
0 0.53671875 0.72109375 0.009375 0.0046875
0 0.975 0.721875 0.0140625 0.0109375
0 0.9640625 0.68046875 0.0140625 0.0109375