1 0.05 0.43671875 0.0265625 0.0640625
1 0.09921875 0.3140625 0.0359375 0.0859375
0 0.759375 0.0375 0.0046875 0.009375
0 0.82265625 0.08671875 0.0078125 0.0109375
0 0.8671875 0.2078125 0.009375 0.0140625
0 0.65234375 0.2015625 0.00625 0.0125
0 0.646875 0.1171875 0.00625 0.009375
0 0.39296875 0.14296875 0.0046875 0.009375
0 0.39453125 0.02890625 0.00625 0.009375
1 0.48046875 0.08984375 0.025 0.059375
1 0.45546875 0.1015625 0.025 0.0640625
1 0.50859375 0.14375 0.025 0.0625
1 0.53046875 0.1921875 0.0203125 0.0484375
1 0.55 0.22265625 0.0171875 0.040625
1 0.615625 0.14765625 0.021875 0.0515625
1 0.70234375 0.2109375 0.0203125 0.053125
1 0.71015625 0.2171875 0.0171875 0.0359375
1 0.68984375 0.253125 0.0125 0.0328125
1 0.71953125 0.2640625 0.015625 0.0390625
1 0.815625 0.284375 0.0171875 0.0421875
1 0.84921875 0.25546875 0.01875 0.046875
1 0.7984375 0.134375 0.028125 0.0609375
1 0.921875 0.2265625 0.021875 0.0515625
1 0.91640625 0.284375 0.01875 0.0421875
1 0.271875 0.6125 0.0390625 0.071875
1 0.20234375 0.6546875 0.0296875 0.0734375
1 0.040625 0.6125 0.028125 0.0609375
1 0.03125 0.6765625 0.03125 0.0734375
1 0.071875 0.7046875 0.028125 0.0640625
1 0.06640625 0.73046875 0.0296875 0.059375
1 0.10703125 0.76875 0.0234375 0.0578125
1 0.171875 0.7515625 0.0234375 0.0546875
1 0.2046875 0.728125 0.025 0.0609375
1 0.22578125 0.74140625 0.021875 0.0484375
1 0.225 0.7625 0.0203125 0.053125
1 0.2203125 0.7796875 0.03125 0.0359375
1 0.26015625 0.79140625 0.021875 0.05
1 0.26328125 0.75 0.028125 0.05
1 0.28203125 0.753125 0.0328125 0.0546875
1 0.32734375 0.80546875 0.03125 0.053125
1 0.334375 0.746875 0.03125 0.0625
1 0.92421875 0.78828125 0.025 0.065625
1 0.89765625 0.96328125 0.0203125 0.0421875
1 0.91640625 0.990625 0.0171875 0.01875
1 0.8609375 0.9359375 0.021875 0.0484375
1 0.72421875 0.98671875 0.0203125 0.0265625
1 0.71328125 0.915625 0.01875 0.05
1 0.62265625 0.96328125 0.01875 0.0484375
1 0.59375 0.846875 0.0203125 0.0515625
1 0.50234375 0.8484375 0.01875 0.05
1 0.54765625 0.8953125 0.021875 0.05
1 0.55390625 0.9484375 0.01875 0.046875
1 0.528125 0.96484375 0.0140625 0.034375
1 0.50078125 0.93671875 0.0171875 0.0421875
1 0.39453125 0.83125 0.0109375 0.05625