0 0.24765625 0.48203125 0.0140625 0.009375
1 0.22578125 0.4921875 0.0578125 0.025
1 0.35 0.090625 0.0609375 0.0265625
1 0.3484375 0.1140625 0.0578125 0.0265625
1 0.38203125 0.27734375 0.0640625 0.028125
1 0.24921875 0.33671875 0.0546875 0.0234375
1 0.20625 0.36328125 0.0484375 0.0234375
1 0.225 0.31328125 0.0484375 0.0203125
1 0.18125 0.31171875 0.0390625 0.0203125
1 0.16015625 0.44453125 0.0421875 0.0203125
1 0.2125 0.1625 0.0421875 0.01875
1 0.27890625 0.12109375 0.04375 0.0171875
1 0.2390625 0.1140625 0.0453125 0.0203125
0 0.50390625 0.553125 0.0234375 0.0125
1 0.85078125 0.1078125 0.075 0.0359375
1 0.71796875 0.09765625 0.0515625 0.025
1 0.67265625 0.13046875 0.0640625 0.025
1 0.60390625 0.1828125 0.0328125 0.0171875
1 0.6375 0.2140625 0.0453125 0.0203125
1 0.60234375 0.25625 0.0390625 0.0203125
1 0.72109375 0.3375 0.0578125 0.025
1 0.6203125 0.36015625 0.0453125 0.0203125
1 0.57578125 0.34140625 0.0515625 0.021875
1 0.565625 0.3734375 0.040625 0.01875
1 0.55234375 0.39921875 0.0421875 0.0203125
1 0.59765625 0.45 0.05 0.0234375
1 0.65859375 0.459375 0.0578125 0.025
1 0.684375 0.465625 0.053125 0.028125
1 0.34609375 0.95 0.0515625 0.0234375
1 0.27578125 0.90625 0.053125 0.021875
1 0.27734375 0.84375 0.0453125 0.0203125
1 0.240625 0.859375 0.0375 0.015625
1 0.21484375 0.80625 0.0296875 0.0140625
1 0.2578125 0.76171875 0.04375 0.01875
1 0.25234375 0.703125 0.0328125 0.0171875
1 0.33828125 0.75234375 0.0515625 0.021875
1 0.34609375 0.740625 0.046875 0.0171875
1 0.34765625 0.73203125 0.0515625 0.021875
1 0.3296875 0.7109375 0.0453125 0.0234375
1 0.29296875 0.71328125 0.0390625 0.01875
1 0.278125 0.66015625 0.034375 0.0171875
1 0.22890625 0.675 0.03125 0.0140625
1 0.35859375 0.67890625 0.0453125 0.021875
1 0.33671875 0.5671875 0.0390625 0.015625
0 0.31171875 0.709375 0.0109375 0.00625
0 0.67109375 0.81015625 0.025 0.0125
1 0.7171875 0.74140625 0.053125 0.021875
1 0.6625 0.784375 0.0515625 0.021875
1 0.70078125 0.83125 0.0625 0.03125
1 0.7484375 0.759375 0.0578125 0.025
1 0.7921875 0.8296875 0.06875 0.0375
1 0.87109375 0.70859375 0.0671875 0.03125
1 0.88046875 0.6953125 0.05 0.0296875
1 0.8484375 0.8859375 0.0671875 0.03125
1 0.8109375 0.8671875 0.0515625 0.0296875
1 0.79609375 0.9 0.0671875 0.03125
1 0.7953125 0.93125 0.0703125 0.028125
1 0.7875 0.94921875 0.0640625 0.0296875
1 0.790625 0.9671875 0.0578125 0.028125
1 0.75703125 0.98125 0.0734375 0.0328125
1 0.77421875 0.9921875 0.0515625 0.015625