1 0.31640625 0.2578125 0.059375 0.015625
1 0.34765625 0.2421875 0.05625 0.015625
1 0.36171875 0.21171875 0.05 0.015625
1 0.415625 0.1890625 0.046875 0.0140625
1 0.4125 0.16484375 0.05 0.0140625
1 0.35390625 0.0625 0.059375 0.015625
1 0.35078125 0.0390625 0.05625 0.0171875
1 0.4171875 0.01953125 0.04375 0.0078125
1 0.4578125 0.01875 0.04375 0.0109375
0 0.946875 0.25859375 0.0125 0.0046875
0 0.99375 0.3234375 0.0125 0.00625
0 0.97578125 0.37109375 0.0109375 0.0046875
1 0.990625 0.33984375 0.01875 0.0203125
1 0.8953125 0.27578125 0.065625 0.0125
1 0.76015625 0.321875 0.0890625 0.025
1 0.59921875 0.12421875 0.096875 0.0234375
1 0.81953125 0.05390625 0.078125 0.0203125
1 0.94140625 0.0328125 0.053125 0.0140625
1 0.89921875 0.13359375 0.0625 0.01875
1 0.33046875 0.91171875 0.0734375 0.025
1 0.4109375 0.91328125 0.0734375 0.025
1 0.38984375 0.8515625 0.0796875 0.028125
1 0.290625 0.809375 0.0828125 0.0265625
1 0.12265625 0.80546875 0.0828125 0.0296875
1 0.15625 0.91875 0.0921875 0.0296875
1 0.275 0.646875 0.0703125 0.0265625
1 0.18984375 0.51875 0.0828125 0.0296875
1 0.50234375 0.59375 0.0546875 0.015625
1 0.4859375 0.67734375 0.0625 0.01875
1 0.390625 0.73671875 0.0671875 0.021875
1 0.38984375 0.71328125 0.0609375 0.0171875
0 0.6703125 0.9984375 0.0125 0.003125
0 0.95390625 0.92265625 0.0125 0.0046875
0 0.753125 0.5453125 0.009375 0.00625
0 0.8203125 0.4609375 0.009375 0.00625
0 0.8484375 0.6265625 0.0125 0.00625
0 0.70703125 0.65859375 0.009375 0.00625
0 0.7421875 0.78046875 0.00625 0.00625
0 0.8671875 0.82578125 0.0109375 0.0046875
0 0.9625 0.75625 0.009375 0.00625
1 0.9578125 0.51640625 0.0375 0.0171875
1 0.97109375 0.6046875 0.04375 0.015625
1 0.76484375 0.98125 0.0515625 0.0203125
1 0.734375 0.91328125 0.0609375 0.015625
1 0.98828125 0.80703125 0.0234375 0.0171875
1 0.93515625 0.725 0.046875 0.0140625