1 0.0796875 0.40625 0.0625 0.021875
1 0.07421875 0.36328125 0.059375 0.025
1 0.05 0.35625 0.0625 0.01875
1 0.17265625 0.346875 0.0578125 0.015625
1 0.18671875 0.36328125 0.0453125 0.0140625
1 0.19140625 0.35703125 0.0484375 0.0171875
1 0.240625 0.3171875 0.0453125 0.0140625
1 0.090625 0.2984375 0.0578125 0.0171875
1 0.06796875 0.22734375 0.0578125 0.01875
1 0.0375 0.07890625 0.034375 0.0140625
1 0.05390625 0.06640625 0.0546875 0.015625
1 0.059375 0.05859375 0.05625 0.0171875
1 0.19609375 0.04609375 0.05 0.0140625
1 0.25234375 0.10625 0.0390625 0.0140625
1 0.25390625 0.1421875 0.0390625 0.0140625
1 0.2296875 0.196875 0.0421875 0.0140625
1 0.1828125 0.20859375 0.0421875 0.0140625
1 0.16953125 0.16015625 0.0453125 0.0140625
1 0.175 0.1484375 0.0453125 0.0171875
1 0.8453125 0.40390625 0.0546875 0.0171875
1 0.96015625 0.3765625 0.04375 0.0125
1 0.928125 0.33203125 0.05 0.015625
1 0.9765625 0.25390625 0.0359375 0.0109375
1 0.83359375 0.16796875 0.0484375 0.025
1 0.846875 0.1578125 0.053125 0.015625
1 0.87578125 0.16328125 0.0453125 0.0140625
1 0.8453125 0.128125 0.0546875 0.01875
1 0.8578125 0.13125 0.05625 0.0125
1 0.84921875 0.11484375 0.0515625 0.015625
1 0.84609375 0.10859375 0.059375 0.0171875
1 0.84375 0.09609375 0.05 0.0125
1 0.8328125 0.096875 0.05625 0.015625
1 0.821875 0.07734375 0.053125 0.015625
1 0.84375 0.07578125 0.053125 0.0171875
0 0.46953125 0.69609375 0.0125 0.0078125
1 0.48671875 0.68671875 0.05625 0.015625
1 0.3984375 0.75234375 0.0640625 0.0234375
1 0.4203125 0.8125 0.0578125 0.021875
1 0.4765625 0.8140625 0.05625 0.0140625
1 0.56953125 0.85390625 0.053125 0.0125
1 0.59453125 0.89765625 0.0296875 0.0171875
1 0.578125 0.92578125 0.05 0.01875
1 0.51015625 0.90078125 0.0515625 0.01875
1 0.4890625 0.89453125 0.046875 0.0140625
1 0.92578125 0.90703125 0.0453125 0.021875
1 0.96875 0.88984375 0.0453125 0.01875
1 0.93984375 0.8546875 0.0453125 0.0171875
1 0.95703125 0.70859375 0.0421875 0.0140625
1 0.9421875 0.70078125 0.0421875 0.0171875
1 0.86640625 0.66953125 0.0484375 0.021875
1 0.90546875 0.51328125 0.05 0.015625