1 0.3375 0.1296875 0.0453125 0.01875
1 0.671875 0.04296875 0.05625 0.028125
1 0.6390625 0.059375 0.0578125 0.0234375
1 0.5515625 0.06328125 0.04375 0.0203125
1 0.53984375 0.10234375 0.0203125 0.0171875
1 0.61953125 0.27109375 0.0484375 0.0203125
1 0.62734375 0.2953125 0.0453125 0.009375
0 0.3140625 0.52578125 0.015625 0.009375
0 0.3859375 0.3921875 0.0203125 0.009375
0 0.50390625 0.4265625 0.015625 0.009375
0 0.475 0.5546875 0.0109375 0.0046875
0 0.50390625 0.709375 0.015625 0.0078125
0 0.34453125 0.665625 0.015625 0.009375
0 0.2890625 0.7484375 0.0125 0.00625
0 0.3515625 0.8296875 0.0125 0.00625
0 0.4546875 0.98359375 0.0125 0.009375
1 0.50859375 0.834375 0.0421875 0.01875
1 0.5234375 0.74609375 0.0125 0.0203125
1 0.39765625 0.80625 0.0453125 0.0171875
1 0.3734375 0.89921875 0.046875 0.015625
1 0.51640625 0.896875 0.0265625 0.01875
1 0.44609375 0.821875 0.0515625 0.01875
1 0.428125 0.91171875 0.0453125 0.0171875
1 0.36171875 0.59296875 0.0453125 0.0171875
1 0.24765625 0.659375 0.046875 0.015625
1 0.459375 0.753125 0.0515625 0.0203125
1 0.42421875 0.6921875 0.0453125 0.0203125
1 0.4453125 0.53515625 0.0515625 0.021875
1 0.36953125 0.30859375 0.0484375 0.0171875
0 0.965625 0.33671875 0.0140625 0.0078125
1 0.96484375 0.98671875 0.0453125 0.0171875
1 0.99140625 0.77578125 0.0171875 0.0171875
1 0.9609375 0.73828125 0.0546875 0.01875
1 0.8453125 0.73203125 0.040625 0.0140625
1 0.8921875 0.52421875 0.0484375 0.021875
1 0.9890625 0.33359375 0.021875 0.0203125
1 0.95 0.32421875 0.0484375 0.01875