1 0.36015625 0.51015625 0.0578125 0.0171875
1 0.3515625 0.3609375 0.034375 0.0140625
1 0.33203125 0.35234375 0.0546875 0.0171875
1 0.325 0.34609375 0.05625 0.01875
1 0.18984375 0.36953125 0.05 0.0140625
1 0.1515625 0.4421875 0.0390625 0.0140625
1 0.15859375 0.478125 0.0390625 0.0140625
1 0.19609375 0.5171875 0.0421875 0.003125
1 0.24453125 0.5171875 0.0421875 0.003125
1 0.2453125 0.47265625 0.0453125 0.015625
1 0.23671875 0.46328125 0.0453125 0.01875
1 0.13046875 0.10234375 0.0453125 0.0171875
1 0.984375 0.40546875 0.03125 0.0234375
1 0.771875 0.47421875 0.0515625 0.021875
1 0.796875 0.41015625 0.046875 0.021875
1 0.75234375 0.325 0.0421875 0.01875
1 0.7984375 0.2171875 0.0515625 0.01875
1 0.79140625 0.2015625 0.046875 0.01875
1 0.78046875 0.05625 0.0609375 0.021875
1 0.93671875 0.0265625 0.0796875 0.0234375
1 0.96328125 0.1421875 0.0703125 0.025
1 0.85390625 0.2015625 0.0640625 0.0265625
1 0.84140625 0.2421875 0.0640625 0.0265625
1 0.94140625 0.26171875 0.0640625 0.0234375
1 0.19765625 0.52578125 0.0640625 0.0140625
1 0.23046875 0.5375 0.0578125 0.0203125
1 0.08359375 0.52109375 0.0578125 0.0046875
1 0.2109375 0.75078125 0.0578125 0.0203125
1 0.2078125 0.7859375 0.0453125 0.021875
1 0.36484375 0.778125 0.05625 0.0171875
1 0.3984375 0.765625 0.059375 0.0234375
1 0.48515625 0.6890625 0.0703125 0.025
1 0.4125 0.5640625 0.06875 0.028125
1 0.496875 0.93515625 0.0734375 0.028125
1 0.459375 0.9609375 0.0671875 0.028125
1 0.3203125 0.9671875 0.0671875 0.025
1 0.25078125 0.95234375 0.06875 0.028125
1 0.29609375 0.915625 0.0609375 0.0234375
1 0.98125 0.7640625 0.0375 0.015625
1 0.98125 0.84921875 0.0375 0.0171875
1 0.9828125 0.82421875 0.034375 0.0140625
1 0.98125 0.91484375 0.0375 0.0140625
1 0.98515625 0.92578125 0.0296875 0.0140625