1 0.5578125 0.23828125 0.04375 0.0109375
1 0.36171875 0.2390625 0.053125 0.0171875
1 0.39296875 0.2578125 0.0484375 0.0125
1 0.42734375 0.24296875 0.05625 0.009375
1 0.49375 0.17265625 0.059375 0.0171875
1 0.55234375 0.21640625 0.0546875 0.0171875
1 0.54921875 0.0265625 0.0609375 0.0171875
1 0.503125 0.05859375 0.0609375 0.0171875
1 0.46328125 0.46640625 0.0640625 0.0125
1 0.4015625 0.334375 0.05 0.0140625
1 0.365625 0.32109375 0.046875 0.0140625
1 0.93828125 0.26328125 0.059375 0.0140625
1 0.85390625 0.1390625 0.059375 0.0109375
1 0.8078125 0.1390625 0.05 0.0109375
1 0.84140625 0.1234375 0.0625 0.01875
1 0.7546875 0.21328125 0.053125 0.0109375
1 0.78515625 0.2796875 0.0453125 0.0140625
1 0.74140625 0.28046875 0.046875 0.0140625
1 0.78671875 0.33984375 0.05625 0.015625
1 0.74921875 0.39375 0.0453125 0.009375
1 0.69140625 0.41015625 0.040625 0.0125
1 0.72578125 0.44140625 0.05 0.0140625
1 0.79921875 0.49140625 0.053125 0.0140625
1 0.71171875 0.49296875 0.04375 0.009375
1 0.796875 0.340625 0.053125 0.0140625
1 0.040625 0.97265625 0.0734375 0.021875
1 0.028125 0.93828125 0.05625 0.0265625
1 0.05 0.71328125 0.075 0.0234375
1 0.025 0.58671875 0.05 0.0171875
1 0.19296875 0.64765625 0.09375 0.021875
0 0.06171875 0.98828125 0.0171875 0.009375
1 0.934375 0.8859375 0.0640625 0.0171875
1 0.98203125 0.74765625 0.0359375 0.0140625
1 0.8203125 0.5578125 0.040625 0.0125