1 0.61328125 0.4125 0.0140625 0.05625
1 0.2078125 0.33046875 0.0171875 0.053125
1 0.228125 0.3609375 0.0125 0.0484375
1 0.21484375 0.39609375 0.009375 0.05625
1 0.14609375 0.4640625 0.0171875 0.059375
1 0.03203125 0.4734375 0.0171875 0.053125
1 0.43828125 0.42421875 0.0125 0.0640625
1 0.3046875 0.3671875 0.0140625 0.05
1 0.28984375 0.33125 0.0140625 0.046875
0 0.9734375 0.13984375 0.009375 0.01875
1 0.7359375 0.2546875 0.0125 0.059375
1 0.878125 0.27734375 0.0140625 0.065625
1 0.8546875 0.1953125 0.0171875 0.059375
1 0.8796875 0.07578125 0.0125 0.05625
1 0.98984375 0.12421875 0.0125 0.0578125
1 0.55703125 0.84140625 0.0140625 0.06875
1 0.59453125 0.7890625 0.0171875 0.0609375
1 0.6734375 0.7078125 0.015625 0.053125
1 0.60625 0.67421875 0.009375 0.04375
1 0.48359375 0.70625 0.0140625 0.0484375
1 0.515625 0.8546875 0.0203125 0.0640625
1 0.328125 0.91328125 0.01875 0.078125
1 0.27734375 0.925 0.0171875 0.071875
1 0.1984375 0.95625 0.0234375 0.08125
1 0.26875 0.83515625 0.0171875 0.065625
1 0.23203125 0.83515625 0.0203125 0.05625
1 0.34375 0.74140625 0.0109375 0.05625
1 0.353125 0.73515625 0.0140625 0.05625
1 0.36953125 0.69609375 0.0140625 0.046875
1 0.4140625 0.68515625 0.0140625 0.0484375
1 0.0109375 0.775 0.0140625 0.06875
1 0.91171875 0.63515625 0.01875 0.08125
1 0.9234375 0.66875 0.01875 0.075
1 0.96484375 0.7296875 0.0171875 0.08125
1 0.97109375 0.975 0.0140625 0.05