1 0.26640625 0.08671875 0.01875 0.0578125
1 0.09140625 0.09921875 0.01875 0.065625
1 0.83203125 0.17421875 0.0296875 0.0921875
1 0.7 0.36875 0.0203125 0.0640625
1 0.753125 0.38828125 0.021875 0.0640625
1 0.76328125 0.43828125 0.015625 0.0484375
1 0.86015625 0.41875 0.0203125 0.065625
1 0.921875 0.39375 0.0171875 0.065625
1 0.96796875 0.4703125 0.0140625 0.0421875
1 0.7203125 0.496875 0.015625 0.04375
1 0.828125 0.503125 0.015625 0.03125
1 0.51953125 0.4859375 0.0265625 0.0625
1 0.0046875 0.75078125 0.009375 0.0484375
1 0.2421875 0.6671875 0.0171875 0.0515625
1 0.2734375 0.78125 0.0140625 0.0453125
1 0.2796875 0.5875 0.0203125 0.065625
1 0.24453125 0.575 0.0234375 0.0703125
1 0.90546875 0.79296875 0.01875 0.0515625
1 0.77890625 0.8203125 0.0265625 0.0609375
1 0.7796875 0.884375 0.01875 0.0578125
1 0.82890625 0.89609375 0.021875 0.0578125
1 0.7609375 0.94765625 0.021875 0.0421875
1 0.8796875 0.96875 0.0171875 0.0421875
1 0.671875 0.97890625 0.021875 0.0421875
1 0.64453125 0.89609375 0.0234375 0.0640625
1 0.57890625 0.98515625 0.0171875 0.0296875