0 0.35078125 0.33671875 0.0171875 0.0109375
1 0.4140625 0.46015625 0.0671875 0.0234375
1 0.39921875 0.2453125 0.0515625 0.021875
1 0.27578125 0.26171875 0.0546875 0.021875
1 0.3921875 0.09296875 0.0421875 0.0171875
1 0.46328125 0.1703125 0.0109375 0.021875
1 0.4546875 0.203125 0.028125 0.015625
1 0.353125 0.003125 0.05 0.00625
0 0.85078125 0.02578125 0.0125 0.0078125
1 0.86953125 0.546875 0.05 0.01875
1 0.87578125 0.46015625 0.05 0.015625
1 0.8234375 0.48515625 0.0546875 0.01875
1 0.803125 0.4515625 0.0484375 0.015625
1 0.803125 0.43671875 0.0515625 0.015625
1 0.80234375 0.4140625 0.05 0.0171875
1 0.80703125 0.39921875 0.0453125 0.0171875
1 0.8421875 0.31015625 0.0453125 0.0171875
1 0.84296875 0.27578125 0.05 0.01875
1 0.871875 0.25390625 0.0484375 0.015625
1 0.8078125 0.24609375 0.04375 0.0109375
1 0.81328125 0.21953125 0.0453125 0.01875
1 0.8 0.28125 0.05 0.01875
1 0.840625 0.0953125 0.0515625 0.025
1 0.94609375 0.13515625 0.0546875 0.021875
1 0.81953125 0.01328125 0.040625 0.0140625
1 0.80859375 0.053125 0.0421875 0.0140625
0 0.03359375 0.771875 0.0234375 0.015625
1 0.06640625 0.95390625 0.0609375 0.0234375
1 0.11875 0.975 0.0578125 0.01875
1 0.13125 0.865625 0.059375 0.021875
1 0.06796875 0.84765625 0.0578125 0.021875
1 0.1828125 0.84140625 0.0546875 0.021875
1 0.16796875 0.8078125 0.0765625 0.025
1 0.1546875 0.775 0.059375 0.021875
1 0.18125 0.76640625 0.0671875 0.01875
1 0.23359375 0.775 0.0765625 0.028125
1 0.26328125 0.7671875 0.0796875 0.028125
1 0.2609375 0.7421875 0.0890625 0.034375
1 0.28515625 0.63125 0.0984375 0.025
1 0.08046875 0.71640625 0.0609375 0.01875
1 0.01953125 0.846875 0.0390625 0.015625
1 0.01796875 0.8859375 0.0359375 0.01875
1 0.85859375 0.79140625 0.0953125 0.0265625
1 0.63671875 0.79765625 0.0953125 0.0296875
1 0.5078125 0.88671875 0.078125 0.0265625
1 0.73046875 0.99296875 0.0859375 0.0140625