0 0.028125 0.38984375 0.0171875 0.0125
1 0.07578125 0.259375 0.0671875 0.03125
1 0.31953125 0.19375 0.075 0.0375
1 0.1921875 0.39453125 0.0515625 0.025
1 0.08671875 0.46484375 0.0515625 0.0078125
1 0.903125 0.3890625 0.0453125 0.0234375
1 0.66640625 0.28671875 0.040625 0.015625
1 0.73515625 0.3546875 0.0453125 0.0203125
1 0.76640625 0.3296875 0.0453125 0.0234375
1 0.82421875 0.30390625 0.0421875 0.0203125
1 0.92265625 0.2296875 0.0515625 0.025
1 0.9109375 0.18671875 0.0453125 0.0234375
1 0.9765625 0.0453125 0.046875 0.028125
1 0.8859375 0.075 0.05625 0.025
1 0.8515625 0.0703125 0.0453125 0.025
1 0.71953125 0.12734375 0.05 0.021875
1 0.696875 0.20546875 0.0390625 0.021875
1 0.678125 0.21640625 0.0453125 0.021875
1 0.646875 0.1859375 0.0453125 0.0203125
0 0.40234375 0.8 0.0203125 0.0140625
0 0.4125 0.65078125 0.0203125 0.0140625
0 0.4734375 0.6390625 0.0125 0.015625
0 0.4671875 0.5375 0.015625 0.0125
0 0.3328125 0.54609375 0.015625 0.0125
0 0.36484375 0.48984375 0.025 0.0140625
1 0.16328125 0.95234375 0.0640625 0.0296875
1 0.21171875 0.85390625 0.0640625 0.028125
1 0.31640625 0.78203125 0.0734375 0.0296875
1 0.084375 0.79296875 0.053125 0.025
1 0.3171875 0.76796875 0.084375 0.0328125
1 0.04609375 0.78359375 0.0515625 0.025
1 0.06171875 0.59609375 0.0609375 0.0296875
1 0.1671875 0.49453125 0.0765625 0.0296875
1 0.175 0.4765625 0.065625 0.015625
1 0.09140625 0.51171875 0.053125 0.0234375
1 0.0640625 0.55703125 0.0625 0.0234375
1 0.0140625 0.58203125 0.028125 0.0171875
1 0.01796875 0.55625 0.0359375 0.021875
1 0.021875 0.5453125 0.04375 0.028125
1 0.05546875 0.49453125 0.0640625 0.0265625
1 0.09140625 0.48046875 0.0640625 0.0234375
1 0.8453125 0.92109375 0.05625 0.0234375
1 0.925 0.903125 0.0609375 0.025
1 0.89140625 0.79609375 0.0546875 0.025
1 0.8296875 0.88828125 0.0578125 0.025
1 0.77890625 0.9015625 0.0609375 0.0265625
1 0.78828125 0.8796875 0.0609375 0.025
1 0.6953125 0.85078125 0.0546875 0.025
1 0.71015625 0.784375 0.0546875 0.025
1 0.87734375 0.6984375 0.0671875 0.03125
1 0.76015625 0.74140625 0.0546875 0.0234375
1 0.9578125 0.5890625 0.0671875 0.028125
1 0.74609375 0.4890625 0.0484375 0.0203125
1 0.70390625 0.4765625 0.0421875 0.015625
1 0.5703125 0.6625 0.0390625 0.0203125
1 0.4890625 0.6546875 0.01875 0.01875