0 0.00390625 0.33671875 0.0078125 0.0109375
1 0.08671875 0.44609375 0.0671875 0.0203125
1 0.33828125 0.4328125 0.0734375 0.025
1 0.15546875 0.28125 0.05 0.015625
1 0.03046875 0.2375 0.0515625 0.01875
1 0.0078125 0.0890625 0.015625 0.015625
1 0.10078125 0.14765625 0.0546875 0.01875
1 0.090625 0.18359375 0.05625 0.0125
1 0.159375 0.134375 0.0640625 0.0171875
1 0.13203125 0.01171875 0.059375 0.0171875
1 0.26328125 0.00546875 0.0703125 0.0109375
1 0.2640625 0.08359375 0.0734375 0.0234375
1 0.40625 0.58125 0.0796875 0.0234375
1 0.29453125 0.621875 0.053125 0.0140625
1 0.31015625 0.653125 0.06875 0.0140625
1 0.2625 0.68515625 0.046875 0.0125
1 0.2078125 0.69609375 0.040625 0.0125
1 0.278125 0.74609375 0.05 0.0125
1 0.24453125 0.7734375 0.053125 0.0125
1 0.1859375 0.80390625 0.040625 0.0140625
1 0.24765625 0.92109375 0.05 0.015625
1 0.29140625 0.90859375 0.0578125 0.0171875
1 0.36171875 0.79765625 0.0609375 0.01875
1 0.3921875 0.75625 0.0515625 0.0203125
1 0.453125 0.75625 0.0609375 0.0234375
1 0.6140625 0.834375 0.03125 0.025
1 0.6859375 0.74375 0.0578125 0.01875
1 0.77734375 0.71640625 0.0671875 0.0234375
1 0.69453125 0.63359375 0.0625 0.0203125
1 0.63984375 0.61640625 0.0203125 0.0171875
1 0.65078125 0.565625 0.0421875 0.015625
1 0.74921875 0.85078125 0.0578125 0.025