0 0.45234375 0.44296875 0.009375 0.015625
1 0.11171875 0.36484375 0.0109375 0.04375
1 0.40546875 0.2203125 0.021875 0.075
1 0.33984375 0.42109375 0.0078125 0.046875
1 0.34375 0.5109375 0.0078125 0.03125
1 0.253125 0.4890625 0.0078125 0.0265625
1 0.2375 0.4640625 0.009375 0.0375
1 0.1875 0.453125 0.009375 0.040625
1 0.0296875 0.475 0.0125 0.034375
1 0.778125 0.3484375 0.0125 0.05625
1 0.5640625 0.2921875 0.009375 0.0515625
1 0.5546875 0.25703125 0.00625 0.0359375
1 0.6109375 0.11484375 0.0109375 0.05625
1 0.50390625 0.34296875 0.0078125 0.0390625
1 0.49375 0.4109375 0.0125 0.046875
1 0.465625 0.35859375 0.009375 0.046875
1 0.1265625 0.7484375 0.0125 0.0625
1 0.1515625 0.8390625 0.01875 0.05625
1 0.1328125 0.878125 0.009375 0.04375
1 0.1078125 0.93046875 0.0125 0.059375
1 0.14453125 0.9453125 0.009375 0.040625
1 0.1921875 0.9671875 0.009375 0.0390625
1 0.22421875 0.9390625 0.009375 0.040625
1 0.2453125 0.95 0.009375 0.040625
1 0.3875 0.909375 0.015625 0.053125
1 0.4546875 0.9453125 0.009375 0.04375
1 0.4390625 0.90078125 0.0140625 0.046875
1 0.36171875 0.7640625 0.021875 0.05625
0 0.1921875 0.9875 0.009375 0.01875
1 0.68671875 0.81796875 0.015625 0.065625
1 0.76640625 0.8578125 0.015625 0.05625
1 0.74140625 0.9046875 0.009375 0.059375
1 0.7375 0.971875 0.009375 0.04375
1 0.9015625 0.9515625 0.009375 0.040625
1 0.81171875 0.93984375 0.009375 0.04375
1 0.86796875 0.8734375 0.0125 0.04375
1 0.86875 0.82734375 0.009375 0.05
1 0.89765625 0.7703125 0.0125 0.0625
1 0.82421875 0.68203125 0.015625 0.06875
1 0.97265625 0.71875 0.015625 0.05625
1 0.9625 0.8546875 0.0140625 0.053125
1 0.9859375 0.753125 0.0109375 0.059375