1 0.2703125 0.00625 0.01875 0.0125
1 0.2953125 0.0765625 0.0140625 0.0328125
1 0.2015625 0.07578125 0.0140625 0.028125
1 0.18046875 0.0546875 0.0171875 0.0390625
1 0.1296875 0.05546875 0.01875 0.0421875
1 0.4078125 0.01015625 0.01875 0.0203125
0 0.63203125 0.3234375 0.0046875 0.0046875
1 0.45546875 0.25859375 0.0203125 0.0421875
1 0.5140625 0.25703125 0.021875 0.0421875
1 0.5328125 0.17890625 0.0234375 0.0484375
1 0.50859375 0.31015625 0.015625 0.0390625
1 0.56328125 0.3 0.01875 0.0390625
1 0.63125 0.3203125 0.0125 0.028125
1 0.62890625 0.2828125 0.0125 0.03125
1 0.625 0.2734375 0.0140625 0.0296875
1 0.66484375 0.29140625 0.015625 0.0328125
1 0.68671875 0.25625 0.0140625 0.034375
1 0.6703125 0.2328125 0.021875 0.0421875
1 0.6578125 0.2375 0.01875 0.0421875
1 0.72109375 0.2109375 0.01875 0.0421875
1 0.725 0.184375 0.0203125 0.0484375
1 0.69453125 0.17578125 0.0171875 0.0359375
1 0.7578125 0.1734375 0.0171875 0.0359375
1 0.78046875 0.084375 0.0203125 0.0453125
1 0.82734375 0.1796875 0.0171875 0.040625
0 0.2328125 0.4609375 0.0171875 0.0234375
0 0.28125 0.64375 0.0140625 0.0203125
0 0.17578125 0.67265625 0.0078125 0.0125
1 0.13515625 0.60859375 0.0296875 0.0671875
1 0.17265625 0.64765625 0.0296875 0.0640625
1 0.29609375 0.6578125 0.0234375 0.0484375
1 0.37109375 0.540625 0.0328125 0.065625
1 0.26796875 0.47734375 0.0390625 0.0765625
1 0.271875 0.72265625 0.0234375 0.0625
1 0.20078125 0.7390625 0.0234375 0.053125
1 0.215625 0.77578125 0.025 0.053125
0 0.478125 0.5171875 0.0125 0.0171875
1 0.91484375 0.48671875 0.0375 0.0828125
1 0.86171875 0.48046875 0.0359375 0.0828125
1 0.46796875 0.53671875 0.0453125 0.0828125
1 0.4296875 0.7890625 0.021875 0.075
1 0.72265625 0.72890625 0.028125 0.065625
1 0.828125 0.7578125 0.0265625 0.0625
1 0.87890625 0.84140625 0.0265625 0.0546875
1 0.85390625 0.85078125 0.0265625 0.0546875
1 0.99609375 0.75234375 0.0078125 0.0640625