1 0.03671875 0.19609375 0.0328125 0.0125
1 0.02890625 0.2890625 0.028125 0.0125
1 0.01328125 0.3078125 0.0265625 0.015625
1 0.0125 0.359375 0.025 0.015625
1 0.87265625 0.303125 0.0515625 0.01875
1 0.84765625 0.2984375 0.0484375 0.0234375
1 0.75234375 0.28671875 0.0546875 0.021875
1 0.7921875 0.15546875 0.0484375 0.0203125
1 0.82265625 0.13515625 0.0453125 0.015625
1 0.928125 0.12578125 0.040625 0.015625
1 0.9375 0.18984375 0.053125 0.01875
1 0.9671875 0.2375 0.0453125 0.01875
0 0.025 0.61953125 0.0140625 0.0109375
0 0.053125 0.64765625 0.015625 0.0078125
0 0.06796875 0.71796875 0.0171875 0.009375
0 0.0359375 0.86328125 0.0109375 0.0078125
0 0.09296875 0.85859375 0.009375 0.0078125
1 0.009375 0.71796875 0.01875 0.0203125
1 0.00625 0.85 0.0125 0.028125
1 0.14765625 0.86171875 0.0546875 0.0203125
1 0.1359375 0.89375 0.065625 0.0265625
1 0.17109375 0.96875 0.053125 0.01875
1 0.01015625 0.58984375 0.0203125 0.0265625
1 0.02265625 0.571875 0.0453125 0.028125
1 0.83203125 0.9609375 0.0875 0.034375
1 0.97265625 0.81953125 0.0546875 0.0234375
1 0.97421875 0.8359375 0.0515625 0.025
1 0.97890625 0.68359375 0.0421875 0.0265625
1 0.95390625 0.63203125 0.0765625 0.0265625
1 0.89140625 0.63203125 0.078125 0.025
1 0.92578125 0.5125 0.0765625 0.0296875
1 0.7875 0.49453125 0.0796875 0.03125
1 0.6703125 0.57265625 0.0921875 0.0296875
1 0.72734375 0.6421875 0.0890625 0.03125
1 0.53828125 0.7 0.0953125 0.0328125
1 0.6984375 0.7875 0.0890625 0.0296875