1 0.3359375 0.284375 0.046875 0.021875
1 0.34609375 0.53828125 0.0265625 0.0234375
1 0.1421875 0.48515625 0.053125 0.0171875
1 0.1796875 0.45078125 0.0703125 0.021875
1 0.1734375 0.37890625 0.053125 0.015625
1 0.15859375 0.3484375 0.0515625 0.015625
1 0.09140625 0.4109375 0.053125 0.01875
1 0.08515625 0.390625 0.0578125 0.0140625
1 0.05625 0.19296875 0.053125 0.0125
1 0.31875 0.29765625 0.08125 0.0234375
1 0.80859375 0.0046875 0.0390625 0.009375
1 0.8140625 0.065625 0.0515625 0.0171875
1 0.915625 0.128125 0.0453125 0.0140625
1 0.80859375 0.18515625 0.040625 0.0125
1 0.72890625 0.121875 0.046875 0.0140625
1 0.7515625 0.2828125 0.04375 0.009375
1 0.7515625 0.321875 0.0421875 0.015625
1 0.88515625 0.33046875 0.053125 0.0140625
1 0.9078125 0.503125 0.053125 0.0140625
1 0.9125 0.51875 0.0453125 0.015625
1 0.7609375 0.44296875 0.0375 0.009375
0 0.7796875 0.859375 0.009375 0.0078125
0 0.68515625 0.8296875 0.00625 0.0046875
0 0.74140625 0.71328125 0.009375 0.0078125
0 0.696875 0.58125 0.009375 0.0078125
1 0.85390625 0.56171875 0.0703125 0.0234375
1 0.653125 0.721875 0.0609375 0.0140625
1 0.68984375 0.7484375 0.065625 0.021875
1 0.7109375 0.778125 0.0625 0.0171875
1 0.7671875 0.79765625 0.075 0.025
1 0.87265625 0.8515625 0.0875 0.0203125
1 0.89765625 0.82734375 0.0875 0.028125
1 0.96171875 0.91328125 0.0765625 0.0265625
1 0.83359375 0.7671875 0.0703125 0.028125
1 0.8109375 0.69375 0.0734375 0.021875
1 0.68984375 0.69453125 0.0578125 0.0203125
1 0.7015625 0.63203125 0.0609375 0.0171875
1 0.615625 0.60546875 0.053125 0.0234375