1 0.39140625 0.21953125 0.075 0.034375
1 0.37890625 0.24453125 0.0703125 0.0296875
1 0.29375 0.353125 0.053125 0.0234375
1 0.340625 0.37421875 0.0703125 0.03125
1 0.35625 0.44453125 0.0546875 0.021875
1 0.3515625 0.478125 0.053125 0.021875
1 0.26875 0.4390625 0.053125 0.025
1 0.26875 0.4609375 0.0578125 0.021875
1 0.23671875 0.21015625 0.0578125 0.025
1 0.47890625 0.53671875 0.0375 0.0171875
1 0.4703125 0.515625 0.05625 0.021875
1 0.44921875 0.53203125 0.0203125 0.0171875
1 0.48125 0.32265625 0.053125 0.0265625
1 0.4875 0.41796875 0.0515625 0.0234375
1 0.6453125 0.43984375 0.059375 0.028125
1 0.7453125 0.3328125 0.0828125 0.0421875
1 0.49609375 0.06484375 0.071875 0.0375
1 0.35390625 0.9703125 0.071875 0.0375
1 0.303125 0.9515625 0.0796875 0.0328125
1 0.253125 0.81484375 0.0734375 0.028125
1 0.3 0.74296875 0.0734375 0.0296875
1 0.234375 0.665625 0.0609375 0.0265625
1 0.15703125 0.69296875 0.0625 0.034375
1 0.14609375 0.8375 0.0546875 0.025
1 0.1671875 0.84375 0.0421875 0.021875
1 0.08671875 0.87265625 0.0484375 0.025
1 0.071875 0.96953125 0.0453125 0.021875
1 0.7578125 0.6 0.075 0.021875
1 0.7625 0.62109375 0.0625 0.0265625
1 0.74140625 0.64765625 0.0640625 0.040625
1 0.71953125 0.68515625 0.0671875 0.0265625
1 0.67109375 0.6671875 0.0515625 0.0265625
1 0.66328125 0.653125 0.053125 0.0296875
1 0.69609375 0.59609375 0.0578125 0.0140625
1 0.64453125 0.7015625 0.053125 0.0203125
1 0.6484375 0.70234375 0.05 0.0203125
1 0.7328125 0.95625 0.0625 0.0234375
1 0.7921875 0.92109375 0.065625 0.0265625
1 0.784375 0.840625 0.0625 0.0296875
1 0.7734375 0.73359375 0.059375 0.03125
1 0.8671875 0.8796875 0.0640625 0.034375
1 0.81484375 0.996875 0.0703125 0.00625
0 0.64296875 0.625 0.0234375 0.0140625