1 0.0203125 0.24921875 0.025 0.0828125
1 0.31015625 0.3484375 0.0359375 0.09375
1 0.37265625 0.28828125 0.0296875 0.0796875
1 0.44140625 0.28203125 0.034375 0.0828125
1 0.4921875 0.31171875 0.015625 0.0953125
1 0.32734375 0.2375 0.0296875 0.0859375
1 0.2734375 0.21796875 0.0265625 0.0859375
1 0.2953125 0.11015625 0.028125 0.0734375
1 0.27109375 0.09609375 0.021875 0.0703125
1 0.171875 0.0125 0.01875 0.025
1 0.14609375 0.04375 0.0234375 0.0703125
1 0.075 0.05234375 0.0171875 0.0546875
1 0.0421875 0.04375 0.0171875 0.053125
1 0.0265625 0.21328125 0.0265625 0.0859375
1 0.628125 0.01796875 0.021875 0.0359375
1 0.5328125 0.01640625 0.01875 0.0328125
1 0.50234375 0.1609375 0.0046875 0.059375
1 0.59140625 0.271875 0.034375 0.0828125
1 0.88359375 0.0515625 0.0296875 0.0703125
1 0.01875 0.9234375 0.0234375 0.078125
1 0.11875 0.9125 0.025 0.0703125
1 0.3859375 0.92265625 0.0234375 0.0578125
1 0.36171875 0.934375 0.03125 0.034375
0 0.3828125 0.93984375 0.009375 0.01875
1 0.43515625 0.80625 0.0171875 0.046875
1 0.3265625 0.76015625 0.021875 0.0578125
1 0.26796875 0.71171875 0.025 0.0515625
1 0.09375 0.73359375 0.015625 0.05
1 0.3484375 0.70625 0.0234375 0.0515625
1 0.38515625 0.65078125 0.015625 0.046875
1 0.45546875 0.66953125 0.021875 0.046875
1 0.4921875 0.7078125 0.015625 0.05
1 0.94921875 0.65703125 0.025 0.0734375
1 0.95390625 0.7546875 0.0265625 0.0890625
1 0.896875 0.9796875 0.03125 0.040625
1 0.76640625 0.93671875 0.028125 0.0796875
1 0.74921875 0.71171875 0.0265625 0.0796875
1 0.59140625 0.79921875 0.021875 0.0828125
1 0.58125 0.81796875 0.021875 0.0765625
1 0.75703125 0.60546875 0.0234375 0.0328125
1 0.8578125 0.5984375 0.021875 0.01875