0 0.09296875 0.00859375 0.0078125 0.0171875
1 0.084375 0.03984375 0.0171875 0.0765625
1 0.0734375 0.04609375 0.0171875 0.071875
1 0.11875 0.17421875 0.0171875 0.0796875
1 0.2109375 0.1265625 0.0171875 0.084375
1 0.2828125 0.2 0.01875 0.0796875
1 0.3328125 0.0671875 0.0125 0.0875
1 0.33515625 0.31875 0.0078125 0.05625
1 0.26796875 0.259375 0.0140625 0.071875
1 0.24453125 0.28984375 0.015625 0.0609375
1 0.20546875 0.2828125 0.0171875 0.0609375
1 0.103125 0.29921875 0.0171875 0.05
1 0.26171875 0.309375 0.009375 0.0484375
1 0.31796875 0.32578125 0.0109375 0.0484375
1 0.84453125 0.4375 0.0203125 0.065625
1 0.8390625 0.25546875 0.0234375 0.0875
1 0.51875 0.21875 0.0265625 0.071875
1 0.73359375 0.4625 0.0203125 0.034375
1 0.93984375 0.028125 0.0203125 0.05625
1 0.41953125 0.2234375 0.0265625 0.078125
1 0.34375 0.35625 0.009375 0.065625
1 0.49453125 0.0390625 0.0203125 0.078125
1 0.49921875 0.41328125 0.0171875 0.0671875
1 0.6296875 0.43828125 0.01875 0.071875
1 0.05390625 0.48828125 0.0296875 0.0171875
1 0.07421875 0.57421875 0.0140625 0.05625
1 0.1203125 0.56171875 0.0140625 0.05
1 0.315625 0.69375 0.0171875 0.046875
1 0.2765625 0.65078125 0.01875 0.05625
1 0.2515625 0.6265625 0.0171875 0.059375
1 0.18359375 0.721875 0.0125 0.0375
1 0.13828125 0.77890625 0.0109375 0.0375
1 0.159375 0.7078125 0.0109375 0.053125
1 0.04296875 0.68125 0.0140625 0.053125
1 0.9765625 0.515625 0.01875 0.071875
1 0.57890625 0.50078125 0.0296875 0.0421875
1 0.4828125 0.72109375 0.0234375 0.071875
1 0.41796875 0.74453125 0.01875 0.06875
1 0.7890625 0.72421875 0.015625 0.0640625
1 0.8859375 0.775 0.0140625 0.0609375
1 0.91796875 0.8671875 0.0171875 0.053125
1 0.89140625 0.87109375 0.0171875 0.053125
1 0.40078125 0.5453125 0.0328125 0.09375
1 0.35 0.57109375 0.021875 0.0765625