0 0.17734375 0.3421875 0.0203125 0.0125
1 0.14375 0.34375 0.078125 0.034375
1 0.13515625 0.35234375 0.0734375 0.0328125
1 0.03046875 0.2796875 0.0609375 0.034375
1 0.0875 0.20078125 0.0859375 0.0359375
1 0.03671875 0.11328125 0.0734375 0.0359375
1 0.17421875 0.08984375 0.090625 0.0421875
0 0.80234375 0.38203125 0.0203125 0.0140625
1 0.934375 0.26328125 0.109375 0.0421875
1 0.825 0.31953125 0.084375 0.0328125
1 0.70703125 0.384375 0.0734375 0.03125
1 0.740625 0.34296875 0.0796875 0.034375
1 0.51640625 0.3921875 0.059375 0.0234375
1 0.58046875 0.29453125 0.0640625 0.0265625
1 0.58203125 0.24296875 0.0640625 0.025
1 0.56953125 0.228125 0.065625 0.028125
1 0.6109375 0.20546875 0.0609375 0.0265625
1 0.6234375 0.171875 0.053125 0.021875
1 0.55703125 0.109375 0.0625 0.0265625
1 0.54453125 0.03671875 0.0578125 0.025
1 0.63203125 0.04375 0.0734375 0.0296875
1 0.71640625 0.01015625 0.0671875 0.0203125
0 0.47109375 0.52578125 0.0109375 0.0078125
0 0.45625 0.67734375 0.0078125 0.0078125
0 0.40078125 0.7625 0.00625 0.0046875
0 0.4390625 0.82265625 0.0140625 0.00625
0 0.40859375 0.97421875 0.009375 0.0046875
0 0.37421875 0.9328125 0.0109375 0.0078125
0 0.47578125 0.94765625 0.0078125 0.0078125
0 0.28046875 0.71328125 0.0109375 0.0078125
0 0.23671875 0.77890625 0.0078125 0.00625
1 0.42109375 0.52421875 0.0296875 0.015625
1 0.46796875 0.5453125 0.0234375 0.01875
1 0.428125 0.71015625 0.040625 0.01875
1 0.3828125 0.78046875 0.034375 0.0140625
1 0.31640625 0.8015625 0.028125 0.0125
1 0.31328125 0.8125 0.034375 0.0140625
1 0.40234375 0.87578125 0.0359375 0.0171875
1 0.3078125 0.8765625 0.034375 0.0140625
1 0.30546875 0.9046875 0.034375 0.0140625
1 0.3328125 0.928125 0.028125 0.0109375
1 0.40234375 0.96015625 0.0421875 0.0203125
1 0.2984375 0.96484375 0.040625 0.0171875
1 0.90078125 0.4375 0.0609375 0.015625
1 0.83828125 0.61875 0.05625 0.0234375
1 0.88203125 0.66640625 0.0609375 0.0296875
1 0.90625 0.70390625 0.0578125 0.025
1 0.9625 0.71953125 0.0703125 0.03125
1 0.75859375 0.62421875 0.040625 0.0171875
1 0.7625 0.73125 0.0453125 0.0203125
1 0.834375 0.78046875 0.0546875 0.025
1 0.7875 0.8046875 0.0546875 0.025
1 0.85546875 0.8296875 0.0515625 0.0234375
1 0.74375 0.86171875 0.0484375 0.0203125
1 0.79140625 0.9140625 0.0609375 0.025
1 0.8578125 0.96875 0.06875 0.025
1 0.96484375 0.990625 0.0703125 0.01875