1 0.40546875 0.05078125 0.0890625 0.0328125
1 0.853125 0.00859375 0.05 0.0171875
1 0.971875 0.175 0.05 0.015625
1 0.88984375 0.2140625 0.05 0.021875
1 0.9 0.12265625 0.0515625 0.0203125
1 0.9890625 0.0890625 0.021875 0.015625
1 0.97890625 0.06328125 0.0421875 0.0140625
1 0.34453125 0.775 0.0484375 0.0234375
1 0.2765625 0.803125 0.0484375 0.01875
1 0.21015625 0.81015625 0.0453125 0.0171875
1 0.16953125 0.834375 0.0546875 0.025
1 0.16015625 0.79140625 0.0609375 0.0234375
1 0.13671875 0.75390625 0.0515625 0.015625
1 0.078125 0.77890625 0.0546875 0.021875
1 0.02265625 0.78828125 0.0453125 0.0265625
1 0.3375 0.8703125 0.0484375 0.0203125
1 0.3703125 0.90390625 0.0484375 0.0203125
1 0.34609375 0.90625 0.0421875 0.0171875
1 0.29921875 0.9203125 0.053125 0.015625
1 0.175 0.9375 0.0546875 0.025
0 0.28203125 0.83515625 0.0234375 0.015625
1 0.5109375 0.59375 0.021875 0.034375
1 0.54375 0.60078125 0.0828125 0.0234375
1 0.55390625 0.625 0.0734375 0.0265625
1 0.58203125 0.93515625 0.0875 0.03125
1 0.56875 0.965625 0.078125 0.034375
1 0.665625 0.79453125 0.065625 0.0203125
1 0.66015625 0.978125 0.0828125 0.028125