1 0.00859375 0.365625 0.0171875 0.025
1 0.02265625 0.3421875 0.0453125 0.01875
1 0.03984375 0.1703125 0.0546875 0.01875
1 0.02578125 0.1890625 0.0515625 0.021875
1 0.0078125 0.2109375 0.015625 0.015625
1 0.00859375 0.196875 0.0171875 0.025
1 0.0078125 0.17578125 0.015625 0.0203125
1 0.01171875 0.1609375 0.0234375 0.01875
1 0.01328125 0.1625 0.0265625 0.021875
1 0.03984375 0.1421875 0.0546875 0.021875
1 0.02890625 0.13203125 0.0578125 0.0234375
1 0.046875 0.096875 0.0578125 0.025
1 0.04921875 0.1 0.05 0.0296875
1 0.98359375 0.59453125 0.0328125 0.0265625
1 0.859375 0.58125 0.0484375 0.0171875
1 0.82109375 0.50625 0.0421875 0.0171875
1 0.8265625 0.48671875 0.046875 0.0171875
1 0.87734375 0.384375 0.040625 0.01875
1 0.90078125 0.36875 0.0484375 0.0171875
1 0.8484375 0.37109375 0.0359375 0.0203125
1 0.97265625 0.21484375 0.0546875 0.0203125
1 0.97421875 0.184375 0.0515625 0.021875
1 0.9203125 0.209375 0.0515625 0.0203125
1 0.85390625 0.32109375 0.0359375 0.0171875
1 0.8484375 0.3046875 0.0421875 0.015625
1 0.83828125 0.33125 0.0390625 0.01875
1 0.83046875 0.3375 0.0328125 0.0140625
1 0.82734375 0.3484375 0.0328125 0.0140625
1 0.8625 0.346875 0.0375 0.015625
1 0.93984375 0.0796875 0.0515625 0.0171875
1 0.37109375 0.9515625 0.0609375 0.021875
1 0.26484375 0.9375 0.0515625 0.0171875
1 0.365625 0.909375 0.0515625 0.0203125
1 0.51640625 0.9015625 0.0265625 0.025
1 0.27421875 0.72734375 0.05 0.0234375
1 0.25234375 0.76640625 0.0359375 0.015625
1 0.21484375 0.84375 0.0421875 0.015625
1 0.24453125 0.85625 0.0421875 0.015625
1 0.60546875 0.6390625 0.0578125 0.021875
1 0.65078125 0.6953125 0.0578125 0.021875
1 0.6984375 0.821875 0.0671875 0.021875
1 0.7234375 0.8140625 0.0625 0.0234375
1 0.71796875 0.8 0.0609375 0.025
1 0.8296875 0.803125 0.0765625 0.03125
1 0.84375 0.725 0.0734375 0.03125
1 0.73359375 0.87265625 0.0703125 0.025
1 0.8140625 0.88984375 0.0734375 0.025
1 0.7734375 0.91640625 0.0734375 0.025
1 0.715625 0.9265625 0.0703125 0.025