1 0.0734375 0.00703125 0.059375 0.0140625
1 0.10390625 0.17734375 0.0546875 0.0171875
1 0.11484375 0.15390625 0.0578125 0.0203125
1 0.13203125 0.12578125 0.0390625 0.0140625
1 0.16484375 0.10390625 0.0484375 0.015625
1 0.1515625 0.12734375 0.0390625 0.0140625
1 0.13828125 0.13828125 0.0453125 0.0234375
1 0.1453125 0.1578125 0.0421875 0.0203125
1 0.1484375 0.17265625 0.0546875 0.0171875
1 0.13984375 0.1734375 0.0453125 0.0203125
1 0.1125 0.20390625 0.0546875 0.0203125
1 0.128125 0.21015625 0.0640625 0.0203125
1 0.1203125 0.24921875 0.0578125 0.0234375
1 0.1171875 0.246875 0.05 0.028125
1 0.1953125 0.35625 0.0578125 0.0234375
1 0.87890625 0.42578125 0.0484375 0.0078125
1 0.9140625 0.36796875 0.05 0.0203125
1 0.90625 0.33203125 0.0453125 0.0203125
1 0.85546875 0.2875 0.0546875 0.0234375
1 0.89921875 0.2265625 0.0484375 0.0171875
1 0.9046875 0.2 0.0421875 0.0203125
1 0.86171875 0.1828125 0.0484375 0.015625
1 0.89921875 0.13125 0.040625 0.0140625
1 0.96640625 0.284375 0.040625 0.0171875
1 0.965625 0.35 0.040625 0.0171875
1 0.99453125 0.346875 0.0109375 0.0125
1 0.99296875 0.3703125 0.0140625 0.0125
1 0.98046875 0.37890625 0.0390625 0.0140625
1 0.36875 0.98984375 0.021875 0.0109375
1 0.29375 0.98828125 0.0359375 0.0140625
1 0.3203125 0.8828125 0.03125 0.0109375
1 0.36796875 0.7875 0.0234375 0.009375
1 0.35 0.8046875 0.009375 0.0046875
1 0.3390625 0.809375 0.0296875 0.0125
0 0.32890625 0.7875 0.009375 0.0078125
1 0.96484375 0.99140625 0.0703125 0.0171875
1 0.93203125 0.87578125 0.059375 0.0171875
1 0.91796875 0.7890625 0.0546875 0.025
1 0.89921875 0.8609375 0.0609375 0.0234375
1 0.8875 0.83359375 0.0546875 0.0171875
1 0.86953125 0.8390625 0.0546875 0.021875
1 0.88984375 0.778125 0.0484375 0.0171875
1 0.88046875 0.76875 0.0453125 0.0171875
1 0.88828125 0.75 0.0546875 0.0171875
1 0.9015625 0.7484375 0.0515625 0.01875
1 0.89453125 0.728125 0.0453125 0.015625
1 0.90625 0.7296875 0.0578125 0.0203125
1 0.9453125 0.73125 0.0578125 0.0203125
1 0.94140625 0.7421875 0.0453125 0.015625
1 0.92421875 0.76015625 0.0515625 0.0171875
1 0.87890625 0.6875 0.0546875 0.01875
1 0.91328125 0.671875 0.0484375 0.021875
1 0.8015625 0.590625 0.0640625 0.021875
1 0.853125 0.45703125 0.0609375 0.0265625