0 0.19453125 0.2515625 0.0125 0.00625
1 0.3296875 0.0828125 0.0625 0.01875
1 0.2921875 0.3234375 0.05625 0.0171875
1 0.2609375 0.33203125 0.0609375 0.0125
1 0.31484375 0.353125 0.059375 0.009375
1 0.178125 0.33984375 0.0375 0.009375
1 0.1796875 0.25078125 0.028125 0.0125
1 0.18046875 0.2203125 0.0375 0.0140625
1 0.934375 0.37265625 0.0578125 0.015625
1 0.88125 0.25859375 0.0484375 0.0125
1 0.86171875 0.27109375 0.05 0.0140625
1 0.84296875 0.2546875 0.04375 0.0140625
1 0.8 0.22265625 0.0453125 0.009375
1 0.78671875 0.18125 0.040625 0.0109375
1 0.9421875 0.19921875 0.05625 0.0125
1 0.86171875 0.1359375 0.046875 0.0109375
1 0.840625 0.1296875 0.046875 0.0078125
1 0.8 0.1015625 0.0359375 0.0109375
1 0.79140625 0.10546875 0.034375 0.0078125
1 0.76015625 0.06171875 0.03125 0.0078125
1 0.8578125 0.09140625 0.046875 0.0140625
1 0.85078125 0.075 0.04375 0.0109375
1 0.934375 0.059375 0.0546875 0.0171875
1 0.8625 0.02421875 0.034375 0.0109375
1 0.828125 0.009375 0.0375 0.0078125
1 0.8296875 0.00390625 0.040625 0.0078125
0 0.8390625 0.00390625 0.00625 0.003125
1 0.00859375 0.7609375 0.0171875 0.015625
1 0.01796875 0.63125 0.0359375 0.021875
1 0.034375 0.55625 0.06875 0.01875
1 0.103125 0.5953125 0.0875 0.021875
1 0.1734375 0.5734375 0.071875 0.015625
1 0.221875 0.57578125 0.0875 0.015625
1 0.228125 0.58828125 0.09375 0.0203125
1 0.3828125 0.68671875 0.1015625 0.028125
1 0.2859375 0.77109375 0.1046875 0.021875
1 0.8171875 0.4921875 0.065625 0.0171875
1 0.67578125 0.509375 0.053125 0.0171875
1 0.65859375 0.60546875 0.0578125 0.0140625
1 0.78515625 0.634375 0.0625 0.0140625
1 0.8890625 0.7078125 0.0578125 0.01875
1 0.759375 0.72890625 0.0578125 0.01875
1 0.65234375 0.940625 0.046875 0.0171875
1 0.68671875 0.92890625 0.0453125 0.0140625
1 0.74453125 0.95 0.059375 0.0140625
1 0.890625 0.8796875 0.05625 0.01875
1 0.98125 0.925 0.0375 0.021875