1 0.278125 0.025 0.0640625 0.0203125
1 0.19609375 0.06484375 0.059375 0.0171875
1 0.196875 0.090625 0.05625 0.015625
1 0.3203125 0.065625 0.05 0.0125
1 0.32734375 0.1015625 0.0453125 0.0125
1 0.328125 0.284375 0.04375 0.0125
1 0.25703125 0.296875 0.046875 0.0125
1 0.23984375 0.32578125 0.0453125 0.0125
1 0.29296875 0.46875 0.0453125 0.009375
1 0.28203125 0.4953125 0.053125 0.0125
1 0.471875 0.4765625 0.0671875 0.0234375
1 0.5859375 0.459375 0.0609375 0.0234375
1 0.6359375 0.346875 0.0625 0.0234375
1 0.6984375 0.4125 0.053125 0.015625
1 0.7375 0.41796875 0.053125 0.015625
1 0.840625 0.41953125 0.040625 0.0125
1 0.9 0.4 0.0484375 0.0171875
1 0.85859375 0.30859375 0.0453125 0.0140625
1 0.79140625 0.26484375 0.0375 0.015625
1 0.8125 0.3296875 0.046875 0.015625
1 0.7125 0.265625 0.0515625 0.01875
1 0.74375 0.3515625 0.0484375 0.015625
1 0.675 0.1984375 0.0484375 0.01875
1 0.5484375 0.03984375 0.046875 0.025
1 0.77421875 0.0453125 0.05625 0.015625
1 0.86796875 0.0921875 0.0375 0.015625
1 0.9828125 0.1421875 0.034375 0.015625
0 0.75 0.06953125 0.021875 0.0078125
1 0.81640625 0.146875 0.053125 0.0125
1 0.815625 0.19921875 0.0453125 0.01875
1 0.90546875 0.2546875 0.053125 0.0140625
1 0.04921875 0.84296875 0.059375 0.0140625
1 0.14921875 0.84296875 0.04375 0.0140625
1 0.15078125 0.8265625 0.0375 0.0125
1 0.20390625 0.765625 0.040625 0.015625
1 0.0765625 0.73515625 0.05 0.015625
1 0.153125 0.7890625 0.04375 0.0125
1 0.03828125 0.7203125 0.053125 0.015625
0 0.5578125 0.93125 0.0140625 0.00625
0 0.54609375 0.784375 0.015625 0.0109375
0 0.56953125 0.68671875 0.015625 0.009375
0 0.5734375 0.628125 0.015625 0.0078125
0 0.6171875 0.5484375 0.01875 0.00625
0 0.83671875 0.58203125 0.015625 0.0078125
0 0.8578125 0.77890625 0.0140625 0.0046875
0 0.7234375 0.7828125 0.0140625 0.0109375
0 0.715625 0.87734375 0.0125 0.0109375
0 0.76875 0.9671875 0.0171875 0.0109375
0 0.8828125 0.90078125 0.0109375 0.00625
1 0.87578125 0.646875 0.053125 0.015625
1 0.7484375 0.5359375 0.0703125 0.0203125
1 0.74765625 0.6375 0.05625 0.015625
1 0.74765625 0.71015625 0.05625 0.015625
1 0.79921875 0.7015625 0.05625 0.015625
1 0.92734375 0.8453125 0.034375 0.0125
1 0.8921875 0.95078125 0.046875 0.0125
1 0.86328125 0.9265625 0.05 0.0125
1 0.83125 0.921875 0.046875 0.0125
1 0.65234375 0.9203125 0.0953125 0.025
1 0.603125 0.86640625 0.0734375 0.0234375
1 0.79921875 0.9953125 0.0578125 0.009375
1 0.75078125 0.996875 0.0546875 0.00625
0 0.71953125 0.63984375 0.015625 0.0078125