0 0.27890625 0.08359375 0.015625 0.009375
1 0.35625 0.496875 0.0484375 0.0171875
1 0.425 0.4671875 0.0484375 0.0171875
1 0.434375 0.4359375 0.046875 0.0171875
1 0.34921875 0.309375 0.0453125 0.0140625
1 0.28984375 0.38984375 0.034375 0.01875
1 0.23515625 0.33046875 0.0390625 0.015625
1 0.35234375 0.28125 0.0546875 0.01875
1 0.43046875 0.22265625 0.0609375 0.021875
1 0.49765625 0.01640625 0.0421875 0.0234375
1 0.271875 0.00625 0.046875 0.0125
1 0.3078125 0.140625 0.0453125 0.0171875
1 0.246875 0.12734375 0.0453125 0.0203125
1 0.6875 0.11875 0.046875 0.0171875
1 0.66484375 0.31015625 0.0421875 0.015625
1 0.7265625 0.3203125 0.0453125 0.0171875
1 0.82890625 0.3 0.0578125 0.021875
1 0.78984375 0.4265625 0.0515625 0.0203125
1 0.75234375 0.45625 0.0453125 0.0171875
1 0.7171875 0.390625 0.0421875 0.015625
1 0.67734375 0.40234375 0.0390625 0.015625
1 0.690625 0.41796875 0.0421875 0.015625
1 0.67734375 0.43671875 0.0359375 0.015625
1 0.684375 0.46328125 0.0359375 0.0140625
1 0.68515625 0.471875 0.0359375 0.015625
1 0.72890625 0.5109375 0.0390625 0.0125
1 0.75 0.5640625 0.034375 0.015625
0 0.5140625 0.721875 0.009375 0.0125
1 0.4890625 0.7109375 0.059375 0.040625
1 0.25078125 0.65390625 0.075 0.034375
1 0.21640625 0.59296875 0.0703125 0.0265625
1 0.2953125 0.95625 0.065625 0.025
1 0.66953125 0.9515625 0.0484375 0.0203125
1 0.65 0.91171875 0.053125 0.025
1 0.59609375 0.91875 0.0359375 0.0125
1 0.5796875 0.92890625 0.03125 0.0109375
1 0.58671875 0.9328125 0.028125 0.0109375
1 0.64140625 0.74453125 0.04375 0.015625
1 0.603125 0.80234375 0.0390625 0.015625
1 0.5890625 0.82578125 0.0453125 0.0171875
1 0.5875 0.81796875 0.0390625 0.0125
1 0.58203125 0.81484375 0.034375 0.0125
1 0.565625 0.790625 0.0390625 0.015625
1 0.5625 0.78125 0.0390625 0.015625
1 0.58671875 0.79375 0.0375 0.015625
1 0.5828125 0.7984375 0.0390625 0.0140625
1 0.58984375 0.7984375 0.046875 0.0171875