1 0.05625 0.40390625 0.009375 0.046875
1 0.0734375 0.33125 0.009375 0.046875
1 0.103125 0.31640625 0.009375 0.0453125
1 0.2421875 0.37890625 0.00625 0.0453125
1 0.1734375 0.45078125 0.0125 0.0328125
1 0.24140625 0.49453125 0.009375 0.0375
1 0.26953125 0.3703125 0.009375 0.053125
1 0.3140625 0.28359375 0.0125 0.059375
0 0.59609375 0.5125 0.003125 0.0109375
1 0.9796875 0.2609375 0.015625 0.06875
1 0.971875 0.41875 0.0125 0.059375
1 0.94453125 0.44140625 0.0109375 0.0515625
1 0.91953125 0.46875 0.009375 0.053125
1 0.8796875 0.44765625 0.0140625 0.0609375
1 0.809375 0.4265625 0.015625 0.046875
1 0.70078125 0.40625 0.01875 0.053125
1 0.73046875 0.3140625 0.015625 0.065625
1 0.7109375 0.4875 0.0109375 0.046875
1 0.69609375 0.5234375 0.0125 0.0484375
1 0.62421875 0.53203125 0.009375 0.040625
1 0.615625 0.5375 0.009375 0.028125
1 0.621875 0.49140625 0.009375 0.04375
1 0.55546875 0.45625 0.0140625 0.053125
1 0.54296875 0.5296875 0.0109375 0.04375
1 0.34609375 0.48359375 0.009375 0.053125
1 0.38515625 0.3546875 0.0125 0.071875
1 0.46875 0.2375 0.0203125 0.065625
1 0.0359375 0.92109375 0.0171875 0.084375
0 0.36015625 0.91796875 0.009375 0.015625
1 0.70078125 0.83984375 0.0109375 0.04375
1 0.40625 0.71640625 0.021875 0.0328125
1 0.47265625 0.89609375 0.0078125 0.046875
1 0.46796875 0.98515625 0.0078125 0.0296875
1 0.559375 0.9640625 0.0078125 0.0265625
1 0.575 0.9390625 0.009375 0.0375
1 0.625 0.928125 0.009375 0.040625
1 0.7828125 0.95 0.0125 0.034375
1 0.8375 0.98671875 0.00625 0.0265625
1 0.8484375 0.91875 0.0125 0.0375
1 0.875 0.88125 0.0140625 0.04375
1 0.98203125 0.90078125 0.009375 0.046875
1 0.990625 0.85234375 0.0125 0.05625
1 0.9984375 0.8796875 0.003125 0.05625
1 0.98984375 0.95078125 0.009375 0.046875
1 0.96796875 0.98359375 0.0078125 0.0328125
1 0.3421875 0.9359375 0.00625 0.040625