0 0.16015625 0.55078125 0.0140625 0.0203125
1 0.7109375 0.53046875 0.0234375 0.0546875
1 0.6703125 0.39609375 0.015625 0.0390625
1 0.6640625 0.3875 0.01875 0.0453125
1 0.7015625 0.37265625 0.0203125 0.0453125
1 0.67109375 0.33203125 0.0171875 0.040625
1 0.6640625 0.30390625 0.0140625 0.0375
1 0.675 0.27578125 0.0171875 0.0421875
1 0.71640625 0.3015625 0.0203125 0.0421875
1 0.525 0.33515625 0.0171875 0.0453125
1 0.43359375 0.38828125 0.01875 0.0484375
1 0.44921875 0.48046875 0.025 0.05
1 0.2625 0.4984375 0.021875 0.0515625
1 0.2203125 0.29296875 0.021875 0.0546875
1 0.33984375 0.2875 0.01875 0.0421875
1 0.3828125 0.2125 0.015625 0.04375
1 0.42734375 0.23359375 0.0140625 0.0390625
1 0.99140625 0.415625 0.0171875 0.0875
1 0.96015625 0.278125 0.0296875 0.0765625
1 0.78515625 0.2296875 0.0328125 0.0765625
1 0.73515625 0.24296875 0.0109375 0.0859375
1 0.89921875 0.0375 0.0296875 0.075
1 0.98125 0.11875 0.028125 0.06875
1 0.68515625 0.66015625 0.025 0.071875
1 0.7015625 0.6875 0.021875 0.0625
1 0.6046875 0.68125 0.0234375 0.0609375
1 0.46171875 0.69921875 0.034375 0.071875
1 0.44140625 0.64921875 0.0296875 0.0796875
1 0.30234375 0.6203125 0.0265625 0.040625
1 0.23203125 0.65234375 0.028125 0.0734375
1 0.1515625 0.61015625 0.025 0.0203125
1 0.97578125 0.8703125 0.021875 0.0484375
1 0.93046875 0.75546875 0.0203125 0.0453125
1 0.76328125 0.72890625 0.0203125 0.0453125
1 0.765625 0.66953125 0.01875 0.0359375
1 0.73203125 0.81875 0.0046875 0.05
1 0.76015625 0.953125 0.021875 0.0546875
1 0.7828125 0.9484375 0.021875 0.0484375