1 0.03359375 0.08125 0.0234375 0.059375
1 0.5671875 0.2625 0.003125 0.04375
1 0.4984375 0.1859375 0.0140625 0.046875
1 0.5390625 0.1015625 0.0203125 0.05
1 0.36484375 0.0328125 0.0171875 0.0515625
1 0.26640625 0.21796875 0.0171875 0.0546875
1 0.38046875 0.25703125 0.0140625 0.0421875
1 0.40078125 0.340625 0.0109375 0.04375
1 0.45 0.3328125 0.009375 0.0390625
1 0.5703125 0.43203125 0.003125 0.0359375
1 0.615625 0.321875 0.0125 0.040625
1 0.65390625 0.2703125 0.015625 0.0453125
1 0.71171875 0.12421875 0.015625 0.046875
1 0.72265625 0.13203125 0.0171875 0.05
1 0.75390625 0.08828125 0.0203125 0.05
1 0.76796875 0.27734375 0.015625 0.040625
1 0.75546875 0.43125 0.015625 0.0421875
1 0.84140625 0.4125 0.0109375 0.04375
1 0.88515625 0.209375 0.0140625 0.0421875
1 0.8734375 0.3578125 0.0171875 0.0515625
1 0.97421875 0.228125 0.0140625 0.053125
1 0.90625 0.31015625 0.015625 0.040625
1 0.98046875 0.11484375 0.0140625 0.059375
1 0.99453125 0.11796875 0.0109375 0.0578125
1 0.534375 0.98359375 0.01875 0.0328125
1 0.62421875 0.80625 0.0203125 0.0546875
1 0.571875 0.74921875 0.00625 0.0578125
1 0.57734375 0.68828125 0.0171875 0.0578125
1 0.62109375 0.690625 0.021875 0.0671875
1 0.66953125 0.7515625 0.0171875 0.0578125
1 0.73671875 0.7296875 0.0203125 0.0578125
1 0.68203125 0.77109375 0.01875 0.0578125
1 0.690625 0.8109375 0.0140625 0.046875
1 0.72578125 0.79765625 0.015625 0.0390625
1 0.73203125 0.8234375 0.0140625 0.0453125
1 0.78125 0.80078125 0.0234375 0.0578125
1 0.79453125 0.81640625 0.0203125 0.0515625
1 0.871875 0.83046875 0.015625 0.0453125
1 0.875 0.68359375 0.01875 0.0703125
1 0.95078125 0.76171875 0.01875 0.0609375
1 0.9953125 0.7875 0.009375 0.0625
0 0.63671875 0.815625 0.0109375 0.0171875