1 0.48984375 0.003125 0.0640625 0.00625
1 0.35390625 0.01328125 0.0625 0.0234375
1 0.2921875 0.1265625 0.0546875 0.0203125
1 0.17578125 0.2046875 0.0375 0.0125
1 0.16953125 0.21328125 0.0453125 0.015625
1 0.14375 0.18125 0.0453125 0.0171875
1 0.1140625 0.22265625 0.0390625 0.0140625
1 0.0890625 0.2375 0.0375 0.009375
1 0.059375 0.23515625 0.040625 0.0140625
1 0.071875 0.18828125 0.0421875 0.0171875
1 0.1203125 0.0640625 0.0390625 0.0140625
1 0.159375 0.3609375 0.04375 0.0140625
1 0.2375 0.4328125 0.046875 0.0140625
1 0.32109375 0.39140625 0.05 0.0203125
1 0.5171875 0.4171875 0.0671875 0.021875
1 0.39140625 0.55703125 0.0515625 0.0046875
1 0.16796875 0.5515625 0.0421875 0.015625
1 0.084375 0.5328125 0.04375 0.0125
1 0.090625 0.484375 0.0390625 0.0109375
0 0.78359375 0.35859375 0.0296875 0.0140625
1 0.84140625 0.54765625 0.0484375 0.0234375
1 0.85 0.328125 0.0640625 0.021875
1 0.7671875 0.3765625 0.0484375 0.0171875
1 0.68828125 0.31953125 0.0546875 0.01875
1 0.7421875 0.27109375 0.0484375 0.0203125
1 0.66015625 0.2578125 0.0421875 0.015625
1 0.6734375 0.228125 0.034375 0.0140625
1 0.6859375 0.23046875 0.0375 0.0109375
1 0.7046875 0.22890625 0.0375 0.0125
1 0.79375 0.16796875 0.0625 0.025
1 0.7484375 0.15 0.046875 0.0203125
1 0.89921875 0.11953125 0.0703125 0.0203125
1 0.79296875 0.00390625 0.0578125 0.0078125
1 0.65234375 0.02734375 0.0265625 0.0203125
0 0.49140625 0.76875 0.025 0.0125
0 0.20859375 0.675 0.0140625 0.0078125
1 0.2234375 0.72578125 0.0421875 0.015625
1 0.5125 0.71015625 0.0765625 0.021875
1 0.54296875 0.7703125 0.08125 0.0203125
1 0.47578125 0.7875 0.059375 0.0171875
1 0.6609375 0.571875 0.04375 0.025
1 0.64765625 0.6359375 0.0171875 0.015625
1 0.66640625 0.90625 0.0546875 0.01875
1 0.67109375 0.9265625 0.0640625 0.021875
1 0.6484375 0.94140625 0.01875 0.0171875
1 0.6546875 0.97109375 0.03125 0.0234375