0 0.2953125 0.28359375 0.0125 0.00625
0 0.25859375 0.4140625 0.0125 0.00625
0 0.15 0.5578125 0.0125 0.0078125
0 0.0984375 0.40234375 0.0078125 0.00625
0 0.12890625 0.36875 0.0109375 0.0046875
0 0.06328125 0.23984375 0.0109375 0.0046875
0 0.13671875 0.2046875 0.0109375 0.003125
0 0.2453125 0.11875 0.009375 0.0046875
0 0.353125 0.03046875 0.0109375 0.0046875
1 0.25703125 0.578125 0.05 0.01875
1 0.2375 0.0078125 0.059375 0.015625
1 0.14609375 0.06015625 0.046875 0.0109375
1 0.11484375 0.09375 0.046875 0.0140625
1 0.09296875 0.13984375 0.03125 0.009375
1 0.06875 0.1890625 0.034375 0.009375
1 0.07890625 0.075 0.034375 0.0078125
1 0.14453125 0.3 0.034375 0.0078125
1 0.1703125 0.28203125 0.0375 0.0078125
1 0.12265625 0.271875 0.03125 0.00625
1 0.240625 0.396875 0.05 0.0171875
1 0.21484375 0.52734375 0.04375 0.015625
1 0.1921875 0.475 0.0375 0.0125
1 0.1890625 0.5953125 0.040625 0.0109375
1 0.32109375 0.6609375 0.0625 0.01875
1 0.10703125 0.68515625 0.03125 0.009375
1 0.11796875 0.51015625 0.034375 0.009375
1 0.09609375 0.4875 0.034375 0.009375
1 0.09453125 0.4390625 0.0296875 0.00625
1 0.2921875 0.378125 0.0625 0.021875
1 0.17109375 0.23984375 0.040625 0.0078125
1 0.9703125 0.57109375 0.04375 0.015625
1 0.80703125 0.62421875 0.046875 0.0140625
1 0.78984375 0.59765625 0.04375 0.0125
1 0.6625 0.58203125 0.0375 0.0125
1 0.81796875 0.4296875 0.046875 0.0125
1 0.8171875 0.4125 0.046875 0.015625
1 0.96015625 0.3765625 0.05 0.0140625
1 0.98203125 0.32421875 0.0359375 0.0140625
1 0.715625 0.3015625 0.05625 0.0125
1 0.67734375 0.28203125 0.034375 0.00625
1 0.578125 0.32734375 0.05 0.0109375
1 0.5125 0.2859375 0.040625 0.009375
1 0.6640625 0.1765625 0.0375 0.009375
1 0.8203125 0.084375 0.05 0.0140625
1 0.6640625 0.55859375 0.04375 0.0078125
1 0.66328125 0.49765625 0.040625 0.009375
1 0.56953125 0.52265625 0.0375 0.009375
1 0.59609375 0.4296875 0.046875 0.0109375
1 0.88359375 0.09609375 0.05 0.0140625
0 0.86953125 0.4765625 0.0140625 0.00625
0 0.725 0.54609375 0.0140625 0.0078125
0 0.7125 0.63828125 0.0125 0.00625
0 0.85390625 0.6765625 0.0109375 0.0046875
0 0.559375 0.5859375 0.0140625 0.0046875
0 0.49375 0.45234375 0.015625 0.00625
0 0.6984375 0.38984375 0.009375 0.00625
0 0.88359375 0.36015625 0.0109375 0.00625
0 0.93359375 0.25703125 0.0109375 0.00625
0 0.8796875 0.1984375 0.009375 0.00625
0 0.69140625 0.12734375 0.00625 0.00625
0 0.52890625 0.18125 0.0140625 0.00625
0 0.54921875 0.08671875 0.0109375 0.00625
0 0.66953125 0.05234375 0.0109375 0.003125
0 0.7796875 0.01171875 0.0140625 0.00625
1 0.4421875 0.96640625 0.034375 0.0171875
1 0.2984375 0.82734375 0.0484375 0.0140625
1 0.29765625 0.809375 0.0453125 0.0171875
1 0.05 0.91953125 0.034375 0.009375
1 0.0734375 0.828125 0.034375 0.0140625
1 0.1453125 0.89453125 0.04375 0.0125
1 0.1421875 0.9546875 0.0359375 0.0109375
1 0.1421875 0.98046875 0.040625 0.0109375
1 0.26796875 0.99296875 0.040625 0.0125
1 0.91640625 0.8046875 0.034375 0.00625
1 0.7796875 0.79453125 0.0234375 0.0078125
1 0.81796875 0.78984375 0.0265625 0.0015625