0 0.30234375 0.00546875 0.0078125 0.0109375
0 0.40390625 0.21171875 0.00625 0.0078125
0 0.3734375 0.17890625 0.0046875 0.0109375
0 0.2390625 0.2328125 0.0046875 0.0109375
0 0.21015625 0.15625 0.003125 0.0109375
0 0.13359375 0.040625 0.0046875 0.009375
1 0.02265625 0.0375 0.0203125 0.0609375
1 0.0671875 0.134375 0.0125 0.046875
1 0.09765625 0.16796875 0.015625 0.046875
1 0.1421875 0.19375 0.0109375 0.03125
1 0.18828125 0.22265625 0.0125 0.034375
1 0.07578125 0.20234375 0.0109375 0.034375
1 0.30625 0.15703125 0.0109375 0.034375
1 0.28984375 0.1296875 0.0109375 0.0375
1 0.27578125 0.17578125 0.0078125 0.03125
1 0.41015625 0.06953125 0.0171875 0.0515625
1 0.3953125 0.02421875 0.025 0.0484375
1 0.24765625 0.12578125 0.0109375 0.040625
0 0.68671875 0.1578125 0.0078125 0.015625
0 0.76015625 0.23046875 0.00625 0.0109375
0 0.646875 0.2734375 0.0109375 0.0140625
0 0.565625 0.17734375 0.0078125 0.01875
0 0.503125 0.2515625 0.0109375 0.0140625
0 0.521875 0.34296875 0.0078125 0.015625
0 0.56171875 0.44921875 0.0046875 0.0109375
0 0.559375 0.58125 0.00625 0.0078125
0 0.72421875 0.56875 0.00625 0.0109375
0 0.71953125 0.41328125 0.00625 0.0171875
0 0.86875 0.4796875 0.00625 0.009375
0 0.99140625 0.434375 0.0078125 0.0125
0 0.915625 0.29296875 0.0078125 0.0125
0 0.90859375 0.60390625 0.0078125 0.0109375
1 0.978125 0.20078125 0.0265625 0.0640625
1 0.94765625 0.5265625 0.0125 0.04375
1 0.878125 0.39375 0.015625 0.05625
1 0.79765625 0.3234375 0.021875 0.0609375
1 0.7765625 0.234375 0.0234375 0.0578125
1 0.8421875 0.5671875 0.0125 0.0375
1 0.66328125 0.43828125 0.0125 0.05
1 0.665625 0.6 0.0125 0.01875
1 0.6 0.596875 0.0125 0.025
1 0.51875 0.484375 0.0171875 0.059375
1 0.5 0.44609375 0.015625 0.053125
1 0.43359375 0.3703125 0.0171875 0.0625
1 0.27109375 0.97265625 0.01875 0.046875
1 0.4125 0.88515625 0.0125 0.0703125
1 0.35546875 0.88203125 0.0234375 0.065625
1 0.40078125 0.6359375 0.0359375 0.053125
1 0.29765625 0.75234375 0.028125 0.0828125
1 0.27421875 0.821875 0.0203125 0.065625
1 0.196875 0.86796875 0.021875 0.0671875
1 0.16953125 0.9234375 0.025 0.05
1 0.1375 0.86328125 0.021875 0.0703125
1 0.0703125 0.8921875 0.0203125 0.0609375
1 0.05 0.89453125 0.0140625 0.05625
1 0.01796875 0.828125 0.0234375 0.0625
0 0.31015625 0.93046875 0.0125 0.025
0 0.97265625 0.73203125 0.0078125 0.0125
0 0.98828125 0.8625 0.00625 0.0140625
0 0.915625 0.9171875 0.0046875 0.009375
0 0.8515625 0.88125 0.00625 0.0078125
0 0.8484375 0.76953125 0.0046875 0.0046875
0 0.74765625 0.68671875 0.0046875 0.0078125
0 0.69921875 0.8171875 0.0046875 0.0125
0 0.73125 0.93671875 0.00625 0.009375
0 0.81796875 0.940625 0.003125 0.009375
0 0.646875 0.9515625 0.003125 0.009375
1 0.925 0.80703125 0.0171875 0.0546875
1 0.87734375 0.6265625 0.0234375 0.034375
1 0.72734375 0.634375 0.0203125 0.05
1 0.7921875 0.84921875 0.015625 0.05625
1 0.8109375 0.99453125 0.0125 0.0109375
1 0.759375 0.9953125 0.0125 0.009375
1 0.57265625 0.8265625 0.015625 0.0625
1 0.55625 0.8171875 0.0109375 0.05625
1 0.471875 0.96171875 0.0140625 0.0453125
1 0.48984375 0.90859375 0.0125 0.05625