0 0.0859375 0.321875 0.00625 0.0125
0 0.215625 0.2828125 0.00625 0.0125
0 0.3578125 0.171875 0.0078125 0.0125
0 0.2015625 0.1234375 0.00625 0.0078125
0 0.16875 0.15390625 0.0046875 0.0109375
0 0.03828125 0.090625 0.0046875 0.0109375
0 0.0046875 0.16484375 0.003125 0.0109375
1 0.3796875 0.27890625 0.0171875 0.05
1 0.1 0.17109375 0.0078125 0.034375
1 0.08203125 0.196875 0.0078125 0.0375
1 0.07109375 0.15 0.00625 0.03125
1 0.1984375 0.265625 0.015625 0.05
1 0.328125 0.2375 0.015625 0.04375
1 0.27578125 0.215625 0.0125 0.0375
1 0.39609375 0.21015625 0.0109375 0.040625
1 0.309375 0.140625 0.009375 0.034375
1 0.28671875 0.11953125 0.009375 0.034375
1 0.23828125 0.11875 0.00625 0.0296875
1 0.18046875 0.3171875 0.0203125 0.0625
1 0.03984375 0.1984375 0.0078125 0.040625
1 0.95625 0.0203125 0.025 0.040625
1 0.903125 0.04453125 0.015625 0.06875
1 0.9015625 0.0390625 0.021875 0.0640625
1 0.821875 0.00859375 0.015625 0.0171875
1 0.82578125 0.13671875 0.0234375 0.08125
1 0.73828125 0.09140625 0.021875 0.065625
1 0.6640625 0.07265625 0.021875 0.06875
1 0.61796875 0.0296875 0.0203125 0.059375
1 0.6859375 0.0375 0.0140625 0.0640625
1 0.69296875 0.0328125 0.0125 0.05625
1 0.74609375 0.040625 0.015625 0.0625
1 0.765625 0.0421875 0.015625 0.053125
1 0.7578125 0.0328125 0.015625 0.05625
1 0.76640625 0.0203125 0.0171875 0.040625
1 0.7875 0.01875 0.0125 0.0375
1 0.78515625 0.0140625 0.0109375 0.028125
1 0.265625 0.43984375 0.0140625 0.05625
1 0.2109375 0.57734375 0.0125 0.06875
1 0.184375 0.44140625 0.015625 0.05625
1 0.065625 0.40078125 0.009375 0.0234375
1 0.96328125 0.47578125 0.0109375 0.040625
1 0.953125 0.43984375 0.0125 0.0375
1 0.9890625 0.71015625 0.0109375 0.05
1 0.878125 0.5625 0.015625 0.05
1 0.8140625 0.41328125 0.0078125 0.040625
1 0.77734375 0.63203125 0.015625 0.05625
1 0.6484375 0.5734375 0.0125 0.05
1 0.71875 0.81875 0.0234375 0.06875
1 0.57265625 0.79765625 0.0203125 0.075
1 0.68046875 0.41953125 0.0125 0.0453125
1 0.6296875 0.409375 0.0125 0.040625
1 0.428125 0.58125 0.0125 0.0609375
1 0.4125 0.590625 0.00625 0.05625