1 0.496875 0.04375 0.0625 0.0296875
1 0.46171875 0.1453125 0.065625 0.0265625
1 0.5140625 0.47578125 0.05 0.0203125
1 0.5140625 0.56796875 0.05 0.0203125
1 0.49609375 0.68046875 0.0578125 0.0234375
1 0.54921875 0.20859375 0.0203125 0.0328125
1 0.684375 0.15390625 0.0765625 0.0328125
1 0.67109375 0.28203125 0.0609375 0.025
1 0.7765625 0.3015625 0.0515625 0.0203125
1 0.67421875 0.325 0.0515625 0.0234375
1 0.7140625 0.62890625 0.0421875 0.0203125
1 0.75625 0.5109375 0.05 0.0265625
1 0.78046875 0.4734375 0.0359375 0.0171875
1 0.821875 0.39765625 0.0421875 0.01875
1 0.79296875 0.384375 0.0421875 0.01875
1 0.321875 0.99296875 0.06875 0.0140625
1 0.11484375 0.9828125 0.0890625 0.034375
1 0.2390625 0.86015625 0.0703125 0.0328125
1 0.25078125 0.7546875 0.075 0.034375
1 0.33515625 0.7140625 0.0703125 0.009375
1 0.665625 0.996875 0.0375 0.00625
1 0.609375 0.94296875 0.0390625 0.01875
1 0.734375 0.74375 0.0328125 0.015625