0 0.01328125 0.39140625 0.0140625 0.0078125
1 0.18671875 0.109375 0.0734375 0.028125
1 0.1125 0.1640625 0.0578125 0.025
1 0.03359375 0.1796875 0.046875 0.0203125
1 0.02578125 0.18515625 0.046875 0.0171875
1 0.22421875 0.2453125 0.0625 0.0265625
1 0.253125 0.34921875 0.065625 0.0234375
1 0.0765625 0.36953125 0.0421875 0.01875
1 0.03828125 0.35 0.0421875 0.015625
1 0.0140625 0.37890625 0.028125 0.0171875
1 0.103125 0.40703125 0.0484375 0.0203125
1 0.040625 0.54140625 0.0390625 0.01875
1 0.11796875 0.55546875 0.05 0.015625
1 0.0671875 0.64453125 0.0484375 0.0171875
1 0.1828125 0.67734375 0.0515625 0.0171875
1 0.7921875 0.04140625 0.053125 0.021875
1 0.67578125 0.05 0.0484375 0.0203125
1 0.63671875 0.18359375 0.0421875 0.015625
1 0.696875 0.20703125 0.0453125 0.0203125
1 0.85234375 0.22578125 0.0484375 0.01875
1 0.8484375 0.23828125 0.05 0.0203125
1 0.9875 0.16171875 0.025 0.0234375
1 0.9890625 0.1390625 0.021875 0.021875
1 0.8984375 0.25703125 0.05 0.0234375
1 0.71875 0.31953125 0.040625 0.01875
1 0.60703125 0.425 0.04375 0.015625
1 0.81484375 0.415625 0.0421875 0.0171875
1 0.66875 0.4421875 0.0515625 0.0203125
1 0.81953125 0.50546875 0.0546875 0.01875
1 0.7234375 0.46171875 0.040625 0.01875
1 0.93125 0.4828125 0.059375 0.0203125
1 0.9328125 0.5015625 0.0578125 0.025
1 0.2640625 0.88046875 0.0359375 0.015625
1 0.328125 0.90546875 0.0359375 0.0203125
1 0.46640625 0.8171875 0.0578125 0.0234375
1 0.50390625 0.8390625 0.0609375 0.0265625
1 0.41015625 0.9578125 0.0484375 0.0203125
1 0.43984375 0.9921875 0.0546875 0.015625