1 0.2171875 0.02265625 0.05 0.0203125
1 0.3 0.0828125 0.0484375 0.0203125
1 0.2078125 0.16015625 0.0515625 0.021875
1 0.24921875 0.24140625 0.05 0.0203125
1 0.271875 0.18046875 0.05 0.0234375
1 0.315625 0.1515625 0.046875 0.0203125
1 0.3421875 0.1671875 0.034375 0.015625
1 0.32890625 0.2046875 0.0421875 0.01875
1 0.28359375 0.35 0.0578125 0.025
1 0.49296875 0.1734375 0.0265625 0.04375
1 0.67421875 0.26640625 0.0609375 0.0296875
1 0.4265625 0.459375 0.0515625 0.0328125
1 0.13125 0.4640625 0.0796875 0.034375
1 0.0875 0.57578125 0.0875 0.0453125
1 0.175 0.57890625 0.0890625 0.0359375
1 0.1265625 0.9046875 0.0796875 0.0328125
1 0.2734375 0.91640625 0.0640625 0.0265625
1 0.2796875 0.93125 0.0796875 0.0328125
1 0.4171875 0.8640625 0.0703125 0.0296875
1 0.3859375 0.8046875 0.0703125 0.03125
1 0.40234375 0.66875 0.0546875 0.028125
1 0.44921875 0.7046875 0.0609375 0.034375
1 0.346875 0.6390625 0.071875 0.034375
1 0.33984375 0.5078125 0.0546875 0.028125
1 0.95078125 0.4546875 0.071875 0.028125
0 0.96328125 0.78203125 0.0171875 0.009375
0 0.9953125 0.6265625 0.009375 0.009375
0 0.85703125 0.6625 0.0140625 0.0125
0 0.909375 0.53515625 0.015625 0.0109375
0 0.81484375 0.46484375 0.0140625 0.0109375
0 0.69453125 0.48671875 0.0109375 0.0078125
0 0.82109375 0.7734375 0.015625 0.009375