0 0.1671875 0.3265625 0.0140625 0.0078125
1 0.4484375 0.7125 0.059375 0.0140625
1 0.32734375 0.65234375 0.053125 0.0109375
1 0.18359375 0.63203125 0.05 0.009375
1 0.190625 0.66328125 0.053125 0.0140625
1 0.171875 0.6015625 0.040625 0.0109375
1 0.096875 0.6375 0.04375 0.0109375
1 0.0515625 0.5578125 0.040625 0.0109375
1 0.02578125 0.525 0.040625 0.0125
1 0.03359375 0.4625 0.040625 0.0140625
1 0.09296875 0.471875 0.04375 0.0140625
1 0.14140625 0.41015625 0.034375 0.0109375
1 0.04296875 0.36328125 0.040625 0.0140625
1 0.0828125 0.2875 0.05 0.0140625
1 0.12109375 0.27890625 0.046875 0.009375
1 0.12578125 0.24609375 0.04375 0.015625
1 0.1453125 0.15234375 0.040625 0.0109375
1 0.2796875 0.29140625 0.0625 0.0171875
1 0.19921875 0.3078125 0.046875 0.0125
1 0.15234375 0.3359375 0.053125 0.0109375
1 0.5140625 0.03671875 0.05 0.0203125
1 0.59765625 0.09609375 0.0625 0.0203125
0 0.240625 0.840625 0.009375 0.003125
1 0.2203125 0.8359375 0.04375 0.0109375
1 0.28359375 0.84453125 0.05 0.0109375
1 0.18203125 0.94765625 0.0375 0.0109375
1 0.63359375 0.9140625 0.071875 0.021875