0 0.34296875 0.38046875 0.015625 0.009375
1 0.18203125 0.57734375 0.0421875 0.0046875
1 0.1640625 0.5453125 0.0421875 0.0171875
1 0.184375 0.4859375 0.0421875 0.01875
1 0.240625 0.5078125 0.0453125 0.0203125
1 0.30078125 0.45703125 0.0359375 0.015625
1 0.21484375 0.38984375 0.0421875 0.01875
1 0.165625 0.32890625 0.0359375 0.0171875
1 0.26875 0.32421875 0.0515625 0.0203125
1 0.3078125 0.32421875 0.046875 0.015625
1 0.31953125 0.29296875 0.0453125 0.021875
1 0.35859375 0.20546875 0.0421875 0.015625
1 0.4609375 0.36953125 0.0640625 0.0265625
1 0.37890625 0.36796875 0.0484375 0.01875
1 0.32734375 0.3859375 0.0546875 0.01875
1 0.88984375 0.51328125 0.0734375 0.025
1 0.90703125 0.46328125 0.0640625 0.0234375
1 0.8625 0.4578125 0.0578125 0.0203125
1 0.8359375 0.421875 0.059375 0.025
1 0.83671875 0.39765625 0.0484375 0.0203125
1 0.9109375 0.315625 0.0484375 0.01875
1 0.9515625 0.3296875 0.0578125 0.021875
1 0.94765625 0.3046875 0.0578125 0.025
1 0.88828125 0.28203125 0.0546875 0.021875
1 0.8890625 0.26484375 0.0515625 0.025
1 0.928125 0.23203125 0.0578125 0.0234375
1 0.921875 0.18359375 0.0546875 0.021875
1 0.965625 0.1765625 0.059375 0.025
1 0.9296875 0.1421875 0.053125 0.021875
1 0.8921875 0.109375 0.0421875 0.0203125
1 0.90234375 0.10546875 0.0515625 0.021875
1 0.93671875 0.0703125 0.0515625 0.0234375
1 0.96171875 0.06796875 0.0578125 0.025
1 0.95859375 0.034375 0.0515625 0.01875
0 0.20703125 0.5953125 0.00625 0.00625
0 0.31328125 0.65703125 0.0078125 0.0046875
0 0.3453125 0.69140625 0.00625 0.00625
0 0.20234375 0.74765625 0.009375 0.00625
0 0.14765625 0.7296875 0.009375 0.0046875
0 0.125 0.69140625 0.00625 0.0046875
0 0.209375 0.8109375 0.0046875 0.003125
0 0.2625 0.81015625 0.0109375 0.0078125
0 0.27265625 0.84765625 0.0078125 0.00625
1 0.1828125 0.90078125 0.046875 0.0140625
1 0.2046875 0.89765625 0.0453125 0.025
1 0.17578125 0.85703125 0.0484375 0.0203125
1 0.33125 0.7484375 0.0546875 0.025
1 0.34375 0.61953125 0.0640625 0.0234375
1 0.2828125 0.6015625 0.0546875 0.025
1 0.259375 0.6453125 0.0578125 0.021875
1 0.1734375 0.675 0.0390625 0.01875
1 0.13046875 0.98984375 0.0484375 0.0203125
1 0.66875 0.76875 0.0703125 0.025