1 0.565625 0.1046875 0.059375 0.0125
1 0.446875 0.16875 0.053125 0.009375
1 0.30390625 0.19375 0.05 0.0078125
1 0.309375 0.1625 0.053125 0.0125
1 0.29296875 0.225 0.040625 0.009375
1 0.21640625 0.19140625 0.04375 0.009375
1 0.17421875 0.27265625 0.040625 0.009375
1 0.15 0.30625 0.040625 0.0109375
1 0.159375 0.36875 0.040625 0.0125
1 0.21875 0.35703125 0.04375 0.0125
1 0.26953125 0.4171875 0.034375 0.009375
1 0.8828125 0.37109375 0.0453125 0.0125
1 0.9578125 0.18671875 0.05625 0.0125
1 0.88359375 0.03515625 0.053125 0.009375
1 0.8 0.0109375 0.040625 0.0125
1 0.965625 0.02734375 0.05625 0.0125
1 0.97109375 0.01875 0.0578125 0.0125
1 0.2375 0.99453125 0.05625 0.0109375
1 0.29921875 0.9453125 0.05625 0.01875
1 0.353125 0.94140625 0.05625 0.015625
1 0.3 0.9 0.05625 0.0125
1 0.271875 0.921875 0.059375 0.0125
1 0.24609375 0.90234375 0.059375 0.015625
1 0.19609375 0.8515625 0.053125 0.015625
1 0.29375 0.8171875 0.05625 0.0125
1 0.153125 0.7609375 0.05 0.015625
1 0.12109375 0.75 0.0484375 0.015625
1 0.15 0.66171875 0.0640625 0.0125
1 0.078125 0.6703125 0.0453125 0.0125
0 0.09375 0.68203125 0.0140625 0.009375
1 0.23984375 0.603125 0.053125 0.0125
1 0.39140625 0.61640625 0.0640625 0.0171875
1 0.41171875 0.521875 0.0640625 0.015625
1 0.77890625 0.48515625 0.0390625 0.0203125
1 0.8109375 0.58125 0.05625 0.009375
1 0.83125 0.58984375 0.04375 0.0125
1 0.79296875 0.62265625 0.053125 0.0125
1 0.9265625 0.7578125 0.05 0.0125
1 0.91484375 0.88671875 0.059375 0.01875
1 0.85078125 0.89375 0.05625 0.0125
1 0.83359375 0.846875 0.05625 0.015625
1 0.790625 0.9203125 0.040625 0.0171875
1 0.7671875 0.8046875 0.015625 0.0125