1 0.50625 0.50859375 0.025 0.0171875
1 0.5046875 0.5515625 0.028125 0.015625
1 0.5046875 0.45625 0.028125 0.015625
1 0.51328125 0.44453125 0.0109375 0.0171875
1 0.50078125 0.440625 0.0359375 0.015625
1 0.49140625 0.38515625 0.0546875 0.0265625
1 0.48046875 0.3921875 0.0484375 0.01875
1 0.478125 0.36640625 0.053125 0.015625
1 0.49296875 0.36015625 0.0515625 0.0171875
1 0.503125 0.31171875 0.03125 0.0171875
1 0.44296875 0.0765625 0.0578125 0.021875
1 0.946875 0.07890625 0.0734375 0.021875
1 0.94921875 0.06015625 0.08125 0.021875
1 0.978125 0.0546875 0.04375 0.009375
1 0.9796875 0.20546875 0.040625 0.0234375
1 0.96640625 0.2671875 0.0671875 0.025
1 0.9109375 0.28359375 0.078125 0.021875
1 0.96953125 0.3890625 0.0609375 0.028125
1 0.84921875 0.44453125 0.0796875 0.028125
1 0.71484375 0.4015625 0.0921875 0.0265625
1 0.75078125 0.31953125 0.0890625 0.028125
1 0.559375 0.31484375 0.08125 0.0296875
1 0.6828125 0.1875 0.0890625 0.0265625
0 0.49375 0.95625 0.0140625 0.0078125
0 0.24609375 0.94140625 0.0140625 0.0078125
0 0.33515625 0.91640625 0.0109375 0.0046875
0 0.2078125 0.8421875 0.015625 0.0078125
0 0.1046875 0.8828125 0.0171875 0.009375
0 0.12265625 0.77421875 0.0125 0.00625
0 0.12421875 0.6671875 0.009375 0.0078125
0 0.3171875 0.76015625 0.015625 0.00625
0 0.4734375 0.81484375 0.0140625 0.0078125
0 0.47734375 0.65078125 0.0125 0.00625
0 0.19609375 0.58359375 0.0109375 0.0046875
1 0.31484375 0.63359375 0.053125 0.015625
1 0.278125 0.72109375 0.0546875 0.0171875
1 0.4296875 0.67109375 0.0453125 0.0140625
1 0.46015625 0.5796875 0.046875 0.0125
1 0.2625 0.57578125 0.0484375 0.015625
1 0.30546875 0.5703125 0.05 0.015625
1 0.20625 0.64609375 0.0546875 0.0203125
1 0.246875 0.7921875 0.0421875 0.0203125
1 0.3828125 0.65234375 0.05 0.015625
1 0.40703125 0.56484375 0.0453125 0.0109375
1 0.45078125 0.8859375 0.0453125 0.0140625
1 0.1296875 0.95546875 0.0484375 0.01875
1 0.36484375 0.71953125 0.0515625 0.0171875
1 0.3953125 0.7828125 0.0453125 0.0171875
1 0.36328125 0.9375 0.0515625 0.01875
1 0.64375 0.93046875 0.065625 0.0203125
1 0.61875 0.86875 0.065625 0.0171875
1 0.60234375 0.740625 0.05625 0.015625
1 0.53125 0.71875 0.025 0.021875
1 0.74140625 0.76015625 0.0421875 0.0171875
1 0.74453125 0.6953125 0.0375 0.015625
1 0.6953125 0.82265625 0.0421875 0.0140625
1 0.77109375 0.88203125 0.0390625 0.0171875
1 0.8484375 0.9171875 0.0375 0.0140625
1 0.7390625 0.9625 0.053125 0.015625
1 0.63828125 0.64765625 0.0578125 0.01875
1 0.6734375 0.6484375 0.0609375 0.0203125
1 0.61171875 0.63671875 0.0640625 0.0203125