1 0.03125 0.00390625 0.04375 0.0078125
1 0.04453125 0.0109375 0.05 0.0125
1 0.05703125 0.025 0.05625 0.015625
1 0.053125 0.0765625 0.0484375 0.0140625
1 0.0328125 0.08359375 0.0515625 0.015625
1 0.05546875 0.09296875 0.053125 0.0140625
1 0.0609375 0.1515625 0.0546875 0.025
1 0.07421875 0.146875 0.0484375 0.0171875
1 0.07109375 0.17265625 0.053125 0.0140625
1 0.053125 0.17421875 0.05625 0.015625
1 0.02578125 0.21796875 0.0515625 0.0140625
1 0.04609375 0.4640625 0.0578125 0.0203125
0 0.50390625 0.05546875 0.015625 0.0078125
0 0.60703125 0.096875 0.015625 0.0109375
0 0.54609375 0.19765625 0.009375 0.0078125
0 0.4890625 0.196875 0.0078125 0.00625
0 0.6015625 0.26484375 0.0125 0.00625
0 0.578125 0.346875 0.015625 0.0078125
0 0.46796875 0.4234375 0.0171875 0.009375
0 0.54453125 0.496875 0.015625 0.0078125
0 0.58125 0.45390625 0.0140625 0.0109375
1 0.5796875 0.04921875 0.0546875 0.0171875
1 0.7484375 0.12890625 0.0890625 0.0234375
1 0.5984375 0.18046875 0.0609375 0.0234375
1 0.4703125 0.23359375 0.021875 0.0234375
1 0.49453125 0.35703125 0.0671875 0.01875
1 0.490625 0.4 0.0625 0.0140625
1 0.540625 0.39921875 0.0578125 0.0265625
1 0.5609375 0.43671875 0.0703125 0.0203125
1 0.48125 0.4609375 0.04375 0.021875
1 0.4796875 0.49453125 0.040625 0.0203125
1 0.475 0.50234375 0.03125 0.0203125
1 0.825 0.58515625 0.0828125 0.03125
1 0.52578125 0.56953125 0.0703125 0.0203125
1 0.5671875 0.5828125 0.0625 0.0203125
1 0.60234375 0.5859375 0.065625 0.021875
1 0.22265625 0.9734375 0.0703125 0.025
1 0.10390625 0.9265625 0.0671875 0.025
1 0.06796875 0.94921875 0.0546875 0.0203125
1 0.2171875 0.7078125 0.0671875 0.0140625
1 0.39296875 0.93046875 0.0828125 0.03125
1 0.4765625 0.99453125 0.034375 0.0109375
1 0.5171875 0.99609375 0.05 0.0078125
1 0.5765625 0.97578125 0.0640625 0.0171875
1 0.63515625 0.90546875 0.0578125 0.0203125
1 0.75703125 0.81015625 0.0734375 0.01875
1 0.5921875 0.775 0.0546875 0.01875
1 0.58203125 0.75078125 0.0640625 0.01875
1 0.55 0.6796875 0.0578125 0.0203125
1 0.4984375 0.90390625 0.0546875 0.01875
1 0.6015625 0.88984375 0.059375 0.015625
0 0.4828125 0.71953125 0.021875 0.0109375