1 0.43671875 0.225 0.0578125 0.021875
1 0.50546875 0.31328125 0.053125 0.015625
1 0.5078125 0.378125 0.0578125 0.01875
1 0.8109375 0.0140625 0.0578125 0.01875
1 0.790625 0.08671875 0.0671875 0.0234375
1 0.8890625 0.17578125 0.0546875 0.01875
1 0.91484375 0.2140625 0.05 0.0171875
1 0.9875 0.17890625 0.025 0.0140625
1 0.9828125 0.16171875 0.034375 0.0171875
1 0.95625 0.11328125 0.0546875 0.021875
1 0.934375 0.046875 0.0578125 0.0171875
0 0.98671875 0.2234375 0.0265625 0.0125
1 0.9921875 0.321875 0.015625 0.01875
1 0.990625 0.36640625 0.01875 0.0203125
1 0.925 0.3296875 0.0484375 0.015625
1 0.77265625 0.30234375 0.0671875 0.0203125
0 0.1328125 0.48671875 0.0125 0.0078125
1 0.1484375 0.48125 0.046875 0.015625
1 0.01953125 0.41328125 0.0390625 0.0171875
1 0.0859375 0.54609375 0.0546875 0.025
1 0.12578125 0.61015625 0.0484375 0.021875
1 0.1375 0.66484375 0.0390625 0.0140625
1 0.20625 0.59765625 0.0359375 0.015625
1 0.1765625 0.50703125 0.0453125 0.0171875
1 0.2296875 0.41171875 0.0390625 0.015625
1 0.2578125 0.534375 0.0390625 0.015625
1 0.23046875 0.60859375 0.0359375 0.0140625
1 0.33671875 0.73046875 0.034375 0.0125
1 0.275 0.7390625 0.0359375 0.0140625
1 0.18515625 0.7828125 0.0390625 0.0171875
1 0.1515625 0.7859375 0.046875 0.0171875
1 0.0359375 0.775 0.0640625 0.01875
1 0.078125 0.846875 0.0640625 0.0234375
1 0.1796875 0.9328125 0.053125 0.015625
1 0.24453125 0.909375 0.0484375 0.0203125
1 0.28046875 0.90546875 0.0453125 0.0140625
1 0.28515625 0.8453125 0.040625 0.0171875
1 0.23984375 0.93671875 0.0421875 0.0140625
1 0.57578125 0.57578125 0.0140625 0.0171875
1 0.58125 0.6109375 0.025 0.015625
1 0.57265625 0.625 0.0078125 0.009375
1 0.58359375 0.6671875 0.0265625 0.009375
1 0.62578125 0.66796875 0.034375 0.009375
1 0.740625 0.69921875 0.028125 0.0078125
1 0.64765625 0.7078125 0.028125 0.0109375
1 0.596875 0.73828125 0.034375 0.0140625
1 0.6375 0.74296875 0.0359375 0.0109375
1 0.68203125 0.72421875 0.034375 0.0109375
1 0.684375 0.734375 0.0296875 0.0125
1 0.58125 0.40625 0.025 0.009375
0 0.70234375 0.9359375 0.01875 0.0109375
1 0.73984375 0.92421875 0.0296875 0.0109375
1 0.7578125 0.821875 0.0234375 0.0125
1 0.6484375 0.92421875 0.0359375 0.0140625