1 0.115625 0.3546875 0.103125 0.028125
1 0.80703125 0.06953125 0.05625 0.015625
1 0.7078125 0.2640625 0.06875 0.015625
1 0.84453125 0.2078125 0.046875 0.009375
1 0.8828125 0.18203125 0.040625 0.0109375
1 0.8515625 0.25234375 0.046875 0.009375
1 0.90234375 0.31953125 0.040625 0.0109375
1 0.90078125 0.33984375 0.0453125 0.009375
1 0.86875 0.44921875 0.0390625 0.0125
1 0.84765625 0.46875 0.046875 0.009375
1 0.89921875 0.45703125 0.034375 0.0140625
1 0.9015625 0.50546875 0.034375 0.0078125
1 0.915625 0.49453125 0.0375 0.0125
1 0.92265625 0.4875 0.03125 0.009375
1 0.9234375 0.47578125 0.03125 0.009375
1 0.88984375 0.48359375 0.0359375 0.009375
1 0.25625 0.83359375 0.065625 0.01875
1 0.05 0.86015625 0.0875 0.015625
1 0.14375 0.7125 0.0671875 0.01875
1 0.13125 0.60703125 0.0734375 0.01875
1 0.1078125 0.51640625 0.078125 0.0140625
1 0.20234375 0.53671875 0.06875 0.0171875
1 0.60390625 0.86484375 0.065625 0.01875
1 0.6921875 0.678125 0.0515625 0.0140625
1 0.74453125 0.80546875 0.0515625 0.009375
1 0.68984375 0.609375 0.053125 0.015625
1 0.6359375 0.5609375 0.059375 0.0203125
1 0.7875 0.578125 0.040625 0.009375