0 0.28359375 0.3828125 0.0203125 0.0125
1 0.4171875 0.0109375 0.084375 0.021875
1 0.146875 0.06015625 0.0734375 0.0296875
1 0.07890625 0.03125 0.0546875 0.028125
1 0.009375 0.18515625 0.01875 0.0234375
1 0.01328125 0.26015625 0.0265625 0.0234375
1 0.171875 0.3109375 0.0796875 0.034375
1 0.24375 0.3953125 0.0921875 0.0484375
1 0.015625 0.39765625 0.03125 0.0265625
1 0.85078125 0.484375 0.0609375 0.0265625
1 0.6859375 0.4 0.0515625 0.025
1 0.496875 0.415625 0.046875 0.0203125
1 0.51640625 0.3015625 0.0484375 0.0203125
1 0.5171875 0.27890625 0.0484375 0.021875
1 0.48828125 0.23828125 0.0484375 0.0203125
1 0.47578125 0.17890625 0.0328125 0.0203125
1 0.634375 0.1359375 0.0578125 0.025
1 0.63984375 0.04765625 0.0484375 0.025
1 0.6171875 0.046875 0.0515625 0.025
1 0.57734375 0.01171875 0.0515625 0.0234375
1 0.5453125 0.00234375 0.05 0.0046875
1 0.2109375 0.75390625 0.0625 0.0328125
1 0.22890625 0.79140625 0.0671875 0.0296875
1 0.209375 0.825 0.0578125 0.0265625
1 0.19140625 0.884375 0.0453125 0.0234375
1 0.17578125 0.89453125 0.0421875 0.01875
1 0.1453125 0.91875 0.0421875 0.01875
1 0.23984375 0.990625 0.0484375 0.01875
1 0.22109375 0.9703125 0.05 0.0265625
1 0.18203125 0.9796875 0.040625 0.021875
1 0.66171875 0.5171875 0.0484375 0.015625
1 0.71171875 0.65078125 0.0484375 0.025
1 0.68359375 0.71875 0.05 0.025
1 0.69453125 0.75390625 0.0453125 0.025
1 0.75 0.79296875 0.0546875 0.028125
1 0.7125 0.8578125 0.0484375 0.021875
1 0.71015625 0.88515625 0.0421875 0.0234375
1 0.7546875 0.89765625 0.0484375 0.0203125
1 0.72265625 0.953125 0.040625 0.01875
1 0.640625 0.8078125 0.040625 0.021875
1 0.63359375 0.7421875 0.040625 0.021875
1 0.59765625 0.7484375 0.025 0.0140625
1 0.5953125 0.72578125 0.0328125 0.015625
1 0.615625 0.71484375 0.040625 0.01875
1 0.571875 0.56953125 0.040625 0.01875