1 0.49140625 0.1078125 0.0375 0.0875
1 0.31484375 0.20234375 0.025 0.0734375
1 0.3484375 0.26875 0.025 0.0546875
1 0.44453125 0.3359375 0.025 0.0578125
1 0.46484375 0.37265625 0.01875 0.05625
1 0.54296875 0.428125 0.01875 0.0546875
1 0.5546875 0.4578125 0.01875 0.0546875
1 0.60078125 0.4015625 0.0234375 0.0625
1 0.415625 0.44296875 0.015625 0.0390625
1 0.45859375 0.51328125 0.0171875 0.0484375
1 0.428125 0.5421875 0.015625 0.0421875
1 0.35859375 0.45 0.0171875 0.0515625
1 0.2203125 0.45859375 0.01875 0.0453125
1 0.20078125 0.3671875 0.01875 0.05625
1 0.12421875 0.36484375 0.01875 0.05625
1 0.06328125 0.1953125 0.0296875 0.0796875
1 0.1421875 0.4828125 0.0140625 0.040625
1 0.8671875 0.375 0.0109375 0.0265625
1 0.87421875 0.38359375 0.0109375 0.028125
1 0.88828125 0.3734375 0.0109375 0.0265625
1 0.89375 0.378125 0.009375 0.0296875
1 0.90234375 0.37421875 0.00625 0.021875
1 0.90703125 0.3828125 0.0109375 0.025
1 0.9078125 0.371875 0.00625 0.021875
1 0.91171875 0.35703125 0.0109375 0.028125
1 0.9140625 0.36796875 0.0078125 0.028125
1 0.9203125 0.3734375 0.0078125 0.021875
1 0.925 0.3796875 0.0109375 0.0265625
0 0.003125 0.81328125 0.00625 0.0203125
1 0.20703125 0.7 0.046875 0.0984375
1 0.346875 0.75 0.0484375 0.0890625
1 0.45390625 0.76796875 0.0375 0.0984375
1 0.575 0.78125 0.04375 0.0984375
1 0.03671875 0.7484375 0.025 0.0765625
1 0.0640625 0.7734375 0.0296875 0.0703125
1 0.0265625 0.7921875 0.025 0.0703125
1 0.0375 0.79453125 0.03125 0.0734375
1 0.08203125 0.82265625 0.0265625 0.0671875
1 0.09765625 0.8234375 0.0296875 0.0765625
1 0.08125 0.84140625 0.028125 0.0828125
1 0.91640625 0.9625 0.0203125 0.0421875
1 0.828125 0.9390625 0.0171875 0.0484375
1 0.796875 0.83671875 0.0203125 0.0515625
1 0.9875 0.9203125 0.021875 0.0515625
1 0.98828125 0.95078125 0.0171875 0.0484375
0 0.78828125 0.86171875 0.009375 0.0203125