1 0.03046875 0.25546875 0.046875 0.01875
0 0.80390625 0.1890625 0.0234375 0.009375
1 0.8734375 0.2703125 0.059375 0.021875
1 0.75078125 0.33125 0.0453125 0.015625
1 0.796875 0.33046875 0.059375 0.0171875
1 0.71796875 0.26875 0.0359375 0.015625
1 0.73203125 0.03046875 0.04375 0.015625
1 0.7234375 0.0296875 0.04375 0.015625
1 0.7265625 0.05234375 0.0390625 0.0171875
1 0.72265625 0.04921875 0.0453125 0.0171875
1 0.71875 0.05625 0.0375 0.015625
1 0.73515625 0.0859375 0.0453125 0.01875
1 0.7453125 0.0875 0.046875 0.015625
0 0.46484375 0.97734375 0.015625 0.009375
0 0.371875 0.9828125 0.0109375 0.0046875
0 0.46875 0.87109375 0.0171875 0.009375
0 0.5796875 0.8765625 0.0171875 0.0109375
0 0.52734375 0.7796875 0.0125 0.0078125
0 0.49140625 0.67890625 0.0109375 0.0078125
0 0.3390625 0.8296875 0.015625 0.0078125
0 0.20859375 0.93203125 0.015625 0.009375
0 0.125 0.87734375 0.0125 0.0078125
0 0.1515625 0.778125 0.0125 0.0078125
0 0.1859375 0.59609375 0.0125 0.009375
0 0.20390625 0.521875 0.0171875 0.0109375
0 0.28984375 0.53515625 0.0125 0.0109375
0 0.37578125 0.528125 0.0203125 0.0109375
0 0.3953125 0.6234375 0.0109375 0.0046875
0 0.32265625 0.42265625 0.0109375 0.0046875
1 0.29921875 0.709375 0.0546875 0.0203125
1 0.3625 0.7796875 0.0546875 0.021875
1 0.203125 0.78125 0.0453125 0.01875
1 0.14453125 0.70546875 0.046875 0.015625
1 0.53046875 0.51484375 0.06875 0.0234375
1 0.42109375 0.56015625 0.0546875 0.0234375
1 0.33046875 0.63671875 0.0484375 0.01875
1 0.2875 0.64609375 0.0515625 0.0203125
1 0.40625 0.6859375 0.0546875 0.025
1 0.415625 0.83671875 0.04375 0.0234375
1 0.24140625 0.7484375 0.0515625 0.0203125
1 0.18984375 0.67265625 0.0453125 0.01875
1 0.25234375 0.99140625 0.0453125 0.0171875
1 0.5796875 0.953125 0.0484375 0.021875
1 0.121875 0.975 0.046875 0.015625
1 0.28046875 0.80625 0.0515625 0.021875
1 0.271875 0.8765625 0.0453125 0.021875
0 0.725 0.9671875 0.021875 0.0140625
1 0.94140625 0.984375 0.0703125 0.03125
1 0.840625 0.95625 0.0671875 0.0296875
1 0.74765625 0.9421875 0.0546875 0.025
1 0.71875 0.94609375 0.0375 0.0265625
1 0.8484375 0.88203125 0.05625 0.0328125
1 0.840625 0.86171875 0.0640625 0.0296875
1 0.8640625 0.746875 0.065625 0.03125
1 0.78359375 0.70390625 0.0671875 0.0296875
1 0.74140625 0.64453125 0.065625 0.0328125
1 0.7296875 0.5859375 0.059375 0.03125
1 0.82578125 0.41328125 0.0703125 0.0296875
1 0.83046875 0.40078125 0.059375 0.0328125