1 0.015625 0.078125 0.03125 0.015625
1 0.08203125 0.48359375 0.0625 0.021875
1 0.165625 0.41640625 0.0640625 0.021875
1 0.475 0.4984375 0.05 0.003125
1 0.55546875 0.4703125 0.05625 0.015625
1 0.55546875 0.446875 0.0609375 0.015625
1 0.44375 0.37109375 0.04375 0.009375
1 0.4609375 0.2453125 0.0453125 0.0125
1 0.46484375 0.240625 0.05 0.015625
1 0.44296875 0.21171875 0.04375 0.0109375
1 0.45078125 0.203125 0.04375 0.0140625
1 0.5140625 0.19140625 0.053125 0.0125
1 0.48203125 0.034375 0.05 0.0125
1 0.47578125 0.0390625 0.05625 0.015625
1 0.5140625 0.0046875 0.046875 0.009375
1 0.609375 0.00546875 0.065625 0.0109375
1 0.0953125 0.9203125 0.0640625 0.015625
0 0.45625 0.515625 0.009375 0.00625
1 0.44140625 0.50625 0.0453125 0.0125
1 0.53828125 0.55625 0.05625 0.015625
1 0.47734375 0.5890625 0.0484375 0.0140625
1 0.51640625 0.6125 0.046875 0.015625
1 0.4484375 0.70390625 0.04375 0.0109375
1 0.409375 0.765625 0.0375 0.009375
1 0.49765625 0.8046875 0.040625 0.009375
1 0.55 0.76484375 0.05 0.015625
1 0.60390625 0.74609375 0.059375 0.01875
1 0.66875 0.71796875 0.06875 0.01875
1 0.70390625 0.66015625 0.0765625 0.0171875
1 0.93984375 0.58359375 0.0953125 0.0234375
1 0.70625 0.9890625 0.06875 0.01875
1 0.6609375 0.9734375 0.06875 0.015625
1 0.5171875 0.98828125 0.053125 0.015625
1 0.4984375 0.97265625 0.0609375 0.0109375
1 0.4609375 0.87734375 0.040625 0.0109375
1 0.48359375 0.8234375 0.05 0.015625