1 0.17890625 0.459375 0.040625 0.0125
1 0.23515625 0.4328125 0.04375 0.0125
1 0.33984375 0.42578125 0.0578125 0.0171875
1 0.26875 0.3140625 0.0515625 0.0171875
1 0.225 0.2953125 0.04375 0.0125
1 0.20859375 0.36796875 0.040625 0.0125
1 0.1671875 0.36640625 0.0375 0.0125
1 0.17578125 0.34765625 0.040625 0.0125
1 0.1578125 0.33359375 0.034375 0.0125
1 0.1578125 0.30625 0.034375 0.0109375
1 0.15625 0.29765625 0.034375 0.0125
1 0.1890625 0.2484375 0.0390625 0.009375
1 0.1953125 0.19140625 0.0328125 0.0125
1 0.1703125 0.1234375 0.0390625 0.0140625
1 0.2296875 0.11953125 0.0453125 0.0171875
1 0.36015625 0.0140625 0.0625 0.0234375
1 0.43984375 0.06796875 0.0390625 0.0234375
1 0.23359375 0.01796875 0.0375 0.0125
1 0.21328125 0.01875 0.040625 0.015625
1 0.203125 0.0359375 0.040625 0.015625
0 0.7953125 0.453125 0.021875 0.0109375
1 0.77109375 0.00234375 0.0453125 0.0046875
1 0.78984375 0.0171875 0.0453125 0.0171875
1 0.65 0.07265625 0.040625 0.0109375
1 0.73828125 0.10625 0.040625 0.0125
1 0.815625 0.08828125 0.0453125 0.0171875
1 0.778125 0.16953125 0.0453125 0.015625
1 0.75859375 0.1984375 0.04375 0.0125
1 0.7015625 0.20546875 0.046875 0.0140625
1 0.6984375 0.2125 0.0375 0.0125
1 0.690625 0.27578125 0.04375 0.0125
1 0.8671875 0.2765625 0.05 0.0125
1 0.953125 0.28046875 0.0546875 0.0171875
1 0.8375 0.4265625 0.0546875 0.0171875
1 0.0859375 0.5703125 0.0828125 0.021875
1 0.02734375 0.5453125 0.0546875 0.028125
1 0.0265625 0.64375 0.053125 0.025
1 0.0203125 0.86640625 0.040625 0.0203125
1 0.06875 0.84921875 0.0671875 0.021875
1 0.13828125 0.83203125 0.0796875 0.01875
1 0.1359375 0.84765625 0.084375 0.0203125
1 0.11015625 0.89296875 0.0765625 0.034375
1 0.12421875 0.9359375 0.0828125 0.028125
1 0.0734375 0.92421875 0.0796875 0.0203125
1 0.04765625 0.93984375 0.0796875 0.025
1 0.928125 0.91796875 0.0734375 0.025
1 0.96875 0.5890625 0.0625 0.015625
1 0.7546875 0.55390625 0.046875 0.0140625
1 0.7203125 0.5828125 0.0421875 0.015625
1 0.7859375 0.734375 0.0609375 0.0203125
1 0.6109375 0.7265625 0.046875 0.015625
0 0.98828125 0.5734375 0.0234375 0.0125