1 0.0375 0.19140625 0.0296875 0.0671875
1 0.12421875 0.38203125 0.025 0.0578125
1 0.09921875 0.2875 0.025 0.0578125
1 0.1609375 0.290625 0.03125 0.0640625
1 0.23125 0.2734375 0.0265625 0.0640625
1 0.27734375 0.21171875 0.025 0.065625
1 0.43515625 0.05703125 0.034375 0.0796875
1 0.42265625 0.05 0.034375 0.0828125
1 0.4984375 0.1796875 0.0359375 0.075
1 0.4796875 0.20390625 0.034375 0.0796875
1 0.3796875 0.278125 0.03125 0.0703125
1 0.375 0.31953125 0.025 0.0578125
1 0.35234375 0.3390625 0.0296875 0.0734375
1 0.2984375 0.3796875 0.0234375 0.0625
1 0.86796875 0.43359375 0.03125 0.0625
1 0.83671875 0.44140625 0.0265625 0.0625
1 0.77265625 0.3640625 0.028125 0.0703125
1 0.7234375 0.64375 0.025 0.009375
1 0.996875 0.6859375 0.00625 0.046875