0 0.15390625 0.36328125 0.0234375 0.009375
1 0.084375 0.26171875 0.065625 0.015625
1 0.18359375 0.38203125 0.0640625 0.0125
1 0.253125 0.1375 0.05625 0.0140625
1 0.165625 0.18125 0.05625 0.0140625
1 0.15625 0.1203125 0.0609375 0.01875
1 0.125 0.05546875 0.0625 0.0140625
1 0.0546875 0.02265625 0.065625 0.0109375
0 0.51328125 0.103125 0.009375 0.00625
0 0.571875 0.184375 0.0125 0.00625
0 0.82890625 0.01640625 0.009375 0.00625
0 0.80703125 0.21171875 0.0125 0.00625
0 0.68125 0.2734375 0.009375 0.00625
1 0.70390625 0.05703125 0.053125 0.0203125
1 0.72421875 0.08046875 0.053125 0.0171875
1 0.8015625 0.071875 0.046875 0.0109375
1 0.784375 0.1046875 0.040625 0.0140625
1 0.7765625 0.1203125 0.05625 0.0109375
1 0.7515625 0.1390625 0.046875 0.0140625
1 0.73515625 0.15234375 0.05625 0.0140625
1 0.725 0.1671875 0.0578125 0.0140625
1 0.70390625 0.1921875 0.059375 0.0125
1 0.6125 0.26484375 0.075 0.01875
1 0.77109375 0.3484375 0.05 0.0109375
1 0.68203125 0.1265625 0.0625 0.0125
1 0.68359375 0.09453125 0.0640625 0.0125
1 0.01484375 0.53046875 0.0296875 0.0171875
1 0.03828125 0.5546875 0.0625 0.0171875
1 0.0953125 0.73125 0.05625 0.0109375
1 0.04765625 0.7859375 0.05625 0.015625
1 0.0125 0.90078125 0.025 0.0140625
1 0.575 0.47265625 0.084375 0.0078125
1 0.93125 0.52109375 0.05 0.0125
1 0.7703125 0.59609375 0.0625 0.0140625
1 0.7984375 0.63125 0.0625 0.0203125
1 0.91640625 0.71875 0.0625 0.0140625
1 0.58828125 0.69765625 0.059375 0.0171875
1 0.51796875 0.76171875 0.0796875 0.0203125
1 0.69375 0.821875 0.071875 0.015625
1 0.7125 0.86796875 0.0734375 0.01875
1 0.79609375 0.88046875 0.071875 0.015625
1 0.6671875 0.9640625 0.090625 0.025
1 0.5078125 0.99375 0.084375 0.0125
1 0.55625 0.99609375 0.084375 0.0078125