1 0.421875 0.23359375 0.0125 0.05625
1 0.46875 0.14765625 0.0125 0.05625
1 0.4078125 0.1359375 0.0171875 0.0609375
1 0.34375 0.10234375 0.0125 0.0625
1 0.3140625 0.03203125 0.009375 0.0640625
1 0.1984375 0.07109375 0.015625 0.06875
1 0.19296875 0.1125 0.0125 0.05625
1 0.21015625 0.13671875 0.0125 0.071875
1 0.253125 0.1890625 0.009375 0.0625
1 0.8765625 0.1671875 0.021875 0.0890625
1 0.8 0.21796875 0.0171875 0.0828125
1 0.66640625 0.2296875 0.0125 0.05625
1 0.603125 0.11796875 0.0125 0.0734375
1 0.753125 0.31328125 0.015625 0.0515625
1 0.80390625 0.3765625 0.0125 0.0671875
1 0.83671875 0.3921875 0.0171875 0.0515625
1 0.90234375 0.38203125 0.015625 0.0453125
1 0.875 0.30390625 0.0171875 0.0625
1 0.9203125 0.4234375 0.0125 0.040625
1 0.95390625 0.42421875 0.0171875 0.04375
1 0.9921875 0.42734375 0.015625 0.0453125
1 0.903125 0.29765625 0.0125 0.05625
1 0.50078125 0.76640625 0.0109375 0.0484375
1 0.5140625 0.7859375 0.0125 0.05
1 0.4984375 0.8046875 0.0125 0.04375
1 0.46796875 0.84921875 0.0078125 0.0453125
1 0.4265625 0.8640625 0.009375 0.040625
1 0.4390625 0.7078125 0.0109375 0.05625
1 0.37890625 0.790625 0.009375 0.046875
1 0.3734375 0.81171875 0.00625 0.046875
1 0.346875 0.853125 0.009375 0.0359375
1 0.35078125 0.86171875 0.00625 0.034375
1 0.30859375 0.89453125 0.00625 0.03125
1 0.334375 0.79609375 0.0125 0.046875
1 0.31875 0.803125 0.009375 0.04375
1 0.3 0.7203125 0.015625 0.0546875
1 0.2671875 0.79375 0.009375 0.034375
1 0.25390625 0.828125 0.00625 0.0375
1 0.246875 0.82734375 0.009375 0.040625
1 0.22578125 0.8234375 0.0078125 0.0375
1 0.2125 0.85390625 0.00625 0.034375
0 0.24765625 0.81796875 0.003125 0.00625