0 0.2421875 0.11875 0.0125 0.0078125
1 0.24609375 0.02109375 0.0546875 0.01875
1 0.2109375 0.05390625 0.046875 0.0140625
1 0.1546875 0.08515625 0.0484375 0.015625
1 0.23203125 0.115625 0.0375 0.0125
1 0.225 0.12578125 0.0390625 0.0140625
1 0.24609375 0.1234375 0.0453125 0.0171875
1 0.1609375 0.165625 0.0375 0.0109375
1 0.12578125 0.16015625 0.0328125 0.0125
1 0.125 0.1984375 0.0421875 0.015625
1 0.2796875 0.28671875 0.0484375 0.015625
1 0.23359375 0.3234375 0.04375 0.0109375
1 0.2328125 0.3375 0.0421875 0.0171875
1 0.175 0.3484375 0.040625 0.0125
1 0.3109375 0.48046875 0.046875 0.0140625
1 0.346875 0.4859375 0.046875 0.00625
0 0.5265625 0.01640625 0.0125 0.0078125
1 0.83046875 0.18203125 0.0828125 0.028125
1 0.72578125 0.27734375 0.06875 0.0203125
1 0.5484375 0.1921875 0.0546875 0.0234375
1 0.44765625 0.20078125 0.0171875 0.0140625
1 0.484375 0.2671875 0.0515625 0.0203125
1 0.52421875 0.3234375 0.046875 0.0203125
1 0.5015625 0.41640625 0.0421875 0.0171875
1 0.6078125 0.47578125 0.0640625 0.025
1 0.70078125 0.43203125 0.0640625 0.021875
1 0.575 0.0203125 0.0515625 0.0140625
1 0.503125 0.0265625 0.03125 0.015625
1 0.5140625 0.03984375 0.0421875 0.0171875
1 0.34296875 0.9890625 0.0703125 0.021875
1 0.33125 0.890625 0.0609375 0.01875
1 0.26796875 0.878125 0.0734375 0.0265625
1 0.2984375 0.84921875 0.0609375 0.01875
1 0.28515625 0.85 0.0671875 0.01875
1 0.278125 0.8140625 0.0609375 0.01875
1 0.2765625 0.79140625 0.0640625 0.015625
1 0.23359375 0.80390625 0.065625 0.021875
1 0.278125 0.77734375 0.059375 0.0140625
1 0.25625 0.77109375 0.0609375 0.01875
1 0.27109375 0.68125 0.0609375 0.015625
1 0.24375 0.66328125 0.0703125 0.0203125
1 0.225 0.67890625 0.059375 0.015625
1 0.24375 0.625 0.0671875 0.0171875
1 0.25546875 0.5921875 0.065625 0.021875
1 0.34921875 0.4984375 0.0640625 0.01875
1 0.23359375 0.515625 0.0671875 0.021875
0 0.98046875 0.790625 0.0203125 0.0109375
1 0.96875 0.7234375 0.0625 0.021875
1 0.98125 0.93828125 0.0375 0.0234375
1 0.96953125 0.934375 0.0609375 0.021875
1 0.9640625 0.9109375 0.071875 0.021875
1 0.8921875 0.82578125 0.0734375 0.021875
1 0.90859375 0.775 0.0796875 0.0234375
1 0.715625 0.8984375 0.059375 0.015625
1 0.74140625 0.784375 0.0640625 0.01875
1 0.72578125 0.7359375 0.0640625 0.015625
1 0.70859375 0.72578125 0.065625 0.01875
1 0.740625 0.68984375 0.0609375 0.01875
1 0.740625 0.6546875 0.053125 0.015625
1 0.65703125 0.61875 0.0625 0.01875
1 0.6203125 0.55390625 0.0578125 0.0171875
1 0.7046875 0.53125 0.0734375 0.0203125