1 0.06328125 0.0484375 0.015625 0.0484375
1 0.18125 0.00546875 0.015625 0.0109375
1 0.1984375 0.04921875 0.0171875 0.0484375
1 0.2546875 0.00546875 0.015625 0.0109375
1 0.278125 0.06328125 0.0125 0.0375
1 0.26484375 0.09609375 0.0140625 0.0328125
1 0.3015625 0.10546875 0.0171875 0.0421875
1 0.44921875 0.03125 0.0125 0.04375
1 0.4625 0.03515625 0.01875 0.0421875
1 0.459375 0.09375 0.0140625 0.040625
1 0.6203125 0.00859375 0.015625 0.0171875
1 0.75546875 0.03984375 0.0171875 0.0515625
1 0.69921875 0.09140625 0.015625 0.0453125
1 0.62265625 0.15078125 0.0171875 0.040625
1 0.8078125 0.02265625 0.025 0.0453125
1 0.9046875 0.26953125 0.040625 0.0921875
1 0.84453125 0.25078125 0.0296875 0.0921875
1 0.890625 0.51484375 0.021875 0.065625
1 0.246875 0.6921875 0.0234375 0.0640625
1 0.1 0.725 0.0234375 0.0640625
1 0.04921875 0.74765625 0.0328125 0.0828125
1 0.0875 0.8109375 0.03125 0.06875
1 0.10625 0.86171875 0.03125 0.06875
1 0.27421875 0.8859375 0.0234375 0.0546875
1 0.225 0.97578125 0.01875 0.0484375
1 0.25390625 0.98515625 0.0203125 0.0296875
1 0.42109375 0.9734375 0.021875 0.0484375
1 0.38984375 0.72890625 0.0296875 0.0859375
1 0.62578125 0.86171875 0.0234375 0.0609375
1 0.771875 0.85703125 0.021875 0.0671875
1 0.7390625 0.93515625 0.0234375 0.0609375
1 0.59296875 0.97890625 0.0171875 0.0421875
1 0.546875 0.94765625 0.015625 0.0515625
1 0.503125 0.99296875 0.01875 0.0140625
1 0.91640625 0.66796875 0.021875 0.0578125
1 0.8609375 0.80625 0.0140625 0.0359375
1 0.97578125 0.8296875 0.015625 0.0453125
1 0.96875 0.88671875 0.015625 0.0421875
1 0.88203125 0.9078125 0.0140625 0.034375
1 0.84609375 0.86484375 0.0140625 0.03125