1 0.31875 0.5125 0.0390625 0.0140625
1 0.28359375 0.51484375 0.0328125 0.0140625
1 0.28515625 0.47734375 0.0421875 0.0171875
1 0.44609375 0.4 0.0484375 0.01875
1 0.40234375 0.359375 0.04375 0.0140625
1 0.40234375 0.3453125 0.0421875 0.01875
1 0.3453125 0.33046875 0.040625 0.0140625
1 0.490625 0.20859375 0.0484375 0.0171875
1 0.528125 0.19921875 0.046875 0.021875
1 0.54609375 0.12421875 0.0453125 0.0203125
1 0.48828125 0.065625 0.0515625 0.01875
1 0.421875 0.103125 0.0453125 0.0171875
1 0.34140625 0.1578125 0.040625 0.01875
1 0.52265625 0.021875 0.0515625 0.0265625
1 0.98515625 0.196875 0.0296875 0.040625
1 0.921875 0.0046875 0.084375 0.009375
1 0.81953125 0.01484375 0.0828125 0.0296875
1 0.91796875 0.0625 0.078125 0.040625
1 0.8609375 0.08046875 0.0734375 0.025
1 0.8515625 0.09140625 0.0890625 0.0359375
1 0.79375 0.14921875 0.0828125 0.0390625
1 0.79609375 0.1734375 0.065625 0.0296875
1 0.815625 0.1953125 0.06875 0.0390625
1 0.80078125 0.3046875 0.0765625 0.03125
1 0.2125 0.61875 0.0484375 0.021875
1 0.23046875 0.68984375 0.0546875 0.025
1 0.1859375 0.71796875 0.0546875 0.0265625
1 0.22578125 0.7921875 0.0640625 0.0265625
1 0.309375 0.8796875 0.078125 0.0359375
1 0.32109375 0.73046875 0.0703125 0.028125
1 0.29296875 0.684375 0.0546875 0.0234375
1 0.284375 0.67578125 0.0671875 0.0296875
1 0.4859375 0.61484375 0.0890625 0.034375