1 0.27421875 0.2984375 0.04375 0.009375
1 0.23671875 0.13203125 0.0484375 0.0125
1 0.19609375 0.0609375 0.0375 0.0125
1 0.17578125 0.0546875 0.04375 0.0109375
1 0.15234375 0.09140625 0.04375 0.009375
1 0.515625 0.39609375 0.059375 0.0171875
1 0.421875 0.42265625 0.05625 0.0203125
1 0.3984375 0.28359375 0.046875 0.021875
1 0.4984375 0.2375 0.0625 0.01875
1 0.5140625 0.11328125 0.065625 0.0171875
1 0.6328125 0.00859375 0.075 0.0171875
1 0.5078125 0.0109375 0.046875 0.021875
1 0.35625 0.03984375 0.046875 0.0140625
1 0.721875 0.2359375 0.0625 0.0234375
0 0.225 0.88046875 0.009375 0.0046875
1 0.32109375 0.53515625 0.0171875 0.0140625
1 0.31171875 0.53984375 0.0359375 0.0140625
1 0.2859375 0.746875 0.059375 0.0140625
1 0.30546875 0.76953125 0.0484375 0.0171875
1 0.28515625 0.79765625 0.06875 0.0140625
1 0.2828125 0.88515625 0.05625 0.015625
1 0.3140625 0.91640625 0.03125 0.0140625
1 0.26640625 0.9828125 0.053125 0.0140625
1 0.28125 0.99375 0.053125 0.0125
1 0.5703125 0.9578125 0.05625 0.0109375
1 0.53125 0.9328125 0.05 0.0140625
1 0.55546875 0.85234375 0.065625 0.01875
1 0.57734375 0.73671875 0.0609375 0.015625
1 0.47421875 0.7796875 0.046875 0.0171875
1 0.48203125 0.70546875 0.0453125 0.0125
1 0.4796875 0.68125 0.0515625 0.0109375
1 0.56171875 0.5953125 0.0625 0.0125
1 0.46015625 0.51328125 0.04375 0.0125
1 0.4703125 0.54140625 0.03125 0.0109375
1 0.47421875 0.56875 0.03125 0.0078125
1 0.4515625 0.571875 0.03125 0.0140625
1 0.46328125 0.590625 0.0328125 0.0125
1 0.44375 0.5484375 0.0375 0.00625
0 0.46875 0.565625 0.0125 0.0046875