1 0.3890625 0.09375 0.0171875 0.05
1 0.35078125 0.246875 0.0203125 0.0453125
1 0.22578125 0.17109375 0.0171875 0.0453125
1 0.1359375 0.025 0.0140625 0.04375
1 0.1234375 0.0625 0.0171875 0.0453125
1 0.11796875 0.12578125 0.015625 0.0421875
1 0.0828125 0.24375 0.0171875 0.0515625
1 0.03828125 0.24765625 0.0171875 0.0453125
1 0.3171875 0.00390625 0.0125 0.0078125
1 0.98984375 0.34453125 0.0140625 0.0296875
1 0.95 0.3328125 0.01875 0.053125
1 0.9203125 0.27109375 0.0171875 0.05
1 0.85859375 0.35234375 0.0140625 0.0140625
1 0.65234375 0.28125 0.0125 0.0359375
1 0.44375 0.79609375 0.0171875 0.0671875
1 0.359375 0.82421875 0.0265625 0.0765625
1 0.2046875 0.909375 0.0296875 0.0703125
1 0.2078125 0.84375 0.0234375 0.0703125
1 0.19453125 0.85703125 0.0203125 0.0828125
1 0.16328125 0.81953125 0.0234375 0.0703125
1 0.11640625 0.83828125 0.025 0.0734375
1 0.171875 0.7875 0.01875 0.06875
1 0.171875 0.8 0.021875 0.0640625
1 0.228125 0.77421875 0.021875 0.0640625
1 0.2421875 0.8140625 0.01875 0.0671875
1 0.23984375 0.81015625 0.0203125 0.0734375
1 0.25625 0.8140625 0.0203125 0.0703125
1 0.26796875 0.80625 0.0171875 0.0671875
1 0.259375 0.771875 0.0203125 0.0671875
1 0.0328125 0.7953125 0.034375 0.059375
1 0.62578125 0.515625 0.0171875 0.0515625
1 0.63515625 0.59765625 0.01875 0.0546875
1 0.5921875 0.621875 0.021875 0.0703125
1 0.6640625 0.66875 0.0125 0.065625
1 0.6953125 0.66328125 0.01875 0.0578125
1 0.6984375 0.67734375 0.015625 0.05625
1 0.75625 0.678125 0.028125 0.0609375
1 0.74140625 0.74921875 0.025 0.0921875
1 0.7265625 0.63359375 0.0140625 0.0625
1 0.73984375 0.64609375 0.015625 0.0625
1 0.76015625 0.64296875 0.021875 0.0578125
1 0.78125 0.65625 0.01875 0.0578125
1 0.79609375 0.65625 0.01875 0.0640625
1 0.790625 0.6765625 0.015625 0.053125
1 0.82109375 0.66484375 0.021875 0.0703125
1 0.871875 0.6484375 0.015625 0.0625
1 0.86015625 0.6328125 0.0171875 0.0640625
1 0.4796875 0.75546875 0.0234375 0.0828125
0 0.62109375 0.5234375 0.009375 0.0203125