1 0.38203125 0.596875 0.0359375 0.021875
1 0.315625 0.46953125 0.0453125 0.01875
1 0.13359375 0.2859375 0.040625 0.0125
1 0.17265625 0.375 0.0453125 0.015625
1 0.21015625 0.36328125 0.0453125 0.01875
1 0.27421875 0.3609375 0.0421875 0.0171875
1 0.38359375 0.328125 0.0328125 0.01875
1 0.3875 0.284375 0.025 0.01875
1 0.38203125 0.15390625 0.0359375 0.0203125
1 0.30546875 0.00390625 0.0453125 0.0078125
1 0.24296875 0.15859375 0.05 0.0171875
1 0.1921875 0.221875 0.0390625 0.0171875
1 0.17109375 0.22578125 0.0453125 0.0171875
1 0.153125 0.18515625 0.0453125 0.015625
1 0.13046875 0.55546875 0.0390625 0.0140625
0 0.86484375 0.0765625 0.0171875 0.009375
0 0.7765625 0.209375 0.0171875 0.0078125
0 0.88671875 0.2484375 0.021875 0.0125
0 0.92734375 0.4546875 0.015625 0.0078125
0 0.8203125 0.53359375 0.0203125 0.0109375
0 0.759375 0.49453125 0.0140625 0.0078125
0 0.6359375 0.47578125 0.0171875 0.0078125
1 0.6640625 0.12734375 0.0703125 0.0234375
1 0.6546875 0.2015625 0.0703125 0.0234375
1 0.69765625 0.25078125 0.0609375 0.01875
1 0.69453125 0.33671875 0.0640625 0.01875
1 0.740625 0.42265625 0.0671875 0.025
1 0.63515625 0.41796875 0.0671875 0.025
1 0.7421875 0.4390625 0.0640625 0.0234375
1 0.63515625 0.5828125 0.0703125 0.0265625
1 0.66171875 0.60703125 0.0796875 0.0046875
1 0.98046875 0.203125 0.0390625 0.034375
1 0.965625 0.33125 0.06875 0.028125
1 0.82890625 0.35546875 0.0546875 0.025
1 0.840625 0.3890625 0.0796875 0.0234375
1 0.7890625 0.078125 0.06875 0.01875
1 0.77890625 0.05546875 0.0765625 0.0234375
1 0.37734375 0.61796875 0.0453125 0.0171875
1 0.3796875 0.7546875 0.040625 0.021875
1 0.66875 0.85859375 0.0828125 0.0265625
1 0.59609375 0.8796875 0.0796875 0.0328125
1 0.60625 0.78203125 0.0671875 0.028125