1 0.22734375 0.00546875 0.05 0.0109375
1 0.06953125 0.0859375 0.0625 0.0125
1 0.0984375 0.1203125 0.0625 0.01875
1 0.21953125 0.20390625 0.0625 0.0125
1 0.01796875 0.3140625 0.0359375 0.0125
1 0.02890625 0.359375 0.0578125 0.015625
1 0.10546875 0.36953125 0.071875 0.0125
1 0.01171875 0.45625 0.0234375 0.021875
1 0.6625 0.3015625 0.0890625 0.021875
1 0.71328125 0.225 0.0828125 0.0171875
1 0.725 0.09140625 0.05625 0.0125
1 0.61328125 0.028125 0.0734375 0.0125
1 0.80859375 0.178125 0.0515625 0.015625
1 0.871875 0.22890625 0.0671875 0.0125
1 0.8875 0.26171875 0.0515625 0.0171875
1 0.87734375 0.32734375 0.0453125 0.015625
1 0.79921875 0.3 0.0625 0.0171875
1 0.91875 0.3453125 0.040625 0.0125
1 0.91953125 0.37890625 0.04375 0.0171875
1 0.92265625 0.41953125 0.0453125 0.01875
1 0.93046875 0.471875 0.05 0.0171875
1 0.878125 0.50703125 0.0515625 0.015625
1 0.85078125 0.52734375 0.0453125 0.009375
1 0.8015625 0.5390625 0.0578125 0.0125
1 0.79296875 0.328125 0.05625 0.0125
0 0.0109375 0.81796875 0.009375 0.0046875
1 0.01484375 0.69765625 0.0296875 0.0140625
1 0.01484375 0.71015625 0.0296875 0.0203125
1 0.04453125 0.7890625 0.06875 0.025
1 0.034375 0.815625 0.06875 0.01875
1 0.2 0.90703125 0.0640625 0.0171875
1 0.10703125 0.946875 0.0625 0.0140625
1 0.0125 0.95625 0.025 0.01875
1 0.81953125 0.61875 0.040625 0.009375
1 0.7203125 0.58828125 0.05625 0.009375
1 0.75 0.65078125 0.046875 0.009375
1 0.6953125 0.89921875 0.05 0.0109375
1 0.8125 0.91640625 0.04375 0.009375
1 0.62109375 0.94609375 0.0640625 0.0125
1 0.6046875 0.91328125 0.06875 0.015625