1 0.01484375 0.3234375 0.0125 0.05
1 0.09765625 0.47890625 0.0140625 0.0609375
1 0.13203125 0.45078125 0.0203125 0.0625
1 0.21328125 0.328125 0.0140625 0.0625
1 0.37265625 0.49765625 0.0171875 0.0234375
1 0.38125 0.4390625 0.0140625 0.071875
1 0.90078125 0.021875 0.0140625 0.04375
1 0.8796875 0.03046875 0.009375 0.04375
1 0.8734375 0.0046875 0.009375 0.009375
1 0.80234375 0.01015625 0.0078125 0.0203125
1 0.78359375 0.06328125 0.0109375 0.05
1 0.73515625 0.04453125 0.0171875 0.05
1 0.62265625 0.00703125 0.0078125 0.0140625
1 0.659375 0.0265625 0.009375 0.0390625
1 0.53828125 0.040625 0.009375 0.0390625
1 0.5390625 0.090625 0.0171875 0.046875
1 0.528125 0.01640625 0.009375 0.0328125
0 0.003125 0.7296875 0.00625 0.015625
0 0.0609375 0.54609375 0.009375 0.0234375
0 0.22890625 0.62734375 0.009375 0.021875
0 0.2625 0.9 0.009375 0.0234375
0 0.3546875 0.8296875 0.0109375 0.021875
0 0.40703125 0.7421875 0.0046875 0.021875
1 0.2828125 0.55703125 0.0203125 0.0484375
1 0.3296875 0.51875 0.015625 0.01875
1 0.16171875 0.62734375 0.0109375 0.0625
1 0.278125 0.778125 0.015625 0.0765625
1 0.18203125 0.82109375 0.015625 0.08125
0 0.5953125 0.546875 0.009375 0.015625
1 0.946875 0.5765625 0.0140625 0.0625
1 0.71171875 0.62265625 0.0171875 0.065625
1 0.7203125 0.875 0.021875 0.071875
1 0.55390625 0.70625 0.0140625 0.05
1 0.49921875 0.58515625 0.0171875 0.05
1 0.4171875 0.6625 0.015625 0.053125
1 0.45078125 0.65 0.0109375 0.05625
1 0.41171875 0.72265625 0.0046875 0.0640625