1 0.50234375 0.05859375 0.0890625 0.0328125
1 0.50546875 0.23828125 0.0734375 0.0265625
1 0.50859375 0.253125 0.06875 0.028125
1 0.40703125 0.2734375 0.0640625 0.0265625
1 0.33359375 0.19375 0.065625 0.0296875
1 0.3078125 0.45625 0.0515625 0.0203125
1 0.478125 0.5046875 0.0640625 0.0234375
1 0.775 0.1421875 0.0453125 0.0171875
1 0.83359375 0.15390625 0.0515625 0.025
1 0.71875 0.18515625 0.046875 0.0171875
1 0.78359375 0.23515625 0.05 0.01875
1 0.85234375 0.2546875 0.0578125 0.0234375
1 0.8171875 0.33046875 0.0453125 0.0171875
1 0.7203125 0.3015625 0.0328125 0.015625
1 0.74609375 0.36015625 0.0296875 0.0125
1 0.78125 0.35390625 0.0453125 0.0171875
1 0.8171875 0.36171875 0.0421875 0.0171875
1 0.89140625 0.38046875 0.0546875 0.021875
1 0.9125 0.41953125 0.0546875 0.021875
1 0.8625 0.43125 0.05 0.021875
1 0.81328125 0.41484375 0.0546875 0.0234375
1 0.8625 0.4921875 0.05 0.01875
1 0.165625 0.56328125 0.046875 0.0203125
1 0.18828125 0.56640625 0.05625 0.0234375
1 0.3109375 0.56484375 0.0640625 0.0234375
1 0.41328125 0.625 0.0734375 0.03125
1 0.371875 0.85703125 0.0703125 0.0265625
1 0.16484375 0.88125 0.0546875 0.021875
1 0.11328125 0.9234375 0.05625 0.034375
1 0.065625 0.70078125 0.0484375 0.0203125
1 0.05859375 0.71875 0.0546875 0.0265625
0 0.12109375 0.9015625 0.0140625 0.0078125
1 0.86484375 0.98125 0.05625 0.0203125
1 0.86640625 0.9578125 0.053125 0.01875
1 0.8328125 0.959375 0.0484375 0.01875
1 0.81796875 0.91484375 0.0546875 0.021875
1 0.8203125 0.87890625 0.05625 0.028125
1 0.84140625 0.86015625 0.0578125 0.0234375
1 0.81484375 0.840625 0.046875 0.0171875
1 0.7984375 0.82890625 0.04375 0.0140625
1 0.809375 0.79140625 0.0546875 0.01875
1 0.81875 0.76015625 0.0625 0.0234375
1 0.8375 0.7265625 0.053125 0.015625
1 0.8421875 0.71015625 0.0546875 0.021875
1 0.7796875 0.53046875 0.053125 0.0171875
1 0.9421875 0.859375 0.06875 0.021875
1 0.9546875 0.90859375 0.0703125 0.028125
0 0.7734375 0.99375 0.0171875 0.009375