1 0.2109375 0.1359375 0.096875 0.040625
1 0.28671875 0.0890625 0.1203125 0.0359375
1 0.334375 0.10234375 0.109375 0.0453125
1 0.37890625 0.084375 0.1296875 0.0421875
1 0.3625 0.05 0.1328125 0.0421875
1 0.30390625 0.0421875 0.1296875 0.0421875
1 0.3796875 0.01875 0.121875 0.0375
1 0.33828125 0.01171875 0.1390625 0.0234375
1 0.5265625 0.49609375 0.046875 0.0359375
1 0.33203125 0.5421875 0.078125 0.03125
1 0.3609375 0.66640625 0.0828125 0.0359375
1 0.4203125 0.90859375 0.0796875 0.0328125
1 0.1765625 0.63125 0.0515625 0.0203125
1 0.19921875 0.90703125 0.0625 0.0265625
1 0.11015625 0.9171875 0.0421875 0.01875
1 0.4515625 0.30859375 0.075 0.0328125
1 0.4359375 0.27421875 0.0734375 0.028125
1 0.44765625 0.29375 0.05 0.0296875
1 0.3671875 0.3578125 0.0640625 0.0265625
1 0.315625 0.4984375 0.0671875 0.0296875
1 0.271875 0.36796875 0.0546875 0.025
1 0.30390625 0.3078125 0.0703125 0.0265625
1 0.140625 0.41796875 0.065625 0.028125
1 0.1421875 0.45625 0.0640625 0.0265625
1 0.0921875 0.53984375 0.059375 0.0296875
1 0.04375 0.61484375 0.065625 0.0234375
1 0.05 0.25546875 0.04375 0.0265625
0 0.4578125 0.29296875 0.0171875 0.009375
0 0.78984375 0.60234375 0.0109375 0.00625
1 0.81953125 0.99609375 0.0578125 0.0078125
1 0.7671875 0.8859375 0.0546875 0.01875
1 0.75 0.85234375 0.0484375 0.0171875
1 0.803125 0.7953125 0.0546875 0.021875
1 0.76796875 0.7734375 0.0421875 0.01875
1 0.74765625 0.71796875 0.0484375 0.0171875
1 0.7484375 0.70859375 0.0390625 0.015625
1 0.784375 0.70859375 0.0515625 0.01875
1 0.75703125 0.68828125 0.0453125 0.015625
1 0.82890625 0.64609375 0.059375 0.0296875
1 0.79921875 0.56484375 0.05 0.0234375
1 0.76953125 0.6015625 0.046875 0.025
1 0.7625 0.53515625 0.0390625 0.0203125
1 0.7515625 0.5515625 0.040625 0.01875
1 0.7453125 0.565625 0.040625 0.0125
1 0.74375 0.57109375 0.0390625 0.0140625
1 0.73203125 0.56953125 0.0484375 0.0171875
1 0.72890625 0.3375 0.0484375 0.0171875