1 0.1890625 0.30546875 0.0203125 0.10625
1 0.1984375 0.309375 0.0171875 0.115625
1 0.16953125 0.33203125 0.015625 0.0890625
1 0.15 0.32890625 0.0203125 0.109375
1 0.15546875 0.33125 0.021875 0.10625
1 0.1390625 0.3203125 0.01875 0.084375
1 0.1453125 0.26328125 0.0203125 0.103125
1 0.0125 0.29921875 0.025 0.0953125
1 0.01171875 0.17109375 0.0234375 0.1078125
1 0.00703125 0.12421875 0.0140625 0.1296875
1 0.62421875 0.05078125 0.0046875 0.025
1 0.67421875 0.0765625 0.0078125 0.028125
1 0.6875 0.0453125 0.0109375 0.0296875
1 0.959375 0.04453125 0.0078125 0.0328125
1 0.9453125 0.0671875 0.0140625 0.0203125
1 0.9625 0.14296875 0.0078125 0.025
0 0.97734375 0.1296875 0.00625 0.009375
0 0.05 0.88125 0.0078125 0.0140625
1 0.05625 0.85546875 0.015625 0.0375
1 0.06953125 0.884375 0.015625 0.040625
1 0.0984375 0.88984375 0.0171875 0.034375
1 0.11796875 0.8765625 0.015625 0.0484375
1 0.13046875 0.82734375 0.0125 0.046875
1 0.09765625 0.8015625 0.0171875 0.0421875
1 0.07890625 0.73359375 0.021875 0.0578125
1 0.2640625 0.81640625 0.0171875 0.0546875
1 0.22109375 0.840625 0.015625 0.0453125
1 0.27578125 0.821875 0.015625 0.053125
1 0.3203125 0.775 0.0171875 0.059375
1 0.32890625 0.79375 0.015625 0.053125
1 0.37421875 0.83515625 0.015625 0.053125
1 0.64375 0.70234375 0.009375 0.040625
1 0.56484375 0.64609375 0.0125 0.04375
1 0.58359375 0.6109375 0.015625 0.04375
1 0.59921875 0.54921875 0.0140625 0.040625
1 0.959375 0.59296875 0.0125 0.04375
1 0.790625 0.621875 0.0140625 0.0484375
1 0.71796875 0.6578125 0.015625 0.0375
1 0.71015625 0.678125 0.0140625 0.04375
1 0.74609375 0.70390625 0.0125 0.04375