1 0.36015625 0.23671875 0.0390625 0.0390625
1 0.36640625 0.09765625 0.0265625 0.0484375
1 0.3140625 0.0875 0.11875 0.0453125
1 0.2765625 0.1203125 0.109375 0.053125
1 0.22890625 0.12265625 0.1296875 0.053125
1 0.22890625 0.084375 0.1328125 0.053125
1 0.27890625 0.05234375 0.1296875 0.053125
1 0.1984375 0.06015625 0.121875 0.0546875
1 0.2296875 0.0296875 0.1390625 0.05625
1 0.221875 0.01796875 0.11875 0.0359375
1 0.7328125 0.47734375 0.0609375 0.028125
1 0.778125 0.434375 0.0625 0.025
1 0.8421875 0.39453125 0.0453125 0.0203125
1 0.759375 0.39296875 0.05625 0.0296875
1 0.6625 0.41328125 0.0671875 0.034375
1 0.553125 0.33671875 0.0765625 0.0453125
1 0.6578125 0.29140625 0.0578125 0.0265625
1 0.634375 0.24921875 0.0515625 0.025
1 0.40625 0.13125 0.053125 0.046875
1 0.5484375 0.00859375 0.065625 0.0171875
1 0.71484375 0.028125 0.05 0.0265625
1 0.6828125 0.0765625 0.059375 0.03125
1 0.665625 0.10625 0.0609375 0.0296875
1 0.77421875 0.14921875 0.0390625 0.021875
1 0.840625 0.17890625 0.0390625 0.0203125
1 0.76640625 0.17578125 0.053125 0.0234375
1 0.76875 0.2953125 0.0546875 0.0265625
1 0.8453125 0.725 0.0609375 0.0296875
1 0.85859375 0.8703125 0.0671875 0.0296875
1 0.93203125 0.828125 0.0609375 0.0296875
1 0.9640625 0.678125 0.0515625 0.021875
1 0.92109375 0.6359375 0.05 0.021875
1 0.97578125 0.5859375 0.0421875 0.021875