1 0.553125 0.46171875 0.021875 0.0625
1 0.25078125 0.48984375 0.0203125 0.0203125
1 0.8453125 0.03203125 0.021875 0.0640625
1 0.9328125 0.1171875 0.021875 0.075
1 0.92265625 0.13984375 0.01875 0.0765625
1 0.8984375 0.21015625 0.0203125 0.0671875
1 0.86953125 0.25 0.021875 0.0671875
1 0.8296875 0.2375 0.0203125 0.0609375
1 0.7421875 0.209375 0.025 0.0578125
1 0.7234375 0.30625 0.015625 0.053125
1 0.6578125 0.24375 0.015625 0.053125
0 0.65859375 0.29765625 0.009375 0.01875
0 0.6375 0.6796875 0.0109375 0.01875
1 0.62109375 0.66015625 0.0140625 0.053125
1 0.57578125 0.74609375 0.015625 0.0453125
1 0.4265625 0.725 0.0171875 0.05
1 0.4046875 0.79765625 0.0125 0.0375
1 0.4453125 0.82421875 0.0125 0.04375
1 0.36015625 0.83203125 0.015625 0.0390625
1 0.384375 0.828125 0.0125 0.0375
1 0.340625 0.73359375 0.0140625 0.046875
1 0.29453125 0.83671875 0.0125 0.0375
1 0.2828125 0.83203125 0.0125 0.03125
1 0.25078125 0.76875 0.0109375 0.053125
1 0.25 0.6390625 0.0171875 0.0484375
1 0.17421875 0.73671875 0.015625 0.0453125
1 0.00703125 0.71640625 0.0140625 0.0453125
1 0.06484375 0.51328125 0.0171875 0.0265625
1 0.08515625 0.5171875 0.0171875 0.034375
0 0.696875 0.77421875 0.0140625 0.0234375
1 0.90078125 0.87578125 0.021875 0.0765625
1 0.87890625 0.7828125 0.03125 0.0890625
1 0.76796875 0.5859375 0.0328125 0.0984375
1 0.6921875 0.740625 0.025 0.0828125
1 0.7171875 0.77265625 0.01875 0.0734375
1 0.6640625 0.771875 0.0265625 0.0671875
1 0.65859375 0.76796875 0.0171875 0.0546875
1 0.7484375 0.87421875 0.0234375 0.0828125