1 0.91953125 0.3453125 0.0171875 0.059375
1 0.84453125 0.36484375 0.0140625 0.05625
1 0.86484375 0.253125 0.0109375 0.0265625
1 0.703125 0.29375 0.0109375 0.04375
1 0.6609375 0.28984375 0.0125 0.040625
1 0.60390625 0.3703125 0.0140625 0.040625
1 0.61171875 0.425 0.0171875 0.053125
1 0.56484375 0.32734375 0.0171875 0.053125
1 0.4921875 0.190625 0.00625 0.03125
1 0.53359375 0.22265625 0.0140625 0.03125
1 0.659375 0.2453125 0.0125 0.0375
1 0.69453125 0.2375 0.0109375 0.040625
0 0.84375 0.26796875 0.009375 0.01875
0 0.0921875 0.77734375 0.0046875 0.009375
1 0.4609375 0.58203125 0.0203125 0.053125
1 0.43984375 0.5078125 0.01875 0.059375
1 0.378125 0.65546875 0.01875 0.06875
1 0.353125 0.846875 0.0203125 0.065625
1 0.2625 0.959375 0.021875 0.08125
1 0.2109375 0.8 0.0171875 0.0765625
1 0.19921875 0.8 0.0234375 0.0765625
1 0.121875 0.74453125 0.028125 0.0703125
1 0.09453125 0.75546875 0.021875 0.071875
1 0.009375 0.58515625 0.01875 0.0640625
1 0.4234375 0.97109375 0.028125 0.0578125
1 0.95859375 0.5734375 0.0234375 0.059375
1 0.78125 0.540625 0.0203125 0.053125
1 0.7953125 0.51796875 0.009375 0.053125
1 0.74453125 0.47890625 0.0140625 0.0390625
1 0.69765625 0.5078125 0.0171875 0.053125
1 0.65859375 0.53515625 0.0140625 0.046875
1 0.6578125 0.5671875 0.0171875 0.0515625
1 0.6171875 0.5328125 0.0109375 0.04375
1 0.628125 0.4953125 0.0125 0.040625
1 0.60703125 0.50234375 0.0109375 0.05
1 0.61484375 0.484375 0.0109375 0.05
1 0.5921875 0.50546875 0.0109375 0.046875
1 0.58125 0.4875 0.0078125 0.053125
1 0.57578125 0.50703125 0.0078125 0.046875
1 0.57109375 0.50390625 0.0078125 0.0375
1 0.56796875 0.4953125 0.009375 0.04375
1 0.51875 0.4859375 0.0125 0.0484375
1 0.509375 0.48359375 0.009375 0.0484375
1 0.50703125 0.51484375 0.0109375 0.046875
1 0.98125 0.54765625 0.0140625 0.046875