1 0.2703125 0.10546875 0.0625 0.028125
1 0.18203125 0.12578125 0.0484375 0.0203125
1 0.221875 0.265625 0.0484375 0.021875
1 0.1890625 0.33203125 0.05 0.021875
1 0.19765625 0.3671875 0.0453125 0.021875
1 0.25078125 0.41015625 0.0546875 0.025
1 0.20859375 0.47265625 0.0484375 0.01875
1 0.2046875 0.49921875 0.0421875 0.0203125
1 0.24765625 0.51484375 0.0484375 0.0171875
1 0.21171875 0.56796875 0.040625 0.015625
1 0.13984375 0.4171875 0.040625 0.01875
1 0.13828125 0.3515625 0.040625 0.01875
1 0.1015625 0.35546875 0.025 0.0140625
1 0.10078125 0.3328125 0.0328125 0.0125
1 0.121875 0.32265625 0.040625 0.015625
1 0.08828125 0.175 0.040625 0.015625
1 0.13046875 0.07265625 0.05 0.0171875
0 0.903125 0.05078125 0.0140625 0.0078125
0 0.925 0.51328125 0.0109375 0.0078125
0 0.87890625 0.6109375 0.0109375 0.0078125
0 0.8140625 0.45625 0.0140625 0.0078125
0 0.94453125 0.39296875 0.0109375 0.0078125
0 0.8828125 0.28203125 0.0078125 0.0078125
0 0.753125 0.265625 0.00625 0.00625
1 0.815625 0.09140625 0.0515625 0.025
1 0.86015625 0.1515625 0.0625 0.0234375
0 0.46953125 0.97265625 0.0078125 0.00625
0 0.53046875 0.96640625 0.0078125 0.0046875
0 0.55390625 0.8796875 0.009375 0.0046875
0 0.51953125 0.721875 0.00625 0.0046875
0 0.41875 0.703125 0.009375 0.0046875
0 0.35859375 0.7421875 0.0078125 0.0046875
0 0.38046875 0.8234375 0.009375 0.0046875
1 0.54140625 0.82890625 0.0484375 0.0171875
1 0.53203125 0.815625 0.0515625 0.0171875
1 0.446875 0.828125 0.0453125 0.0171875
1 0.440625 0.8578125 0.0421875 0.015625
1 0.45546875 0.8765625 0.0421875 0.015625
1 0.4140625 0.88125 0.0359375 0.0125
1 0.38515625 0.846875 0.0265625 0.009375
1 0.37109375 0.85078125 0.025 0.0078125
1 0.3265625 0.79140625 0.025 0.009375
1 0.37109375 0.6828125 0.034375 0.0125
1 0.32421875 0.68203125 0.028125 0.0109375
1 0.3140625 0.671875 0.03125 0.00625
1 0.87890625 0.7953125 0.0578125 0.021875
1 0.83515625 0.83046875 0.059375 0.0203125
1 0.8078125 0.8078125 0.0328125 0.0171875
1 0.81875 0.85625 0.0578125 0.021875
1 0.93203125 0.859375 0.0546875 0.021875
1 0.96953125 0.90390625 0.05625 0.01875
1 0.803125 0.98203125 0.0421875 0.015625