1 0.17421875 0.26875 0.08125 0.0296875
1 0.17265625 0.28046875 0.08125 0.028125
1 0.27421875 0.1984375 0.0671875 0.028125
1 0.3265625 0.1015625 0.05625 0.0234375
1 0.4234375 0.04375 0.04375 0.01875
1 0.4 0.2609375 0.0546875 0.025
1 0.43984375 0.2703125 0.0515625 0.025
1 0.3203125 0.559375 0.0765625 0.0359375
1 0.31015625 0.57265625 0.0640625 0.0140625
1 0.3921875 0.571875 0.065625 0.015625
1 0.39921875 0.54140625 0.0640625 0.028125
1 0.41875 0.49765625 0.05625 0.0234375
1 0.428125 0.459375 0.0609375 0.0265625
1 0.47421875 0.4734375 0.0515625 0.0234375
1 0.465625 0.5 0.0578125 0.025
1 0.46640625 0.50859375 0.0625 0.0234375
1 0.4328125 0.55859375 0.06875 0.025
1 0.6125 0.00390625 0.08125 0.0078125
1 0.81484375 0.3078125 0.0546875 0.0234375
1 0.93125 0.2921875 0.04375 0.01875
1 0.9171875 0.3453125 0.0515625 0.021875
1 0.9859375 0.40078125 0.028125 0.0140625
1 0.8875 0.53203125 0.05 0.0296875
1 0.90390625 0.53671875 0.053125 0.021875
1 0.92890625 0.521875 0.0453125 0.0203125
1 0.91328125 0.565625 0.0546875 0.025
1 0.9234375 0.5578125 0.05625 0.0203125
1 0.92109375 0.571875 0.0515625 0.015625
1 0.9203125 0.57578125 0.059375 0.0078125
0 0.28671875 0.6046875 0.0140625 0.0078125
0 0.43515625 0.66640625 0.0140625 0.009375
0 0.3390625 0.73203125 0.0203125 0.0140625
0 0.49140625 0.73046875 0.0109375 0.009375
0 0.3734375 0.865625 0.0171875 0.0109375
1 0.05703125 0.75703125 0.1140625 0.0578125
1 0.415625 0.821875 0.0765625 0.0328125
1 0.5046875 0.82734375 0.028125 0.0328125
1 0.4921875 0.6125 0.053125 0.028125
1 0.490625 0.85546875 0.05625 0.0328125
1 0.5125 0.6359375 0.0125 0.025
1 0.609375 0.95546875 0.0484375 0.0234375
1 0.753125 0.87265625 0.059375 0.0234375
1 0.759375 0.61640625 0.046875 0.0234375
1 0.6109375 0.6640625 0.0578125 0.025
1 0.66796875 0.97734375 0.0640625 0.025
0 0.73125 0.73203125 0.0171875 0.0125
0 0.56171875 0.77890625 0.0140625 0.0109375
0 0.65625 0.7609375 0.0203125 0.0140625
0 0.8546875 0.82109375 0.0171875 0.009375
0 0.79453125 0.86796875 0.0203125 0.0125
0 0.9109375 0.965625 0.0140625 0.0109375