1 0.15625 0.3453125 0.0671875 0.0234375
1 0.24296875 0.278125 0.05625 0.01875
1 0.28203125 0.1390625 0.0609375 0.025
1 0.35546875 0.265625 0.04375 0.015625
1 0.53515625 0.346875 0.0703125 0.025
1 0.6625 0.33515625 0.0671875 0.0296875
1 0.69140625 0.35625 0.0546875 0.00625
1 0.61015625 0.0953125 0.0671875 0.01875
1 0.6296875 0.02734375 0.0671875 0.0296875
1 0.11875 0.86875 0.0828125 0.0328125
1 0.28828125 0.8640625 0.0609375 0.025
1 0.4 0.790625 0.0515625 0.0203125
1 0.05078125 0.709375 0.096875 0.0328125
1 0.146875 0.6125 0.0703125 0.0296875
1 0.23046875 0.6390625 0.0703125 0.0296875
1 0.2984375 0.6828125 0.0640625 0.0265625
1 0.38359375 0.590625 0.0515625 0.021875
1 0.284375 0.596875 0.0515625 0.021875
1 0.35859375 0.5265625 0.0609375 0.025
1 0.3390625 0.5125 0.0453125 0.0234375
1 0.24765625 0.45078125 0.0671875 0.025
1 0.23203125 0.45859375 0.0671875 0.0265625
1 0.0640625 0.36484375 0.09375 0.0109375
1 0.44296875 0.38125 0.0453125 0.0203125
1 0.453125 0.44296875 0.03125 0.0234375
0 0.0984375 0.85 0.028125 0.0203125
0 0.93359375 0.64375 0.0140625 0.0078125
1 0.53671875 0.784375 0.0640625 0.0234375
1 0.56640625 0.83125 0.0546875 0.0203125
1 0.64140625 0.8265625 0.0515625 0.0203125
1 0.68125 0.78984375 0.0359375 0.01875
1 0.690625 0.83046875 0.0359375 0.015625
1 0.71875 0.80703125 0.0359375 0.015625
1 0.72109375 0.79296875 0.0359375 0.0171875
1 0.69375 0.675 0.040625 0.015625
1 0.73671875 0.64921875 0.0359375 0.015625
1 0.76640625 0.6234375 0.0328125 0.0140625
1 0.77578125 0.57890625 0.03125 0.0109375
1 0.66171875 0.54765625 0.0484375 0.0171875
1 0.73359375 0.5890625 0.040625 0.015625
1 0.71015625 0.4890625 0.0484375 0.0171875
1 0.50703125 0.43203125 0.0703125 0.0265625
1 0.7296875 0.4015625 0.0453125 0.01875
1 0.775 0.384375 0.0453125 0.0171875
1 0.77734375 0.4140625 0.0375 0.015625