1 0.121875 0.01484375 0.025 0.0296875
1 0.2984375 0.1546875 0.0109375 0.08125
1 0.309375 0.15078125 0.009375 0.08125
1 0.25390625 0.26875 0.0125 0.065625
1 0.17265625 0.34296875 0.009375 0.05625
1 0.02890625 0.35703125 0.015625 0.059375
1 0.3453125 0.37421875 0.0125 0.0515625
1 0.3640625 0.39375 0.0125 0.0125
1 0.98671875 0.01484375 0.0171875 0.0296875
1 0.7953125 0.17421875 0.0125 0.05625
1 0.6203125 0.165625 0.0109375 0.0640625
1 0.4875 0.225 0.0125 0.05
1 0.4734375 0.2609375 0.0125 0.046875
1 0.32578125 0.725 0.009375 0.053125
1 0.228125 0.690625 0.009375 0.05
1 0.16015625 0.71328125 0.009375 0.0484375
1 0.1390625 0.76484375 0.009375 0.053125
1 0.03203125 0.71796875 0.009375 0.0484375
1 0.0015625 0.659375 0.003125 0.053125
1 0.06015625 0.6328125 0.009375 0.053125
1 0.06640625 0.64453125 0.0125 0.046875
1 0.08984375 0.65 0.0125 0.05
1 0.1125 0.59765625 0.0109375 0.0546875
1 0.471875 0.9546875 0.0125 0.05
1 0.55859375 0.853125 0.0125 0.06875
1 0.6546875 0.89453125 0.01875 0.0609375
1 0.7484375 0.67578125 0.0125 0.08125
1 0.93671875 0.69921875 0.0125 0.0875
1 0.94296875 0.965625 0.015625 0.0640625
1 0.78515625 0.94453125 0.0140625 0.0640625
1 0.653125 0.9828125 0.0125 0.034375
1 0.6640625 0.99453125 0.009375 0.0109375