1 0.07109375 0.21953125 0.021875 0.0734375
1 0.1 0.0890625 0.015625 0.05
1 0.14453125 0.0546875 0.0140625 0.0625
1 0.21484375 0.01015625 0.0109375 0.0203125
1 0.23515625 0.04609375 0.0109375 0.04375
1 0.28515625 0.025 0.0125 0.0375
1 0.328125 0.1625 0.015625 0.05625
1 0.3796875 0.07265625 0.0109375 0.04375
1 0.375 0.025 0.0125 0.05
1 0.40859375 0.02421875 0.0109375 0.0390625
1 0.4359375 0.01953125 0.0125 0.0390625
1 0.471875 0.0765625 0.015625 0.0484375
1 0.46328125 0.13828125 0.015625 0.05625
1 0.46171875 0.16484375 0.01875 0.0515625
1 0.55703125 0.371875 0.009375 0.03125
1 0.58046875 0.3921875 0.0078125 0.025
1 0.59453125 0.38828125 0.009375 0.0296875
1 0.6578125 0.41640625 0.0109375 0.0296875
1 0.67265625 0.39140625 0.0078125 0.025
1 0.6703125 0.40234375 0.00625 0.021875
1 0.69375 0.41328125 0.0078125 0.034375
1 0.8015625 0.42734375 0.009375 0.03125
1 0.8 0.41875 0.00625 0.028125
1 0.80234375 0.3984375 0.0109375 0.028125
1 0.8359375 0.40390625 0.0078125 0.028125
1 0.84375 0.38828125 0.0078125 0.0265625
1 0.85390625 0.40078125 0.009375 0.028125
1 0.84375 0.41171875 0.0078125 0.028125
1 0.846875 0.41953125 0.0109375 0.0328125
1 0.9375 0.40859375 0.0109375 0.025
1 0.95234375 0.44375 0.0109375 0.0125
1 0.6328125 0.39296875 0.0078125 0.028125
1 0.2953125 0.4734375 0.01875 0.046875
1 0.1796875 0.47265625 0.025 0.0453125
1 0.13125 0.63203125 0.028125 0.0703125
1 0.1046875 0.60390625 0.0203125 0.08125
1 0.40390625 0.6140625 0.021875 0.0859375
1 0.5046875 0.68203125 0.0203125 0.0921875
1 0.240625 0.8890625 0.0328125 0.1046875
1 0.54453125 0.4890625 0.0109375 0.05625
0 0.2921875 0.63671875 0.0140625 0.040625
1 0.73671875 0.69453125 0.021875 0.0765625
1 0.72734375 0.58125 0.0171875 0.0515625
1 0.79765625 0.60703125 0.01875 0.06875
1 0.79921875 0.67109375 0.0125 0.0640625
1 0.921875 0.50625 0.0171875 0.040625
1 0.97421875 0.5375 0.0140625 0.0375
1 0.9765625 0.58359375 0.0171875 0.059375
0 0.7203125 0.71953125 0.0171875 0.021875