1 0.1171875 0.03984375 0.025 0.0609375
1 0.153125 0.14609375 0.025 0.0578125
1 0.1625 0.1578125 0.03125 0.06875
1 0.0828125 0.21484375 0.0484375 0.0890625
1 0.21875 0.07109375 0.028125 0.0640625
1 0.19375 0.01484375 0.025 0.0296875
1 0.38046875 0.3765625 0.0390625 0.084375
1 0.39921875 0.27421875 0.0328125 0.0734375
1 0.43125 0.09375 0.0234375 0.071875
1 0.52890625 0.13359375 0.028125 0.0609375
1 0.5203125 0.0359375 0.0296875 0.059375
1 0.66171875 0.03984375 0.0296875 0.05
1 0.68828125 0.146875 0.0296875 0.0640625
1 0.80703125 0.1859375 0.0296875 0.0671875
1 0.88984375 0.3234375 0.0375 0.078125
1 0.91015625 0.2 0.0328125 0.05
1 0.909375 0.0453125 0.021875 0.0484375
1 0.96796875 0.16015625 0.028125 0.053125
1 0.9859375 0.20859375 0.028125 0.0609375
1 0.646875 0.36640625 0.034375 0.065625
1 0.3015625 0.75546875 0.0203125 0.0421875
1 0.32421875 0.7953125 0.021875 0.0515625
1 0.31640625 0.71328125 0.015625 0.0375
1 0.309375 0.70703125 0.0171875 0.0421875
1 0.20234375 0.70078125 0.0171875 0.0421875
1 0.2109375 0.80390625 0.0203125 0.05625
1 0.234375 0.85703125 0.025 0.0609375
1 0.15625 0.76171875 0.01875 0.0484375
1 0.53984375 0.58984375 0.0296875 0.0703125
1 0.5671875 0.54140625 0.0296875 0.059375
1 0.61015625 0.646875 0.0265625 0.0671875
1 0.68828125 0.55546875 0.0203125 0.0546875
1 0.66484375 0.51875 0.021875 0.05
1 0.871875 0.54296875 0.01875 0.0453125
1 0.9 0.52265625 0.0171875 0.0375
1 0.88671875 0.58515625 0.0234375 0.0453125
1 0.87890625 0.634375 0.0203125 0.0546875
1 0.85859375 0.7328125 0.028125 0.078125
1 0.96796875 0.63671875 0.021875 0.05
1 0.975 0.659375 0.0203125 0.0546875
1 0.996875 0.64765625 0.00625 0.0546875
1 0.80234375 0.6375 0.0203125 0.0546875
1 0.76875 0.596875 0.0265625 0.065625
1 0.3609375 0.49375 0.025 0.028125
0 0.8546875 0.51640625 0.0046875 0.009375