0 0.32109375 0.27109375 0.021875 0.0125
1 0.06640625 0.7765625 0.0734375 0.021875
1 0.1984375 0.7609375 0.05 0.015625
1 0.2375 0.7203125 0.0625 0.0140625
1 0.2953125 0.65546875 0.03125 0.0109375
1 0.25546875 0.63125 0.04375 0.0109375
1 0.28203125 0.58359375 0.0375 0.0125
1 0.15 0.5265625 0.05625 0.015625
1 0.24453125 0.484375 0.04375 0.0109375
1 0.2921875 0.49453125 0.0515625 0.0125
1 0.29609375 0.4609375 0.0390625 0.0109375
1 0.3046875 0.43359375 0.040625 0.0125
1 0.25 0.3921875 0.0484375 0.015625
1 0.18828125 0.39453125 0.05625 0.015625
1 0.16171875 0.39296875 0.0515625 0.01875
1 0.20078125 0.24765625 0.059375 0.015625
1 0.10703125 0.18515625 0.05625 0.0171875
1 0.0984375 0.1734375 0.0671875 0.021875
1 0.0328125 0.23515625 0.065625 0.0359375
1 0.196875 0.14140625 0.0625 0.01875
1 0.26015625 0.184375 0.0609375 0.015625
0 0.55546875 0.03203125 0.009375 0.00625
0 0.46171875 0.26796875 0.0046875 0.00625
0 0.58125 0.2046875 0.009375 0.0046875
0 0.47109375 0.37421875 0.00625 0.003125
0 0.5671875 0.378125 0.009375 0.0046875
0 0.64453125 0.31953125 0.009375 0.00625
0 0.61953125 0.28046875 0.00625 0.003125
0 0.74140625 0.28828125 0.0078125 0.0046875
0 0.66015625 0.5421875 0.00625 0.003125
1 0.48125 0.11484375 0.05 0.0140625
1 0.73046875 0.13671875 0.03125 0.0109375
1 0.65390625 0.140625 0.040625 0.0109375
1 0.70234375 0.17890625 0.0390625 0.009375
1 0.7125 0.190625 0.034375 0.0078125
1 0.640625 0.27265625 0.040625 0.0109375
1 0.678125 0.303125 0.040625 0.0125
1 0.76328125 0.3390625 0.03125 0.00625
1 0.63515625 0.3578125 0.0453125 0.0125
1 0.6671875 0.378125 0.0375 0.0109375
1 0.7109375 0.390625 0.0265625 0.009375
1 0.709375 0.4421875 0.03125 0.0109375
1 0.69375 0.5109375 0.03125 0.0109375
1 0.62265625 0.43203125 0.040625 0.0171875
1 0.55859375 0.471875 0.040625 0.0140625
1 0.47578125 0.50234375 0.05625 0.01875
1 0.58828125 0.51484375 0.04375 0.0125
1 0.49453125 0.55859375 0.0515625 0.0140625
1 0.6140625 0.6390625 0.04375 0.009375
1 0.54609375 0.653125 0.046875 0.015625
1 0.2265625 0.925 0.08125 0.03125
1 0.40703125 0.8484375 0.0453125 0.021875
0 0.40078125 0.79140625 0.0234375 0.0046875
1 0.528125 0.8 0.05625 0.015625
1 0.67734375 0.8546875 0.05 0.015625
1 0.65859375 0.91015625 0.053125 0.015625
1 0.646875 0.96796875 0.046875 0.0140625
1 0.7625 0.98125 0.040625 0.0140625