1 0.346875 0.62890625 0.0671875 0.01875
1 0.27109375 0.5703125 0.0703125 0.0203125
1 0.37890625 0.28125 0.0203125 0.021875
1 0.30625 0.31796875 0.0671875 0.0203125
1 0.21171875 0.0625 0.0671875 0.025
1 0.63515625 0.5640625 0.0890625 0.0390625
1 0.85859375 0.57109375 0.071875 0.0234375
1 0.88984375 0.5671875 0.0734375 0.0203125
1 0.94140625 0.55703125 0.0703125 0.0234375
1 0.97265625 0.4828125 0.0546875 0.025
1 0.98671875 0.48984375 0.0265625 0.0203125
1 0.98046875 0.44765625 0.0390625 0.0234375
1 0.90078125 0.421875 0.075 0.025
1 0.9171875 0.38515625 0.0734375 0.0296875
1 0.9734375 0.3859375 0.053125 0.01875
1 0.96953125 0.34140625 0.0609375 0.0171875
1 0.99375 0.22265625 0.0125 0.0234375
1 0.86875 0.1640625 0.0765625 0.0265625
1 0.88671875 0.0359375 0.0609375 0.0203125
1 0.7203125 0.1109375 0.0953125 0.0265625
0 0.88046875 0.4390625 0.0171875 0.0109375
1 0.165625 0.85 0.046875 0.015625
1 0.1796875 0.753125 0.0515625 0.0140625
1 0.18359375 0.74296875 0.0421875 0.0171875
1 0.2203125 0.76640625 0.05 0.0125
1 0.22421875 0.696875 0.046875 0.015625
1 0.20859375 0.6796875 0.040625 0.0125
0 0.98359375 0.8078125 0.00625 0.00625
1 0.93203125 0.77890625 0.0484375 0.0140625
1 0.98984375 0.80703125 0.0203125 0.0140625
1 0.96640625 0.9203125 0.046875 0.0125
1 0.72890625 0.9328125 0.065625 0.0171875