0 0.15 0.15859375 0.0109375 0.0046875
1 0.24453125 0.04296875 0.0546875 0.0234375
1 0.1625 0.04140625 0.0484375 0.015625
1 0.128125 0.06015625 0.05 0.0171875
1 0.12734375 0.1328125 0.040625 0.0140625
1 0.12265625 0.14140625 0.0296875 0.0125
1 0.16796875 0.13046875 0.04375 0.0140625
1 0.21015625 0.19296875 0.0546875 0.0203125
1 0.13828125 0.21328125 0.0453125 0.015625
1 0.2046875 0.40390625 0.0546875 0.0171875
1 0.6015625 0.296875 0.0640625 0.021875
1 0.55078125 0.46640625 0.0515625 0.0046875
1 0.53359375 0.4171875 0.0609375 0.021875
1 0.47734375 0.340625 0.0609375 0.021875
1 0.44140625 0.15859375 0.0453125 0.015625
1 0.496875 0.115625 0.05 0.0140625
1 0.415625 0.13828125 0.0421875 0.0171875
1 0.4703125 0.00546875 0.053125 0.0109375
1 0.390625 0.01171875 0.04375 0.0140625
0 0.46875 0.50625 0.01875 0.009375
1 0.515625 0.5828125 0.078125 0.0171875
1 0.44921875 0.49921875 0.0671875 0.021875
1 0.41875 0.61875 0.0578125 0.0203125
1 0.3515625 0.60625 0.0609375 0.01875
1 0.38359375 0.7125 0.0609375 0.01875
1 0.4171875 0.7234375 0.0359375 0.0171875
1 0.3265625 0.71796875 0.0421875 0.0171875
1 0.4234375 0.80859375 0.053125 0.015625
1 0.44296875 0.84296875 0.0734375 0.0234375
1 0.3890625 0.865625 0.0484375 0.0203125
1 0.34375 0.8921875 0.053125 0.015625
1 0.33828125 0.9234375 0.0421875 0.0171875
1 0.3296875 0.9953125 0.04375 0.009375
1 0.4046875 0.9609375 0.0640625 0.021875