0 0.2203125 0.1828125 0.0109375 0.0046875
1 0.24453125 0.50859375 0.0546875 0.0203125
1 0.215625 0.47421875 0.0625 0.0265625
1 0.18046875 0.409375 0.0484375 0.025
1 0.13828125 0.3078125 0.05625 0.0296875
1 0.05390625 0.35546875 0.0671875 0.0296875
1 0.21953125 0.30078125 0.0484375 0.0203125
1 0.2515625 0.27890625 0.05 0.021875
1 0.2453125 0.20625 0.0421875 0.0171875
1 0.24921875 0.196875 0.0296875 0.015625
1 0.20546875 0.2125 0.0453125 0.01875
1 0.15703125 0.1546875 0.0546875 0.025
1 0.22578125 0.12734375 0.0453125 0.0203125
1 0.02890625 0.0109375 0.0578125 0.021875
0 0.69765625 0.42734375 0.0078125 0.0046875
1 0.73984375 0.290625 0.0265625 0.0109375
1 0.7484375 0.29765625 0.028125 0.0125
1 0.7390625 0.3125 0.0265625 0.0109375
1 0.74375 0.31796875 0.0296875 0.0109375
1 0.740625 0.3265625 0.021875 0.0078125
1 0.74921875 0.33046875 0.025 0.0109375
1 0.73828125 0.33203125 0.021875 0.0078125
1 0.7234375 0.33671875 0.028125 0.0125
1 0.734375 0.33828125 0.028125 0.009375
1 0.73984375 0.34375 0.021875 0.009375
1 0.746875 0.3484375 0.0265625 0.0109375
1 0.7796875 0.47890625 0.025 0.009375
1 0.7328125 0.5125 0.025 0.009375
1 0.7625 0.5015625 0.0234375 0.009375
1 0.77265625 0.49453125 0.0234375 0.009375
1 0.78203125 0.490625 0.021875 0.0078125
1 0.7859375 0.48671875 0.025 0.0078125
1 0.79296875 0.49453125 0.0234375 0.0078125
1 0.79140625 0.5015625 0.025 0.0109375
1 0.778125 0.50859375 0.028125 0.0125
1 0.60703125 0.5921875 0.0734375 0.0296875
1 0.63984375 0.6765625 0.06875 0.03125
1 0.74453125 0.59765625 0.0515625 0.021875
1 0.7375 0.56875 0.0640625 0.0265625
1 0.79921875 0.5390625 0.0546875 0.01875
1 0.83984375 0.62265625 0.0421875 0.0171875
1 0.8578125 0.7125 0.0453125 0.025
1 0.825 0.725 0.0421875 0.01875
1 0.7921875 0.7640625 0.0578125 0.0234375
1 0.8484375 0.79375 0.0484375 0.021875
1 0.86015625 0.78984375 0.0484375 0.025
1 0.825 0.8375 0.059375 0.021875
1 0.8703125 0.928125 0.053125 0.01875
1 0.8546875 0.95390625 0.0234375 0.0171875
1 0.85234375 0.96328125 0.053125 0.0171875
1 0.86484375 0.978125 0.0421875 0.0171875
1 0.85859375 0.97265625 0.0359375 0.0140625
1 0.83125 0.9796875 0.0390625 0.015625