1 0.02421875 0.2234375 0.0328125 0.06875
1 0.0078125 0.015625 0.015625 0.03125
1 0.05234375 0.08125 0.0203125 0.0484375
1 0.05390625 0.0703125 0.021875 0.046875
1 0.08203125 0.10234375 0.0234375 0.0546875
1 0.13828125 0.11171875 0.021875 0.0578125
1 0.1765625 0.1734375 0.021875 0.0578125
1 0.28125 0.259375 0.0203125 0.0671875
1 0.265625 0.28046875 0.021875 0.0625
1 0.25390625 0.27109375 0.025 0.0609375
1 0.2203125 0.37734375 0.0296875 0.0765625
1 0.1421875 0.365625 0.0296875 0.0734375
1 0.3171875 0.309375 0.0234375 0.0703125
1 0.3078125 0.39140625 0.0234375 0.0734375
1 0.3453125 0.36171875 0.0234375 0.0734375
1 0.365625 0.31015625 0.00625 0.0703125
0 0.715625 0.29921875 0.0078125 0.0234375
1 0.934375 0.39921875 0.025 0.0671875
1 0.8015625 0.3640625 0.01875 0.059375
1 0.98203125 0.28984375 0.015625 0.0421875
1 0.98125 0.27734375 0.015625 0.040625
1 0.94296875 0.253125 0.01875 0.0484375
1 0.8890625 0.25546875 0.015625 0.040625
1 0.871875 0.25625 0.015625 0.0453125
1 0.85703125 0.23828125 0.015625 0.0453125
1 0.8609375 0.28515625 0.021875 0.059375
1 0.8828125 0.2015625 0.015625 0.040625
1 0.790625 0.2046875 0.0125 0.0453125
1 0.63203125 0.18203125 0.0125 0.040625
1 0.55390625 0.2359375 0.0125 0.04375
1 0.55234375 0.22734375 0.0125 0.04375
1 0.57578125 0.22890625 0.015625 0.0390625
1 0.57265625 0.221875 0.0140625 0.053125
1 0.57890625 0.21875 0.0125 0.04375
1 0.609375 0.2359375 0.015625 0.0453125
1 0.61171875 0.246875 0.0140625 0.046875
1 0.5171875 0.3921875 0.0265625 0.0734375
1 0.10859375 0.86953125 0.0328125 0.078125
1 0.103125 0.91015625 0.0328125 0.096875
1 0.1265625 0.9078125 0.0328125 0.0890625
1 0.14609375 0.90703125 0.034375 0.096875
1 0.18515625 0.9375 0.034375 0.1046875
1 0.20546875 0.86953125 0.0265625 0.090625
1 0.3078125 0.8765625 0.0390625 0.09375
1 0.0546875 0.8953125 0.0359375 0.1109375
1 0.01015625 0.93515625 0.0203125 0.1078125
1 0.125 0.86875 0.0234375 0.0890625
1 0.44296875 0.97265625 0.0296875 0.0546875
1 0.8953125 0.915625 0.0234375 0.0546875
1 0.9609375 0.98046875 0.028125 0.0390625
1 0.8625 0.928125 0.025 0.0609375
1 0.965625 0.72734375 0.0203125 0.0515625
1 0.525 0.9609375 0.0296875 0.06875
1 0.84921875 0.83984375 0.025 0.0578125
1 0.53828125 0.7828125 0.03125 0.05
1 0.8515625 0.990625 0.028125 0.01875
0 0.5578125 0.8046875 0.0078125 0.0140625