1 0.065625 0.0921875 0.0765625 0.0296875
1 0.05546875 0.0140625 0.0734375 0.028125
1 0.015625 0.1875 0.03125 0.021875
1 0.07734375 0.1796875 0.0734375 0.021875
1 0.04765625 0.2171875 0.0734375 0.021875
1 0.01484375 0.24375 0.0296875 0.021875
1 0.8578125 0.3671875 0.084375 0.0359375
1 0.71875 0.375 0.0640625 0.0265625
1 0.4546875 0.35859375 0.0515625 0.0171875
1 0.4828125 0.4 0.0484375 0.01875
1 0.49140625 0.39140625 0.046875 0.0203125
1 0.51640625 0.38359375 0.046875 0.0203125
1 0.53125 0.3875 0.0578125 0.0203125
1 0.41015625 0.25 0.0546875 0.0171875
1 0.3171875 0.25234375 0.0421875 0.0171875
1 0.4203125 0.165625 0.04375 0.0125
1 0.59140625 0.140625 0.0640625 0.0203125
1 0.471875 0.22734375 0.0578125 0.0234375
0 0.44140625 0.18203125 0.0234375 0.01875
1 0.1796875 0.44296875 0.0671875 0.021875
1 0.08359375 0.5140625 0.0546875 0.0171875
1 0.0484375 0.48828125 0.05 0.01875
1 0.0578125 0.69609375 0.0453125 0.015625
1 0.03515625 0.72265625 0.0375 0.0140625
1 0.09921875 0.71328125 0.0453125 0.0203125
1 0.14921875 0.709375 0.0546875 0.0171875
1 0.23359375 0.69609375 0.0515625 0.0234375
1 0.14453125 0.7984375 0.05 0.01875
1 0.16640625 0.80703125 0.0546875 0.0171875
1 0.15390625 0.83671875 0.0546875 0.0203125
1 0.1703125 0.86796875 0.0578125 0.0203125
1 0.10546875 0.86484375 0.0484375 0.01875
1 0.16484375 0.9390625 0.0578125 0.01875
1 0.17734375 0.95390625 0.0609375 0.01875
1 0.2234375 0.9359375 0.0671875 0.025
1 0.15703125 0.63359375 0.0546875 0.0171875
1 0.11875 0.596875 0.065625 0.0234375
0 0.03203125 0.67734375 0.009375 0.0046875
1 0.69375 0.92421875 0.0703125 0.025
1 0.56640625 0.9953125 0.0484375 0.009375
1 0.553125 0.95546875 0.0484375 0.015625
1 0.49375 0.89609375 0.0421875 0.0171875
1 0.4921875 0.87578125 0.046875 0.015625
1 0.50859375 0.76328125 0.040625 0.0171875
1 0.52734375 0.740625 0.0484375 0.015625
1 0.47734375 0.759375 0.0359375 0.01875
1 0.55078125 0.57109375 0.059375 0.0171875
1 0.5390625 0.54296875 0.0515625 0.0203125
1 0.49609375 0.58359375 0.0515625 0.01875
1 0.4671875 0.71015625 0.0359375 0.015625
1 0.45703125 0.69609375 0.0421875 0.015625
1 0.45625 0.725 0.0390625 0.0171875
1 0.45 0.7328125 0.0328125 0.0140625
1 0.45078125 0.74453125 0.0328125 0.0140625
1 0.4828125 0.73203125 0.0375 0.0140625
1 0.475 0.45390625 0.0515625 0.015625