1 0.34453125 0.0125 0.0703125 0.025
1 0.33984375 0.06171875 0.06875 0.0359375
1 0.196875 0.03984375 0.0484375 0.021875
1 0.18515625 0.0375 0.046875 0.0234375
1 0.20625 0.075 0.0546875 0.025
1 0.19609375 0.13046875 0.0578125 0.0234375
1 0.240625 0.18828125 0.0578125 0.0234375
1 0.2859375 0.315625 0.0671875 0.0234375
1 0.3109375 0.30859375 0.0625 0.0234375
1 0.30625 0.29375 0.0609375 0.0265625
1 0.4171875 0.2984375 0.0765625 0.0328125
1 0.4328125 0.221875 0.0734375 0.0328125
1 0.3203125 0.36640625 0.0703125 0.025
1 0.4 0.38515625 0.0734375 0.0265625
1 0.359375 0.4109375 0.0734375 0.0265625
1 0.3015625 0.4203125 0.0703125 0.025
1 0.50546875 0.4125 0.0109375 0.01875
1 0.51640625 0.35859375 0.0328125 0.0296875
1 0.5203125 0.365625 0.040625 0.021875
1 0.52421875 0.340625 0.0484375 0.01875
1 0.51640625 0.334375 0.0328125 0.021875
1 0.5078125 0.28203125 0.015625 0.0203125
1 0.57734375 0.05390625 0.0578125 0.0265625
0 0.33359375 0.78125 0.0171875 0.009375
0 0.2109375 0.78359375 0.015625 0.0125
0 0.2546875 0.6234375 0.0234375 0.0109375
0 0.3140625 0.54921875 0.0203125 0.015625
0 0.48671875 0.61171875 0.0203125 0.0125
0 0.17890625 0.5390625 0.0171875 0.009375
1 0.14296875 0.5328125 0.0765625 0.00625
1 0.2453125 0.8828125 0.08125 0.034375
1 0.20546875 0.86953125 0.0859375 0.034375
1 0.27890625 0.98046875 0.1109375 0.0390625
1 0.3359375 0.9453125 0.1078125 0.0421875
1 0.32578125 0.871875 0.1109375 0.0421875
1 0.33828125 0.64453125 0.096875 0.0359375
1 0.4203125 0.54609375 0.1125 0.0328125
1 0.1640625 0.67421875 0.08125 0.0296875
1 0.5640625 0.78828125 0.071875 0.0375
1 0.528125 0.71953125 0.05625 0.0296875
1 0.56015625 0.55703125 0.0609375 0.0265625
1 0.515625 0.5484375 0.03125 0.03125