0 0.4609375 0.2625 0.0125 0.0171875
1 0.55 0.415625 0.021875 0.028125
1 0.55390625 0.35625 0.0234375 0.0484375
1 0.44375 0.125 0.040625 0.078125
1 0.4515625 0.30390625 0.025 0.0609375
1 0.3453125 0.41484375 0.025 0.0296875
1 0.10078125 0.42109375 0.0234375 0.0171875
1 0.92734375 0.1859375 0.0359375 0.0828125
1 0.90078125 0.109375 0.0375 0.078125
1 0.77265625 0.10859375 0.0328125 0.0796875
1 0.83984375 0.16171875 0.040625 0.0984375
1 0.77734375 0.1828125 0.034375 0.0921875
1 0.76171875 0.1875 0.03125 0.078125
1 0.7375 0.22890625 0.034375 0.0796875
1 0.72734375 0.275 0.0359375 0.0828125
1 0.70703125 0.26875 0.034375 0.08125
1 0.67578125 0.20390625 0.0328125 0.0828125
1 0.63125 0.2375 0.028125 0.0734375
1 0.01328125 0.7953125 0.0265625 0.0625
1 0.1015625 0.9890625 0.01875 0.021875
1 0.12890625 0.92734375 0.01875 0.0390625
1 0.07109375 0.96328125 0.0203125 0.0484375
1 0.109375 0.85078125 0.0234375 0.0515625
1 0.03359375 0.9015625 0.0203125 0.05
1 0.165625 0.79765625 0.0234375 0.0484375
1 0.2890625 0.63671875 0.0296875 0.0484375
1 0.33828125 0.85703125 0.021875 0.0578125
1 0.315625 0.959375 0.01875 0.0390625
1 0.578125 0.846875 0.0234375 0.046875
0 0.30859375 0.8390625 0.009375 0.021875
1 0.25 0.92265625 0.01875 0.0546875
1 0.1984375 0.93515625 0.0234375 0.0453125
0 0.9625 0.553125 0.00625 0.0125
0 0.88125 0.6546875 0.0078125 0.0109375
0 0.9609375 0.784375 0.0046875 0.009375
0 0.9234375 0.9765625 0.0046875 0.0125
0 0.88671875 0.9 0.00625 0.009375
0 0.7875 0.584375 0.0078125 0.0109375
0 0.61953125 0.91328125 0.00625 0.009375
0 0.7296875 0.78828125 0.0078125 0.0140625
1 0.6375 0.678125 0.0375 0.096875
1 0.61640625 0.83359375 0.0140625 0.0859375
1 0.72265625 0.93671875 0.0234375 0.059375
1 0.70390625 0.9578125 0.0234375 0.0640625
1 0.76796875 0.97265625 0.0234375 0.0546875
1 0.80625 0.99453125 0.01875 0.0109375
1 0.86953125 0.940625 0.0203125 0.0515625
1 0.9734375 0.96640625 0.01875 0.053125
1 0.98359375 0.96953125 0.0171875 0.0359375