0 0.37265625 0.33984375 0.0171875 0.0125
1 0.46171875 0.43671875 0.0484375 0.025
1 0.23671875 0.315625 0.0796875 0.04375
1 0.415625 0.3328125 0.0609375 0.028125
1 0.5734375 0.44375 0.084375 0.0421875
1 0.7109375 0.4640625 0.065625 0.0328125
1 0.975 0.4703125 0.05 0.021875
1 0.9109375 0.48359375 0.046875 0.0109375
1 0.89609375 0.484375 0.0578125 0.009375
1 0.85859375 0.24140625 0.0640625 0.0265625
1 0.9703125 0.3375 0.0578125 0.028125
0 0.9953125 0.29609375 0.009375 0.0203125
1 0.3015625 0.5484375 0.0515625 0.021875
1 0.27578125 0.5515625 0.0484375 0.025
1 0.18046875 0.55703125 0.0546875 0.025
1 0.2109375 0.690625 0.0484375 0.0234375
1 0.23984375 0.7125 0.0453125 0.01875
1 0.34453125 0.7296875 0.040625 0.0171875
1 0.434375 0.73046875 0.040625 0.0171875
1 0.45390625 0.72578125 0.0421875 0.01875
1 0.35859375 0.66640625 0.053125 0.021875
1 0.3109375 0.884375 0.040625 0.0171875
1 0.24140625 0.86875 0.046875 0.01875
1 0.25625 0.934375 0.046875 0.021875
1 0.16484375 0.9203125 0.0515625 0.0203125
1 0.13515625 0.9515625 0.0515625 0.0203125
1 0.20546875 0.98984375 0.0515625 0.0203125
1 0.365625 0.94140625 0.0421875 0.021875
1 0.35390625 0.9171875 0.0421875 0.0203125
1 0.39140625 0.62109375 0.0453125 0.021875
1 0.96015625 0.72109375 0.0484375 0.0234375
1 0.89609375 0.7046875 0.0453125 0.021875
1 0.84921875 0.7140625 0.05625 0.0296875
1 0.8546875 0.6703125 0.0609375 0.028125
1 0.84609375 0.6265625 0.053125 0.0203125
1 0.7828125 0.63046875 0.0546875 0.0265625
1 0.7203125 0.6171875 0.0625 0.03125
1 0.98515625 0.8046875 0.0296875 0.025
1 0.99453125 0.846875 0.0109375 0.025
1 0.984375 0.8421875 0.03125 0.021875
1 0.94140625 0.83828125 0.053125 0.0203125
1 0.81875 0.8125 0.05625 0.0296875
1 0.75078125 0.9328125 0.0546875 0.0234375
1 0.615625 0.96640625 0.065625 0.028125
1 0.68828125 0.89375 0.0625 0.03125
1 0.9953125 0.9765625 0.009375 0.01875
1 0.9421875 0.95859375 0.0484375 0.0234375
0 0.9546875 0.75234375 0.0234375 0.0171875