0 0.22734375 0.26484375 0.0171875 0.0125
1 0.01953125 0.3734375 0.0390625 0.028125
1 0.0046875 0.32578125 0.009375 0.0171875
1 0.04375 0.28046875 0.04375 0.025
1 0.10390625 0.3109375 0.05 0.0265625
1 0.359375 0.3046875 0.0796875 0.0453125
1 0.1921875 0.2390625 0.0609375 0.0296875
1 0.1265625 0.09375 0.046875 0.0265625
1 0.0859375 0.071875 0.0453125 0.025
1 0.11875 0.040625 0.0453125 0.0234375
1 0.0140625 0.1125 0.028125 0.01875
1 0.0140625 0.23515625 0.028125 0.0171875
1 0.02265625 0.25 0.0453125 0.03125
0 0.82734375 0.1796875 0.015625 0.009375
1 0.68671875 0.38671875 0.0390625 0.01875
1 0.8140625 0.3890625 0.053125 0.021875
1 0.909375 0.3671875 0.0609375 0.0265625
1 0.92421875 0.08515625 0.053125 0.021875
1 0.853125 0.10390625 0.046875 0.0203125
1 0.83046875 0.24296875 0.0453125 0.0203125
1 0.78046875 0.20625 0.0453125 0.0234375
1 0.253125 0.49140625 0.0578125 0.025
1 0.29375 0.50703125 0.0546875 0.025
1 0.140625 0.61328125 0.0375 0.01875
1 0.12890625 0.59609375 0.046875 0.021875
1 0.17578125 0.65625 0.0515625 0.0234375
1 0.334375 0.678125 0.0640625 0.03125
1 0.32734375 0.62734375 0.0671875 0.0296875
1 0.1 0.7328125 0.0421875 0.0203125
1 0.0890625 0.76484375 0.0359375 0.0171875
1 0.05703125 0.76640625 0.0453125 0.0234375
1 0.03203125 0.8046875 0.0359375 0.0171875
1 0.0609375 0.93359375 0.046875 0.0234375
1 0.11328125 0.93203125 0.0484375 0.0203125
1 0.16875 0.9328125 0.0515625 0.025
1 0.06015625 0.9828125 0.0484375 0.0234375
1 0.7515625 0.41171875 0.05 0.0234375
1 0.6890625 0.43515625 0.0546875 0.0265625
1 0.7359375 0.521875 0.0578125 0.025
1 0.74921875 0.54609375 0.0609375 0.025
1 0.7 0.56328125 0.0546875 0.025
1 0.678125 0.565625 0.053125 0.021875
1 0.69921875 0.5828125 0.0625 0.0265625
1 0.759375 0.6515625 0.0625 0.025
1 0.83515625 0.6953125 0.0734375 0.03125
1 0.88203125 0.759375 0.0875 0.040625
1 0.971875 0.78359375 0.05625 0.0359375
1 0.76953125 0.784375 0.0640625 0.0265625
1 0.74296875 0.775 0.0671875 0.028125
1 0.771875 0.75390625 0.078125 0.034375
1 0.696875 0.6921875 0.0609375 0.0265625
1 0.696875 0.68359375 0.0640625 0.025