1 0.12421875 0.00390625 0.0671875 0.0078125
1 0.271875 0.1234375 0.0578125 0.01875
1 0.1328125 0.13515625 0.071875 0.021875
1 0.0328125 0.35625 0.065625 0.021875
1 0.03203125 0.44765625 0.0640625 0.0203125
1 0.034375 0.55078125 0.0671875 0.0265625
1 0.10390625 0.5546875 0.0625 0.01875
1 0.15625 0.5578125 0.06875 0.021875
1 0.1703125 0.55078125 0.065625 0.021875
1 0.22265625 0.49296875 0.05625 0.0203125
1 0.21171875 0.4203125 0.059375 0.0203125
1 0.128125 0.35703125 0.0578125 0.0203125
1 0.19609375 0.3375 0.053125 0.0171875
1 0.20078125 0.22734375 0.065625 0.0203125
1 0.146875 0.2421875 0.0640625 0.0234375
1 0.2640625 0.309375 0.0578125 0.0171875
1 0.31015625 0.4328125 0.0390625 0.015625
1 0.2625 0.5359375 0.05 0.015625
0 0.803125 0.0359375 0.0109375 0.00625
0 0.86484375 0.090625 0.009375 0.0078125
0 0.90234375 0.17734375 0.0109375 0.0078125
0 0.8234375 0.1890625 0.009375 0.0078125
0 0.7484375 0.128125 0.0109375 0.0078125
0 0.66015625 0.09375 0.009375 0.0078125
0 0.528125 0.1375 0.0125 0.0109375
0 0.6625 0.19375 0.0078125 0.0046875
0 0.5375 0.2609375 0.009375 0.00625
0 0.64609375 0.35234375 0.009375 0.0078125
0 0.565625 0.3859375 0.0078125 0.0046875
0 0.51171875 0.4421875 0.009375 0.0078125
0 0.65234375 0.4375 0.0125 0.00625
0 0.70625 0.4078125 0.009375 0.00625
0 0.75234375 0.3421875 0.0125 0.0078125
0 0.81640625 0.27734375 0.0078125 0.00625
0 0.8796875 0.3046875 0.0125 0.0046875
0 0.83125 0.353125 0.009375 0.00625
1 0.9203125 0.1578125 0.05 0.0171875
1 0.9296875 0.21875 0.040625 0.0125
1 0.928125 0.2359375 0.0484375 0.0125
1 0.8953125 0.26328125 0.0453125 0.01875
1 0.86015625 0.22890625 0.0578125 0.01875
1 0.86484375 0.2453125 0.0546875 0.0203125
1 0.73203125 0.23984375 0.0828125 0.025
1 0.7203125 0.28515625 0.06875 0.03125
1 0.834375 0.38046875 0.05625 0.015625
1 0.82578125 0.4046875 0.053125 0.0125
1 0.8546875 0.41796875 0.05625 0.0140625
1 0.83828125 0.428125 0.05 0.0109375
1 0.834375 0.47421875 0.0515625 0.015625
1 0.78125 0.49609375 0.05625 0.0140625
1 0.79296875 0.534375 0.059375 0.015625
1 0.746875 0.5375 0.059375 0.0171875
1 0.69609375 0.55078125 0.06875 0.015625
1 0.38125 0.90078125 0.0421875 0.015625
1 0.27421875 0.9578125 0.0546875 0.0203125
1 0.2828125 0.99296875 0.05625 0.0140625
1 0.21640625 0.94296875 0.065625 0.01875
1 0.24609375 0.82109375 0.0609375 0.0171875
1 0.11484375 0.809375 0.0703125 0.021875
1 0.1125 0.890625 0.0734375 0.025
1 0.184375 0.66875 0.0578125 0.0203125
1 0.078125 0.65078125 0.0796875 0.0234375
1 0.2296875 0.6703125 0.065625 0.01875
1 0.35234375 0.68828125 0.0625 0.0171875
1 0.4265625 0.71015625 0.046875 0.0140625
1 0.43671875 0.81484375 0.0453125 0.0171875
1 0.5234375 0.93671875 0.0765625 0.0234375
1 0.6890625 0.6296875 0.0453125 0.0140625
1 0.79140625 0.72109375 0.0359375 0.015625
1 0.82421875 0.77890625 0.028125 0.009375
1 0.7546875 0.78359375 0.0390625 0.015625
1 0.71484375 0.80625 0.0453125 0.0171875
1 0.725 0.91484375 0.046875 0.0140625
1 0.67578125 0.91953125 0.0578125 0.0171875
1 0.703125 0.93359375 0.05625 0.0140625
1 0.77421875 0.92734375 0.046875 0.0140625
1 0.81015625 0.90859375 0.034375 0.0109375