1 0.15859375 0.35625 0.0640625 0.0109375
1 0.25546875 0.2953125 0.065625 0.01875
1 0.096875 0.184375 0.05625 0.015625
1 0.23359375 0.15859375 0.0703125 0.0171875
1 0.4875 0.1359375 0.09375 0.0203125
1 0.15625 0.07421875 0.0640625 0.015625
1 0.20859375 0.05390625 0.0625 0.0203125
1 0.084375 0.00234375 0.05625 0.0046875
0 0.7515625 0.21953125 0.0125 0.009375
0 0.75625 0.17734375 0.0125 0.009375
0 0.665625 0.1578125 0.0125 0.009375
0 0.56328125 0.40625 0.01875 0.009375
0 0.675 0.021875 0.0171875 0.0109375
0 0.56015625 0.11328125 0.015625 0.009375
1 0.56484375 0.30078125 0.0515625 0.0328125
1 0.40546875 0.9796875 0.059375 0.0171875
1 0.42578125 0.9046875 0.05625 0.0140625
1 0.3140625 0.9234375 0.0265625 0.009375
1 0.3578125 0.76171875 0.04375 0.009375
1 0.3546875 0.71953125 0.040625 0.0109375
1 0.4359375 0.6640625 0.040625 0.0125
1 0.490625 0.67265625 0.053125 0.0171875
1 0.39375 0.62421875 0.053125 0.0171875
1 0.3828125 0.525 0.05 0.015625
1 0.359375 0.49921875 0.05 0.0109375
1 0.32890625 0.4875 0.0375 0.0078125
1 0.2578125 0.54765625 0.03125 0.009375
1 0.2890625 0.590625 0.03125 0.0125
1 0.31015625 0.7171875 0.0375 0.0109375
1 0.3015625 0.75234375 0.040625 0.009375
0 0.32890625 0.9015625 0.01875 0.009375
1 0.5484375 0.50546875 0.01875 0.0140625
1 0.5671875 0.83515625 0.05625 0.0203125
1 0.621875 0.76328125 0.065625 0.0171875
1 0.63515625 0.6390625 0.0640625 0.0203125
1 0.728125 0.621875 0.06875 0.0203125
1 0.66171875 0.54375 0.06875 0.0109375
1 0.76953125 0.86484375 0.078125 0.01875
1 0.603125 0.884375 0.05 0.0171875