1 0.20703125 0.02109375 0.0828125 0.021875
1 0.22265625 0.11015625 0.08125 0.0203125
1 0.25078125 0.21015625 0.0671875 0.0265625
1 0.31953125 0.2015625 0.0625 0.01875
1 0.371875 0.1953125 0.06875 0.021875
1 0.384375 0.18671875 0.065625 0.021875
1 0.41328125 0.11953125 0.0328125 0.0203125
1 0.4015625 0.05078125 0.05625 0.0203125
1 0.30859375 0.00625 0.0578125 0.0125
1 0.44921875 0.38828125 0.0390625 0.0203125
1 0.53203125 0.353125 0.0515625 0.0171875
1 0.5671875 0.26640625 0.0421875 0.0140625
1 0.5625 0.2140625 0.040625 0.0125
1 0.5984375 0.21015625 0.0421875 0.0140625
1 0.44765625 0.23828125 0.0359375 0.0171875
1 0.44453125 0.26796875 0.0296875 0.0203125
1 0.45078125 0.15390625 0.0421875 0.0203125
1 0.4515625 0.11953125 0.04375 0.0296875
1 0.55546875 0.00859375 0.0390625 0.0171875
0 0.24921875 0.8203125 0.0140625 0.00625
0 0.21484375 0.6765625 0.015625 0.0109375
0 0.22265625 0.57578125 0.015625 0.009375
0 0.2171875 0.51796875 0.015625 0.0078125
0 0.38984375 0.646875 0.0140625 0.0109375
0 0.396875 0.7421875 0.0125 0.0109375
0 0.3859375 0.9046875 0.0125 0.0078125
0 0.28046875 0.9546875 0.01875 0.0109375
0 0.428125 0.9765625 0.003125 0.009375
1 0.390625 0.5 0.0578125 0.0171875
1 0.4015625 0.57109375 0.05625 0.0171875
1 0.34140625 0.79375 0.0953125 0.0265625
1 0.28359375 0.7484375 0.0734375 0.025
1 0.02734375 0.934375 0.0546875 0.040625
0 0.3640625 0.50625 0.015625 0.0078125
1 0.63125 0.9953125 0.0625 0.009375
1 0.69609375 0.88984375 0.0546875 0.01875
1 0.8140625 0.8140625 0.0375 0.0125
1 0.8203125 0.80546875 0.0453125 0.0140625
1 0.8453125 0.8375 0.0453125 0.015625
1 0.87578125 0.796875 0.0390625 0.0125
1 0.90078125 0.7828125 0.0375 0.009375
1 0.93046875 0.7859375 0.040625 0.0125
1 0.9171875 0.83203125 0.0421875 0.015625
1 0.86640625 0.95546875 0.0390625 0.0125
1 0.8328125 0.6578125 0.04375 0.0125
1 0.75625 0.584375 0.046875 0.0140625
1 0.671875 0.625 0.05 0.0203125
1 0.47578125 0.59609375 0.0671875 0.021875
1 0.82734375 0.47109375 0.0421875 0.0046875
1 0.9109375 0.48671875 0.04375 0.0109375
1 0.903125 0.5359375 0.0390625 0.009375