0 0.275 0.25390625 0.0140625 0.009375
0 0.3734375 0.19140625 0.0203125 0.0125
0 0.22109375 0.1875 0.0109375 0.009375
0 0.11171875 0.2359375 0.015625 0.009375
0 0.1765625 0.140625 0.0171875 0.0109375
0 0.34296875 0.05703125 0.0171875 0.0109375
1 0.29921875 0.09921875 0.0765625 0.03125
1 0.184375 0.0890625 0.0796875 0.028125
1 0.13046875 0.18984375 0.0546875 0.0234375
1 0.21484375 0.2953125 0.0546875 0.009375
1 0.2109375 0.06171875 0.084375 0.0296875
1 0.17109375 0.2796875 0.0625 0.0234375
1 0.815625 0.00546875 0.034375 0.0109375
1 0.846875 0.11015625 0.0328125 0.0140625
1 0.83828125 0.109375 0.028125 0.0109375
1 0.81875 0.115625 0.0296875 0.015625
1 0.8296875 0.14765625 0.028125 0.0125
1 0.81484375 0.1578125 0.0265625 0.0109375
1 0.8296875 0.165625 0.0296875 0.0140625
1 0.83828125 0.15390625 0.028125 0.0125
1 0.84609375 0.15625 0.034375 0.015625
1 0.85 0.246875 0.0265625 0.0140625
1 0.90078125 0.25390625 0.0421875 0.0171875
1 0.87734375 0.0546875 0.03125 0.0125
1 0.87890625 0.0453125 0.0390625 0.01875
0 0.3046875 0.5359375 0.015625 0.009375
1 0.39609375 0.94609375 0.0484375 0.01875
1 0.4640625 0.9140625 0.0484375 0.01875
1 0.47265625 0.88203125 0.046875 0.01875
1 0.38203125 0.759375 0.0453125 0.015625
1 0.3265625 0.84140625 0.034375 0.01875
1 0.26953125 0.78359375 0.0390625 0.0171875
1 0.38515625 0.73046875 0.0546875 0.0203125
1 0.4609375 0.66875 0.0609375 0.025
1 0.525 0.4609375 0.05 0.025
1 0.35 0.40859375 0.0546875 0.0203125
1 0.29453125 0.45703125 0.046875 0.01875
1 0.33515625 0.59140625 0.0453125 0.01875
1 0.27421875 0.58125 0.0453125 0.021875
1 0.96953125 0.5109375 0.0546875 0.0265625
1 0.89921875 0.4171875 0.0578125 0.0265625
1 0.86171875 0.39765625 0.05625 0.0203125
1 0.803125 0.321875 0.0546875 0.0203125
1 0.7734375 0.31171875 0.0546875 0.0203125
1 0.79296875 0.44921875 0.0390625 0.0171875
1 0.72109375 0.409375 0.0484375 0.01875
1 0.69375 0.440625 0.0421875 0.0171875
1 0.78828125 0.50703125 0.0515625 0.0203125
1 0.784375 0.6453125 0.0453125 0.0203125
1 0.8765625 0.66171875 0.05625 0.0203125
1 0.88125 0.73828125 0.05625 0.0203125
1 0.884375 0.875 0.0515625 0.025
1 0.7625 0.72421875 0.040625 0.015625