0 0.14375 0.234375 0.0140625 0.00625
0 0.14453125 0.08671875 0.0171875 0.0109375
0 0.45625 0.10859375 0.0140625 0.0046875
0 0.32109375 0.10078125 0.015625 0.0109375
0 0.30546875 0.19453125 0.0140625 0.0109375
0 0.35078125 0.28828125 0.01875 0.0125
0 0.25546875 0.34921875 0.0140625 0.0078125
0 0.14140625 0.37265625 0.0203125 0.0125
0 0.4703125 0.2328125 0.0125 0.0078125
1 0.35234375 0.03046875 0.0578125 0.021875
1 0.40390625 0.0265625 0.0578125 0.021875
1 0.51484375 0.18046875 0.0296875 0.0140625
1 0.475 0.2828125 0.0484375 0.0171875
1 0.4484375 0.25625 0.0515625 0.0171875
1 0.4171875 0.2484375 0.0484375 0.0171875
1 0.2390625 0.23125 0.0953125 0.0328125
1 0.19453125 0.1734375 0.0734375 0.0296875
1 0.43203125 0.35234375 0.0421875 0.015625
1 0.3796875 0.32421875 0.0578125 0.0234375
1 0.33046875 0.3234375 0.0546875 0.0234375
1 0.3625 0.3625 0.0625 0.0203125
1 0.7 0.29765625 0.1125 0.0484375
1 0.95234375 0.01953125 0.0765625 0.0265625
1 0.9265625 0.34765625 0.0734375 0.0296875
1 0.9796875 0.32578125 0.040625 0.0265625
1 0.990625 0.40390625 0.01875 0.0265625
1 0.0328125 0.76640625 0.0390625 0.01875
1 0.01015625 0.78515625 0.0203125 0.0171875
1 0.0328125 0.80390625 0.0421875 0.0171875
1 0.02109375 0.8140625 0.0265625 0.0109375
1 0.028125 0.859375 0.0265625 0.0109375
1 0.06875 0.871875 0.034375 0.009375
1 0.16953125 0.93359375 0.028125 0.009375
1 0.078125 0.915625 0.0296875 0.0125
1 0.02109375 0.93125 0.034375 0.0140625
1 0.059375 0.946875 0.0359375 0.0125
1 0.10703125 0.94140625 0.034375 0.0109375
1 0.10625 0.95234375 0.0296875 0.0140625
1 0.09765625 0.6078125 0.025 0.009375
1 0.23515625 0.6140625 0.0265625 0.0140625
1 0.2578125 0.53671875 0.034375 0.0140625
1 0.153125 0.5078125 0.0296875 0.0171875
1 0.09609375 0.4890625 0.0359375 0.0140625
0 0.11015625 0.503125 0.0109375 0.0078125
0 0.1015625 0.54921875 0.0171875 0.009375
0 0.69609375 0.42109375 0.0140625 0.0046875
1 0.63046875 0.834375 0.06875 0.0265625
1 0.75 0.79609375 0.0640625 0.025
1 0.671875 0.76796875 0.075 0.025
1 0.796875 0.9078125 0.0640625 0.025
1 0.89921875 0.85546875 0.046875 0.0203125
1 0.94609375 0.67109375 0.0453125 0.021875
1 0.96171875 0.671875 0.0484375 0.021875
1 0.90546875 0.63828125 0.0640625 0.025
1 0.68671875 0.58828125 0.06875 0.034375
1 0.696875 0.43359375 0.065625 0.0296875
1 0.71171875 0.43671875 0.059375 0.03125