0 0.1671875 0.11796875 0.0140625 0.00625
0 0.31640625 0.04296875 0.0125 0.0109375
0 0.38203125 0.12421875 0.0171875 0.0109375
0 0.303125 0.20546875 0.0125 0.0078125
0 0.196875 0.253125 0.01875 0.0109375
0 0.346875 0.278125 0.009375 0.0078125
0 0.46171875 0.24453125 0.0140625 0.0078125
0 0.384375 0.33125 0.015625 0.009375
0 0.2078125 0.390625 0.015625 0.009375
0 0.484375 0.0421875 0.009375 0.00625
1 0.48359375 0.090625 0.0109375 0.0125
1 0.46640625 0.0703125 0.0453125 0.0125
1 0.4375 0.0703125 0.046875 0.0125
1 0.26015625 0.09375 0.0953125 0.025
1 0.203125 0.04765625 0.0734375 0.0234375
1 0.25703125 0.3546875 0.0765625 0.0203125
1 0.36875 0.38046875 0.0796875 0.01875
1 0.43671875 0.28828125 0.053125 0.015625
1 0.471875 0.1671875 0.034375 0.0125
1 0.4171875 0.15234375 0.0578125 0.0171875
1 0.36953125 0.1625 0.0546875 0.01875
1 0.3390625 0.40390625 0.084375 0.01875
1 0.409375 0.19375 0.0609375 0.015625
0 0.84140625 0.0015625 0.0140625 0.003125
1 0.853125 0.028125 0.0375 0.0125
1 0.7046875 0.03984375 0.0546875 0.0234375
1 0.69140625 0.03515625 0.046875 0.015625
1 0.69453125 0.0609375 0.053125 0.0125
1 0.7125 0.0625 0.05625 0.0140625
1 0.74296875 0.10703125 0.059375 0.0140625
1 0.71484375 0.35234375 0.0578125 0.01875
1 0.77890625 0.44375 0.053125 0.0125
1 0.053125 0.89296875 0.0390625 0.0125
1 0.1421875 0.90625 0.0390625 0.0125
1 0.1609375 0.91328125 0.040625 0.0125
1 0.05703125 0.95703125 0.0515625 0.0140625
1 0.04375 0.734375 0.0390625 0.0125
1 0.01015625 0.6765625 0.0203125 0.015625
1 0.0546875 0.59609375 0.0390625 0.009375
1 0.09453125 0.59453125 0.04375 0.015625
1 0.10703125 0.68671875 0.040625 0.015625
1 0.09140625 0.709375 0.040625 0.0140625
1 0.9640625 0.9265625 0.071875 0.01875
1 0.959375 0.82734375 0.0703125 0.021875
1 0.7515625 0.78046875 0.06875 0.0171875
1 0.76171875 0.7296875 0.065625 0.028125
1 0.7734375 0.5921875 0.0703125 0.0234375
1 0.89921875 0.56640625 0.0578125 0.0203125
1 0.8921875 0.5921875 0.0328125 0.0296875
0 0.88203125 0.57265625 0.0171875 0.009375
1 0.990625 0.4953125 0.01875 0.015625