1 0.2515625 0.0421875 0.0734375 0.0203125
1 0.2625 0.0296875 0.0734375 0.0171875
1 0.203125 0.015625 0.059375 0.0171875
1 0.14375 0.00546875 0.05 0.0109375
1 0.1390625 0.06171875 0.0546875 0.0171875
1 0.1953125 0.0625 0.0546875 0.0171875
1 0.05234375 0.07578125 0.05625 0.0140625
1 0.01640625 0.1671875 0.0328125 0.015625
1 0.08984375 0.2609375 0.0453125 0.01875
1 0.1984375 0.36640625 0.0609375 0.015625
1 0.24375 0.53984375 0.0625 0.0171875
1 0.24765625 0.5609375 0.065625 0.0203125
1 0.1796875 0.58671875 0.05625 0.015625
1 0.08203125 0.59609375 0.0453125 0.0078125
1 0.04296875 0.590625 0.046875 0.015625
1 0.1375 0.45859375 0.0421875 0.0171875
1 0.90078125 0.36484375 0.09375 0.03125
1 0.9328125 0.17421875 0.0828125 0.03125
1 0.86953125 0.146875 0.0890625 0.025
1 0.83046875 0.065625 0.0921875 0.03125
1 0.7859375 0.159375 0.0796875 0.0296875
1 0.7484375 0.11640625 0.0921875 0.025
1 0.75703125 0.1890625 0.0828125 0.028125
1 0.709375 0.1828125 0.0859375 0.028125
1 0.66328125 0.23203125 0.08125 0.03125
1 0.7703125 0.2578125 0.0765625 0.0328125
1 0.71953125 0.28984375 0.071875 0.0171875
1 0.71328125 0.303125 0.0890625 0.0265625
1 0.67109375 0.37265625 0.08125 0.03125
1 0.67890625 0.3953125 0.065625 0.0234375
1 0.70390625 0.41171875 0.0671875 0.0328125
1 0.715625 0.521875 0.0765625 0.0234375
1 0.0390625 0.99375 0.078125 0.0125
1 0.04609375 0.9828125 0.0796875 0.0265625
1 0.1140625 0.95859375 0.0828125 0.025
1 0.08515625 0.9109375 0.0734375 0.0203125
1 0.08984375 0.8703125 0.0890625 0.025
1 0.02265625 0.7734375 0.0453125 0.025
1 0.06953125 0.75390625 0.078125 0.021875
1 0.08046875 0.64296875 0.0796875 0.025
1 0.2125 0.803125 0.0890625 0.03125
1 0.23359375 0.88828125 0.09375 0.0328125
1 0.5015625 0.6921875 0.04375 0.015625
1 0.54296875 0.76171875 0.053125 0.015625
1 0.57578125 0.8109375 0.05625 0.0125
1 0.6390625 0.90625 0.053125 0.015625