1 0.23125 0.003125 0.071875 0.00625
1 0.346875 0.00546875 0.053125 0.0109375
1 0.290625 0.0109375 0.053125 0.0171875
1 0.4328125 0.00703125 0.053125 0.0140625
1 0.41953125 0.1953125 0.04375 0.0171875
1 0.32421875 0.3125 0.0609375 0.0140625
1 0.30078125 0.490625 0.0625 0.015625
1 0.3 0.51171875 0.0640625 0.01875
1 0.3703125 0.5296875 0.05625 0.015625
1 0.45234375 0.53046875 0.0140625 0.0140625
1 0.39609375 0.39765625 0.040625 0.015625
1 0.9296875 0.096875 0.06875 0.0171875
1 0.93515625 0.19609375 0.059375 0.015625
1 0.98046875 0.2125 0.0390625 0.021875
1 0.965625 0.23984375 0.059375 0.015625
1 0.97265625 0.2390625 0.0546875 0.015625
1 0.97734375 0.275 0.0453125 0.015625
1 0.9765625 0.2984375 0.046875 0.0125
1 0.9765625 0.31171875 0.046875 0.0109375
1 0.9875 0.31875 0.025 0.015625
1 0.97734375 0.409375 0.0453125 0.0125
1 0.98828125 0.428125 0.0234375 0.015625
1 0.98828125 0.46640625 0.0234375 0.0140625
1 0.98203125 0.4984375 0.0359375 0.01875
1 0.89765625 0.58828125 0.0625 0.0171875
1 0.98984375 0.5765625 0.0203125 0.01875
1 0.05390625 0.6609375 0.046875 0.015625
1 0.13046875 0.678125 0.040625 0.0140625
1 0.23828125 0.67421875 0.028125 0.0140625
1 0.2875 0.69453125 0.028125 0.0140625
1 0.2921875 0.7515625 0.034375 0.0109375
1 0.21015625 0.88828125 0.04375 0.0078125
1 0.06328125 0.928125 0.059375 0.015625
1 0.20078125 0.93125 0.034375 0.0078125
1 0.1875 0.9625 0.04375 0.0171875
1 0.21796875 0.90234375 0.0375 0.0109375
1 0.29375 0.996875 0.03125 0.00625
0 0.19765625 0.8859375 0.015625 0.0046875
1 0.90625 0.68125 0.0625 0.015625
1 0.9890625 0.8703125 0.021875 0.021875