1 0.05703125 0.2328125 0.0140625 0.040625
1 0.1578125 0.165625 0.0171875 0.04375
1 0.2734375 0.06875 0.0125 0.0609375
1 0.359375 0.1390625 0.015625 0.040625
1 0.928125 0.25078125 0.015625 0.040625
1 0.88515625 0.33828125 0.0078125 0.03125
1 0.95390625 0.321875 0.0078125 0.034375
1 0.984375 0.38671875 0.0078125 0.025
1 0.8578125 0.46484375 0.00625 0.021875
1 0.7734375 0.4796875 0.00625 0.01875
1 0.7359375 0.46171875 0.00625 0.021875
1 0.65703125 0.35625 0.0078125 0.0234375
0 0.8703125 0.36875 0.009375 0.015625
0 0.71328125 0.42109375 0.0046875 0.0109375
0 0.99140625 0.37890625 0.00625 0.00625
0 0.59375 0.128125 0.0046875 0.009375
1 0.58984375 0.1515625 0.015625 0.0375
1 0.428125 0.9171875 0.003125 0.040625
1 0.4046875 0.9203125 0.0171875 0.0328125
1 0.3859375 0.9046875 0.0140625 0.0484375
1 0.3796875 0.85546875 0.0109375 0.046875
1 0.41484375 0.8328125 0.015625 0.040625
1 0.24765625 0.83046875 0.015625 0.053125
1 0.2875 0.85859375 0.0140625 0.0453125
1 0.234375 0.834375 0.0140625 0.053125
1 0.19609375 0.78359375 0.0140625 0.059375
1 0.18515625 0.80078125 0.0140625 0.053125
1 0.1359375 0.8375 0.0140625 0.053125
1 0.63203125 0.9109375 0.015625 0.05625
1 0.99453125 0.56484375 0.0109375 0.0765625
1 0.878125 0.53828125 0.021875 0.078125
1 0.9328125 0.60390625 0.028125 0.096875
1 0.8671875 0.6109375 0.021875 0.090625
1 0.85078125 0.6125 0.021875 0.0765625
1 0.81875 0.64765625 0.025 0.0765625
1 0.79921875 0.690625 0.025 0.0796875
1 0.78046875 0.68046875 0.025 0.078125
1 0.76328125 0.6109375 0.021875 0.08125
1 0.7125 0.634375 0.01875 0.071875
1 0.6734375 0.62578125 0.021875 0.0875
1 0.56796875 0.69296875 0.021875 0.065625
1 0.5546875 0.63359375 0.0203125 0.0765625
1 0.44609375 0.6109375 0.0234375 0.078125
1 0.61875 0.51484375 0.028125 0.0515625
1 0.70546875 0.51015625 0.0296875 0.0421875