1 0.2859375 0.053125 0.03125 0.0625
1 0.35703125 0.16640625 0.0359375 0.075
1 0.51796875 0.284375 0.0265625 0.0734375
1 0.5328125 0.2875 0.0296875 0.06875
1 0.5546875 0.18671875 0.028125 0.0640625
1 0.4765625 0.11171875 0.03125 0.065625
1 0.7390625 0.090625 0.021875 0.0515625
1 0.78515625 0.26171875 0.025 0.0640625
1 0.82421875 0.240625 0.03125 0.065625
1 0.93125 0.13984375 0.025 0.0640625
0 0.08203125 0.38671875 0.00625 0.0125
0 0.0703125 0.51875 0.0046875 0.00625
0 0.2 0.5765625 0.00625 0.009375
0 0.12109375 0.7421875 0.00625 0.0125
0 0.2765625 0.7484375 0.0078125 0.0125
0 0.38984375 0.68515625 0.0078125 0.0109375
0 0.3640625 0.534375 0.0046875 0.009375
0 0.30078125 0.48515625 0.0078125 0.0109375
0 0.25625 0.3640625 0.009375 0.0140625
0 0.45 0.78515625 0.0078125 0.0109375
1 0.42109375 0.36328125 0.0203125 0.0484375
1 0.41328125 0.35546875 0.0171875 0.0328125
1 0.325 0.4375 0.028125 0.0609375
1 0.2015625 0.3546875 0.021875 0.03125
1 0.06328125 0.49375 0.0359375 0.0828125
1 0.96796875 0.94765625 0.0265625 0.0734375
1 0.79140625 0.97734375 0.0328125 0.0453125
1 0.53359375 0.8859375 0.0265625 0.0734375
1 0.478125 0.775 0.021875 0.0484375
1 0.46796875 0.609375 0.0171875 0.059375
1 0.5234375 0.73203125 0.0234375 0.0640625
1 0.7375 0.665625 0.0203125 0.05625
1 0.75 0.68671875 0.0234375 0.053125
1 0.77890625 0.78671875 0.025 0.0609375
1 0.79609375 0.9078125 0.0234375 0.0578125
1 0.76796875 0.8765625 0.021875 0.0484375
1 0.94453125 0.6953125 0.01875 0.0484375
0 0.46484375 0.49609375 0.009375 0.0171875
0 0.48046875 0.5703125 0.0109375 0.0203125
0 0.61953125 0.50859375 0.0109375 0.0140625
0 0.6671875 0.60625 0.009375 0.0140625
0 0.82265625 0.6234375 0.0125 0.0171875
0 0.80078125 0.71640625 0.0125 0.015625
0 0.91640625 0.80703125 0.009375 0.0171875
0 0.8609375 0.87265625 0.0109375 0.0140625
0 0.7359375 0.82421875 0.0125 0.0203125
0 0.54765625 0.7953125 0.0109375 0.0171875
0 0.85234375 0.99609375 0.0078125 0.0078125