1 0.26953125 0.05 0.065625 0.0328125
1 0.40625 0.0734375 0.0546875 0.0265625
1 0.42734375 0.0625 0.04375 0.025
1 0.46953125 0.08671875 0.046875 0.0234375
1 0.31875 0.38046875 0.0625 0.0171875
1 0.7703125 0.35390625 0.0640625 0.025
1 0.7875 0.23046875 0.071875 0.034375
1 0.71171875 0.1453125 0.0765625 0.0328125
1 0.84375 0.1125 0.0625 0.0296875
1 0.890625 0.21484375 0.04375 0.025
1 0.8875 0.234375 0.05 0.021875
1 0.88984375 0.30078125 0.0453125 0.0234375
1 0.871875 0.32578125 0.0328125 0.01875
1 0.86171875 0.35078125 0.0328125 0.015625
1 0.8828125 0.359375 0.034375 0.021875
1 0.86640625 0.375 0.034375 0.0203125
1 0.89609375 0.33984375 0.0375 0.015625
0 0.86796875 0.34921875 0.0125 0.0078125
1 0.175 0.95390625 0.078125 0.0328125
1 0.1234375 0.859375 0.084375 0.040625
1 0.3171875 0.85625 0.0703125 0.0328125
1 0.39375 0.73359375 0.05 0.025
1 0.31640625 0.75703125 0.0578125 0.025
1 0.28203125 0.70078125 0.059375 0.0296875
1 0.28984375 0.7171875 0.034375 0.034375
1 0.3125 0.690625 0.0421875 0.01875
0 0.28359375 0.6953125 0.0296875 0.01875
1 0.4078125 0.5859375 0.0640625 0.0296875
1 0.3546875 0.56015625 0.0640625 0.0328125
1 0.36796875 0.5234375 0.0640625 0.0296875
1 0.3984375 0.47890625 0.0578125 0.025
1 0.41796875 0.465625 0.0671875 0.03125
1 0.33671875 0.3921875 0.0578125 0.00625
1 0.19375 0.62109375 0.0765625 0.0421875
1 0.1171875 0.6375 0.09375 0.040625
1 0.9703125 0.9671875 0.059375 0.028125
1 0.96953125 0.89453125 0.05 0.0265625
1 0.9734375 0.7828125 0.053125 0.03125
1 0.8796875 0.790625 0.0671875 0.03125
1 0.9828125 0.46484375 0.034375 0.0296875
1 0.86875 0.51796875 0.06875 0.0359375