1 0.003125 0.35234375 0.00625 0.0546875
1 0.009375 0.415625 0.01875 0.046875
1 0.3078125 0.265625 0.0296875 0.0625
1 0.88515625 0.03203125 0.028125 0.05625
1 0.81484375 0.0796875 0.025 0.04375
1 0.765625 0.01796875 0.025 0.0359375
1 0.58203125 0.03515625 0.025 0.0578125
1 0.55859375 0.028125 0.0234375 0.0515625
1 0.4203125 0.034375 0.028125 0.0546875
1 0.503125 0.17109375 0.025 0.0546875
1 0.44765625 0.190625 0.0234375 0.0484375
1 0.45078125 0.23828125 0.0234375 0.0484375
1 0.46328125 0.228125 0.015625 0.028125
1 0.46171875 0.22109375 0.01875 0.0203125
1 0.5453125 0.253125 0.01875 0.0421875
1 0.55625 0.21953125 0.0234375 0.0453125
1 0.590625 0.17265625 0.025 0.0546875
1 0.61171875 0.175 0.0234375 0.0546875
1 0.65 0.19765625 0.0171875 0.04375
1 0.6734375 0.19765625 0.0234375 0.0453125
1 0.72265625 0.16953125 0.021875 0.046875
1 0.775 0.16796875 0.0234375 0.046875
1 0.01328125 0.58046875 0.0265625 0.0609375
1 0.06796875 0.703125 0.034375 0.08125
1 0.1859375 0.78203125 0.0375 0.078125
1 0.27890625 0.6921875 0.0328125 0.075
1 0.28046875 0.62578125 0.0390625 0.0859375
0 0.915625 0.9625 0.009375 0.0171875
1 0.4375 0.690625 0.0375 0.0828125
1 0.51953125 0.83359375 0.0328125 0.0734375
1 0.50078125 0.846875 0.0265625 0.0640625
1 0.6625 0.86328125 0.0203125 0.053125
1 0.73125 0.76796875 0.028125 0.0703125
1 0.65859375 0.66015625 0.034375 0.0859375
1 0.84765625 0.725 0.025 0.0578125
1 0.9703125 0.71484375 0.028125 0.0703125
1 0.88984375 0.81796875 0.028125 0.0609375
1 0.759375 0.58359375 0.040625 0.0671875
1 0.85859375 0.92890625 0.015625 0.03125
1 0.87578125 0.91640625 0.0171875 0.040625
1 0.9109375 0.91640625 0.01875 0.0421875
1 0.9140625 0.8703125 0.0234375 0.0484375
1 0.98984375 0.8546875 0.0203125 0.053125
1 0.95078125 0.86796875 0.0171875 0.0359375
1 0.9578125 0.8875 0.015625 0.0375
1 0.95234375 0.890625 0.015625 0.040625
1 0.934375 0.8765625 0.01875 0.0390625
1 0.925 0.8796875 0.01875 0.0390625