0 0.375 0.24296875 0.0203125 0.0109375
1 0.13828125 0.51171875 0.090625 0.0390625
1 0.234375 0.46953125 0.0828125 0.0328125
1 0.26953125 0.5765625 0.0734375 0.025
1 0.06484375 0.36640625 0.09375 0.0328125
1 0.09453125 0.30234375 0.0875 0.0390625
1 0.2859375 0.22421875 0.0734375 0.0265625
1 0.28671875 0.24296875 0.08125 0.028125
1 0.31953125 0.2515625 0.053125 0.0140625
1 0.3671875 0.25234375 0.0703125 0.0296875
1 0.34453125 0.1015625 0.0703125 0.0296875
1 0.3265625 0.0390625 0.0765625 0.03125
1 0.26796875 0.0171875 0.078125 0.028125
1 0.03828125 0.09296875 0.0765625 0.0328125
1 0.909375 0.55234375 0.0765625 0.03125
1 0.646875 0.221875 0.1046875 0.0515625
1 0.84921875 0.12734375 0.103125 0.0484375
1 0.9609375 0.17890625 0.078125 0.0359375
1 0.884375 0.3671875 0.0859375 0.0328125
1 0.0921875 0.81328125 0.0546875 0.025
1 0.021875 0.6578125 0.04375 0.025
1 0.10546875 0.653125 0.059375 0.0296875
1 0.13984375 0.6796875 0.0453125 0.01875
1 0.1859375 0.71484375 0.0609375 0.025
1 0.2078125 0.68203125 0.0421875 0.0171875
1 0.23984375 0.63984375 0.040625 0.0171875
1 0.21875 0.60234375 0.0421875 0.0171875
0 0.259375 0.64375 0.0203125 0.0125
0 0.6140625 0.73203125 0.0203125 0.0125
0 0.81640625 0.67265625 0.0140625 0.009375
0 0.81875 0.975 0.0171875 0.0125
1 0.60078125 0.83671875 0.0828125 0.046875
1 0.73515625 0.70390625 0.06875 0.0296875
1 0.7359375 0.8234375 0.0671875 0.034375
1 0.78125 0.7875 0.0546875 0.0234375
1 0.80703125 0.815625 0.0546875 0.0265625
1 0.81484375 0.86484375 0.0515625 0.021875
1 0.83125 0.88359375 0.046875 0.0234375
1 0.75234375 0.85859375 0.059375 0.0296875
1 0.75390625 0.93984375 0.05625 0.025
1 0.73671875 0.98984375 0.0640625 0.0203125
1 0.65625 0.98984375 0.078125 0.0203125