0 0.434375 0.00625 0.0125 0.0125
1 0.55234375 0.3140625 0.034375 0.09375
1 0.4890625 0.28359375 0.040625 0.0875
1 0.4140625 0.090625 0.028125 0.0734375
1 0.43203125 0.08984375 0.0296875 0.0796875
1 0.44140625 0.0578125 0.015625 0.053125
1 0.4421875 0.02265625 0.03125 0.0453125
1 0.2921875 0.03203125 0.03125 0.0640625
1 0.22890625 0.046875 0.0328125 0.0765625
1 0.20625 0.10546875 0.0296875 0.078125
1 0.1078125 0.0328125 0.034375 0.065625
1 0.0390625 0.14921875 0.0359375 0.0796875
1 0.06875 0.2875 0.0359375 0.0921875
1 0.15390625 0.2609375 0.0359375 0.0890625
1 0.13671875 0.4578125 0.0390625 0.0953125
1 0.278125 0.3421875 0.034375 0.0890625
0 0.9234375 0.584375 0.0078125 0.015625
1 0.9921875 0.47421875 0.015625 0.0453125
1 0.93359375 0.5625 0.025 0.0484375
1 0.8796875 0.5109375 0.025 0.0609375
1 0.84765625 0.60078125 0.0265625 0.0171875
1 0.79453125 0.41328125 0.0203125 0.0484375
1 0.78359375 0.28984375 0.0171875 0.0359375
1 0.740625 0.4703125 0.0203125 0.0515625
1 0.66015625 0.39921875 0.0265625 0.0578125
1 0.6296875 0.4515625 0.025 0.0578125
0 0.32265625 0.8921875 0.0078125 0.0109375
0 0.51015625 0.9515625 0.009375 0.0140625
1 0.06171875 0.89296875 0.025 0.0484375
1 0.0328125 0.9671875 0.025 0.065625
1 0.15078125 0.9140625 0.0265625 0.0515625
1 0.20234375 0.8921875 0.01875 0.0453125
1 0.2796875 0.946875 0.0234375 0.0515625
1 0.22734375 0.98125 0.0265625 0.0375
1 0.36484375 0.98984375 0.0265625 0.0203125
1 0.2734375 0.8640625 0.0171875 0.0390625
1 0.37109375 0.93046875 0.0203125 0.0484375
1 0.40078125 0.953125 0.021875 0.0421875
1 0.4140625 0.9640625 0.021875 0.05625
1 0.42734375 0.98359375 0.0234375 0.0328125
1 0.4375 0.990625 0.025 0.01875
1 0.85 0.98828125 0.028125 0.0234375
1 0.77734375 0.94765625 0.0296875 0.0515625
1 0.7359375 0.9265625 0.0265625 0.0546875
1 0.76015625 0.90390625 0.0203125 0.0484375
1 0.75234375 0.890625 0.01875 0.0453125
1 0.7453125 0.865625 0.0234375 0.0484375
1 0.765625 0.8796875 0.015625 0.04375
1 0.77734375 0.8859375 0.01875 0.0421875
1 0.78125 0.8859375 0.0203125 0.0453125
1 0.8 0.8890625 0.01875 0.0421875
1 0.81875 0.8890625 0.0296875 0.0265625
1 0.83359375 0.88515625 0.025 0.04375
1 0.85859375 0.86328125 0.01875 0.0421875
1 0.89921875 0.87734375 0.021875 0.0453125
1 0.93359375 0.86484375 0.015625 0.040625
1 0.91875 0.9296875 0.0234375 0.0484375
1 0.953125 0.9390625 0.01875 0.0453125
0 0.91953125 0.90078125 0.0125 0.0171875