1 0.0921875 0.01015625 0.090625 0.0203125
1 0.03046875 0.078125 0.0609375 0.03125
1 0.21640625 0.10703125 0.09375 0.03125
1 0.2140625 0.17734375 0.0875 0.0375
1 0.06796875 0.32421875 0.0734375 0.0265625
1 0.06015625 0.3078125 0.08125 0.028125
1 0.0265625 0.3125 0.053125 0.0125
1 0.00859375 0.3296875 0.0171875 0.028125
1 0.06171875 0.46015625 0.0703125 0.028125
1 0.10390625 0.5109375 0.0765625 0.0296875
1 0.16640625 0.50859375 0.078125 0.0265625
1 0.3296875 0.49296875 0.0890625 0.0328125
1 0.50390625 0.42734375 0.0703125 0.0359375
1 0.353125 0.34609375 0.0890625 0.0328125
1 0.63828125 0.50234375 0.0421875 0.0171875
1 0.74140625 0.51328125 0.05625 0.0203125
1 0.79296875 0.52734375 0.0609375 0.0046875
1 0.7 0.4578125 0.0484375 0.01875
1 0.70625 0.203125 0.0515625 0.0203125
1 0.58828125 0.20859375 0.0453125 0.0171875
1 0.7703125 0.14296875 0.065625 0.025
1 0.79296875 0.17265625 0.0703125 0.028125
1 0.22265625 0.9890625 0.0421875 0.021875
1 0.27109375 0.98984375 0.0453125 0.0203125
1 0.375 0.9765625 0.053125 0.0171875
1 0.38203125 0.99140625 0.0484375 0.0171875
1 0.3 0.9515625 0.0484375 0.021875
1 0.2234375 0.853125 0.0421875 0.0171875
1 0.2859375 0.8203125 0.0359375 0.01875
1 0.4921875 0.5671875 0.0765625 0.0296875
1 0.403125 0.6140625 0.065625 0.021875
1 0.259375 0.5578125 0.0546875 0.021875
1 0.21640625 0.62890625 0.0453125 0.0203125
1 0.1921875 0.67734375 0.0453125 0.0171875
1 0.21015625 0.71015625 0.0484375 0.01875
1 0.19921875 0.72109375 0.0328125 0.01875
1 0.25625 0.73359375 0.0421875 0.01875
1 0.2421875 0.76796875 0.0390625 0.015625
1 0.23046875 0.7828125 0.0421875 0.01875
1 0.5984375 0.5609375 0.05 0.0203125
1 0.640625 0.578125 0.0484375 0.021875
1 0.5859375 0.678125 0.0453125 0.0171875
1 0.55703125 0.74453125 0.0359375 0.0140625
1 0.6484375 0.77109375 0.040625 0.015625
1 0.6953125 0.72421875 0.0515625 0.021875
1 0.7453125 0.6984375 0.0609375 0.0265625
1 0.80625 0.6609375 0.0703125 0.028125
1 0.8328125 0.59921875 0.078125 0.0265625
1 0.88125 0.92421875 0.0703125 0.028125
1 0.834375 0.915625 0.0703125 0.025
1 0.7703125 0.95859375 0.0703125 0.0234375
1 0.69375 0.95 0.0546875 0.021875
1 0.67265625 0.9375 0.0609375 0.01875
1 0.62265625 0.8484375 0.0421875 0.0171875
1 0.6375 0.79140625 0.0515625 0.021875