1 0.21640625 0.225 0.059375 0.0171875
1 0.3265625 0.05390625 0.0640625 0.0203125
1 0.3875 0.05625 0.0484375 0.0171875
1 0.39609375 0.07734375 0.053125 0.0125
1 0.4625 0.1546875 0.0328125 0.0140625
1 0.44765625 0.2734375 0.046875 0.0125
1 0.440625 0.2953125 0.0421875 0.01875
1 0.38515625 0.3484375 0.04375 0.0140625
1 0.3703125 0.36953125 0.0453125 0.0171875
1 0.51640625 0.40234375 0.040625 0.0109375
1 0.434375 0.45 0.040625 0.0125
1 0.35625 0.44375 0.0453125 0.0171875
1 0.40546875 0.51796875 0.04375 0.015625
0 0.93125 0.40546875 0.0140625 0.00625
0 0.89921875 0.26171875 0.015625 0.0109375
0 0.909375 0.16171875 0.015625 0.009375
0 0.9046875 0.103125 0.015625 0.0078125
0 0.9375 0.01796875 0.01875 0.00625
1 0.98828125 0.38125 0.0234375 0.025
1 0.96484375 0.33515625 0.0703125 0.0234375
1 0.540625 0.82109375 0.0640625 0.0203125
1 0.47421875 0.828125 0.053125 0.015625
1 0.5109375 0.78984375 0.0609375 0.0234375
1 0.4890625 0.76328125 0.0640625 0.01875
1 0.5609375 0.740625 0.0609375 0.01875
1 0.61796875 0.75078125 0.0375 0.0125
1 0.665625 0.6578125 0.0375 0.0125
1 0.60234375 0.67890625 0.040625 0.0125
1 0.6078125 0.60078125 0.0421875 0.01875
1 0.56171875 0.63828125 0.059375 0.0140625
1 0.503125 0.63984375 0.046875 0.015625
1 0.53046875 0.67578125 0.059375 0.0140625
1 0.40703125 0.63125 0.0703125 0.0171875
1 0.88359375 0.828125 0.0890625 0.0265625
1 0.93203125 0.621875 0.0734375 0.025
1 0.9390625 0.584375 0.0734375 0.0203125
1 0.9328125 0.60625 0.0484375 0.025
0 0.92265625 0.6078125 0.015625 0.0078125