1 0.278125 0.05859375 0.021875 0.0609375
0 0.30546875 0.11015625 0.0125 0.0203125
0 0.29140625 0.00546875 0.0046875 0.0109375
0 0.4109375 0.08359375 0.0125 0.0171875
0 0.50546875 0.0125 0.0078125 0.0109375
0 0.578125 0.0609375 0.00625 0.0125
0 0.65703125 0.02890625 0.009375 0.0171875
0 0.7640625 0.0203125 0.0125 0.015625
1 0.36171875 0.0609375 0.021875 0.0546875
1 0.45859375 0.22109375 0.0328125 0.0890625
1 0.49375 0.06640625 0.0296875 0.0625
1 0.70546875 0.0078125 0.0328125 0.015625
1 0.74453125 0.01796875 0.0265625 0.0359375
1 0.9203125 0.24921875 0.040625 0.084375
1 0.88984375 0.0125 0.0265625 0.025
1 0.896875 0.03046875 0.028125 0.0609375
1 0.11484375 0.95625 0.0125 0.0359375
1 0.12890625 0.89765625 0.0140625 0.0390625
1 0.07265625 0.8453125 0.0125 0.0328125
1 0.05546875 0.81796875 0.0125 0.0328125
1 0.00546875 0.8703125 0.0109375 0.028125
1 0.17109375 0.84609375 0.0171875 0.0328125
1 0.97421875 0.78671875 0.01875 0.0421875
1 0.97578125 0.72890625 0.0140625 0.0359375
1 0.90546875 0.81953125 0.015625 0.0359375
1 0.95546875 0.846875 0.025 0.0484375
1 0.90390625 0.89140625 0.0234375 0.0453125
1 0.90390625 0.98828125 0.0265625 0.0234375
1 0.7953125 0.9921875 0.021875 0.015625
1 0.76015625 0.9390625 0.0203125 0.0421875
1 0.7375 0.83359375 0.0171875 0.0296875
1 0.8625 0.853125 0.01875 0.0421875
1 0.8328125 0.79453125 0.0171875 0.0421875
1 0.70625 0.78984375 0.0171875 0.0296875
1 0.65 0.79921875 0.015625 0.0359375
1 0.53671875 0.91171875 0.0140625 0.04375
1 0.496875 0.93203125 0.0125 0.034375
1 0.4703125 0.95234375 0.0234375 0.0453125
1 0.52109375 0.9078125 0.015625 0.0390625
1 0.40859375 0.8578125 0.015625 0.0328125
0 0.5421875 0.9234375 0.00625 0.015625