1 0.55078125 0.51640625 0.046875 0.0140625
1 0.54453125 0.49453125 0.0421875 0.0203125
1 0.49140625 0.43984375 0.0453125 0.015625
1 0.47734375 0.41796875 0.0453125 0.01875
1 0.54453125 0.33984375 0.040625 0.0140625
1 0.465625 0.34375 0.0453125 0.01875
1 0.51796875 0.2703125 0.0453125 0.0171875
1 0.5421875 0.2453125 0.04375 0.0140625
1 0.58203125 0.24921875 0.0140625 0.0140625
1 0.45 0.1484375 0.05 0.0125
1 0.3671875 0.128125 0.0546875 0.01875
1 0.50859375 0.0078125 0.0546875 0.015625
1 0.92265625 0.484375 0.0515625 0.01875
1 0.99296875 0.43515625 0.0140625 0.0171875
1 0.93515625 0.3859375 0.046875 0.015625
1 0.98359375 0.33359375 0.0328125 0.0140625
1 0.88828125 0.24765625 0.0546875 0.01875
1 0.96640625 0.240625 0.0515625 0.0171875
1 0.9921875 0.20546875 0.015625 0.0140625
1 0.9609375 0.2125 0.05 0.0140625
1 0.1640625 0.97265625 0.0453125 0.0203125
1 0.1796875 0.9453125 0.0484375 0.015625
1 0.18671875 0.9109375 0.04375 0.0140625
1 0.17109375 0.8609375 0.0546875 0.0203125
1 0.23125 0.8265625 0.0328125 0.0125
1 0.265625 0.88046875 0.03125 0.009375
1 0.27578125 0.86875 0.0328125 0.0125
1 0.26328125 0.69609375 0.0296875 0.0140625
1 0.228125 0.76171875 0.0421875 0.01875
1 0.171875 0.68359375 0.0421875 0.01875
1 0.0796875 0.58125 0.0578125 0.021875
1 0.20390625 0.6609375 0.0375 0.009375
1 0.2390625 0.6734375 0.040625 0.0140625
1 0.24609375 0.6578125 0.040625 0.0140625
1 0.2546875 0.64140625 0.0515625 0.015625
1 0.2515625 0.57265625 0.046875 0.0125
1 0.9578125 0.96796875 0.0640625 0.015625
1 0.978125 0.8671875 0.04375 0.01875
1 0.98203125 0.828125 0.0359375 0.021875
1 0.92109375 0.778125 0.0578125 0.03125
1 0.96796875 0.653125 0.0640625 0.025