0 0.28046875 0.5578125 0.0203125 0.009375
1 0.2671875 0.5625 0.0421875 0.0171875
1 0.40625 0.36328125 0.0515625 0.0171875
1 0.43203125 0.35703125 0.0484375 0.021875
1 0.5265625 0.3421875 0.0546875 0.0203125
1 0.48203125 0.2125 0.0484375 0.01875
1 0.45078125 0.19375 0.0453125 0.0140625
1 0.34453125 0.1875 0.040625 0.0140625
1 0.25546875 0.19609375 0.040625 0.0140625
1 0.23671875 0.203125 0.0421875 0.0140625
1 0.3375 0.25234375 0.053125 0.0171875
1 0.3625 0.03046875 0.040625 0.0140625
1 0.4328125 0.0390625 0.046875 0.0140625
1 0.31640625 0.0046875 0.0421875 0.009375
1 0.309375 0.30078125 0.0453125 0.0171875
0 0.859375 0.075 0.0234375 0.0125
0 0.9546875 0.265625 0.021875 0.009375
0 0.9703125 0.3390625 0.0171875 0.0109375
1 0.67265625 0.3046875 0.0546875 0.0171875
1 0.66328125 0.07109375 0.0546875 0.01875
1 0.6921875 0.01328125 0.0484375 0.015625
1 0.78359375 0.121875 0.05 0.025
1 0.71875 0.16171875 0.0640625 0.021875
1 0.67421875 0.1296875 0.05 0.0234375
1 0.865625 0.00859375 0.0625 0.0171875
1 0.98203125 0.13984375 0.0359375 0.0234375
1 0.8734375 0.28515625 0.0453125 0.0203125
1 0.81875 0.2984375 0.0546875 0.0234375
1 0.884375 0.359375 0.0609375 0.0171875
1 0.86484375 0.36640625 0.05 0.015625
1 0.90625 0.39609375 0.05 0.028125
1 0.91640625 0.35546875 0.0484375 0.01875
1 0.94375 0.35390625 0.053125 0.021875
1 0.97578125 0.35234375 0.0484375 0.0296875
1 0.953125 0.375 0.0625 0.0296875
1 0.1875 0.77734375 0.040625 0.015625
1 0.146875 0.725 0.0421875 0.015625
1 0.08984375 0.73046875 0.034375 0.0125
1 0.175 0.65390625 0.0359375 0.0140625
1 0.20546875 0.70234375 0.0484375 0.021875
1 0.246875 0.64765625 0.0453125 0.0203125
1 0.36015625 0.63984375 0.0578125 0.021875
1 0.20546875 0.60859375 0.0421875 0.015625
1 0.14453125 0.58515625 0.0421875 0.0109375
1 0.7359375 0.58828125 0.04375 0.0109375
1 0.90703125 0.61015625 0.0640625 0.0203125
1 0.6890625 0.9640625 0.0625 0.0265625