1 0.45546875 0.47109375 0.0265625 0.0234375
1 0.43828125 0.45 0.0453125 0.01875
1 0.33359375 0.4328125 0.040625 0.0171875
1 0.24375 0.43203125 0.040625 0.0171875
1 0.22421875 0.43671875 0.0421875 0.01875
1 0.31953125 0.49609375 0.053125 0.021875
1 0.3671875 0.278125 0.040625 0.0171875
1 0.43671875 0.29375 0.046875 0.01875
1 0.421875 0.228125 0.046875 0.021875
1 0.4578125 0.17265625 0.021875 0.0203125
1 0.37890625 0.13984375 0.0390625 0.015625
1 0.33984375 0.13203125 0.0453125 0.021875
1 0.3125 0.22109375 0.0421875 0.021875
1 0.32421875 0.2453125 0.0421875 0.0203125
1 0.67265625 0.18203125 0.0734375 0.03125
1 0.540625 0.05234375 0.059375 0.03125
1 0.53046875 0.18125 0.05625 0.028125
1 0.51171875 0.44375 0.0625 0.0234375
1 0.484375 0.47890625 0.03125 0.0203125
1 0.23828125 0.91484375 0.0390625 0.0203125
1 0.2609375 0.9453125 0.0390625 0.01875
1 0.225 0.95 0.0421875 0.0203125
1 0.23203125 0.9640625 0.0265625 0.0125
1 0.20859375 0.9984375 0.0265625 0.003125
1 0.165625 0.99609375 0.034375 0.0078125
1 0.2375 0.74453125 0.025 0.0109375
1 0.1078125 0.6984375 0.0265625 0.015625
1 0.11640625 0.61796875 0.034375 0.0171875
1 0.22421875 0.63046875 0.0296875 0.01875
1 0.28359375 0.634375 0.0359375 0.0171875
0 0.265625 0.6421875 0.0109375 0.0078125
0 0.25625 0.68828125 0.0171875 0.009375
1 0.590625 0.69921875 0.0421875 0.021875
1 0.61328125 0.7046875 0.028125 0.0234375
1 0.66015625 0.703125 0.059375 0.028125
1 0.8015625 0.80390625 0.0625 0.03125
1 0.87421875 0.91640625 0.075 0.0375
1 0.61953125 0.8734375 0.0609375 0.028125
1 0.57109375 0.90703125 0.0546875 0.025
1 0.53203125 0.98984375 0.0546875 0.0203125
1 0.51796875 0.971875 0.04375 0.025
1 0.48046875 0.9734375 0.0234375 0.021875
1 0.503125 0.8515625 0.046875 0.025
1 0.5484375 0.8109375 0.053125 0.0296875
1 0.5578125 0.78828125 0.046875 0.021875
1 0.54921875 0.7703125 0.0421875 0.0203125
1 0.58046875 0.76796875 0.0484375 0.0234375
1 0.59296875 0.7671875 0.0484375 0.025
1 0.59453125 0.75703125 0.046875 0.021875
1 0.603125 0.7421875 0.046875 0.0265625
1 0.63515625 0.74140625 0.0546875 0.025