1 0.12265625 0.246875 0.0140625 0.040625
1 0.1140625 0.1765625 0.0140625 0.046875
1 0.178125 0.1984375 0.0171875 0.046875
1 0.17421875 0.10625 0.015625 0.05
1 0.2078125 0.07890625 0.015625 0.05
1 0.2390625 0.153125 0.015625 0.05
1 0.2578125 0.24921875 0.003125 0.0390625
1 0.1734375 0.3078125 0.0171875 0.0421875
1 0.15078125 0.29296875 0.015625 0.0421875
1 0.821875 0.3828125 0.025 0.071875
1 0.028125 0.6609375 0.0203125 0.0671875
1 0.02421875 0.72734375 0.015625 0.05625
1 0.0734375 0.7265625 0.01875 0.0578125
1 0.2 0.74296875 0.015625 0.053125
1 0.23828125 0.75 0.015625 0.0484375
1 0.32421875 0.87109375 0.0203125 0.0609375
1 0.3546875 0.76015625 0.0203125 0.0703125
1 0.47421875 0.87734375 0.021875 0.0640625
1 0.48984375 0.8453125 0.01875 0.0578125
1 0.4625 0.98125 0.021875 0.0375
1 0.4015625 0.9875 0.01875 0.025
1 0.703125 0.86875 0.01875 0.0578125
1 0.73828125 0.87265625 0.0203125 0.0453125
1 0.7328125 0.715625 0.015625 0.05625
1 0.72109375 0.68125 0.021875 0.059375
1 0.646875 0.59296875 0.0234375 0.0703125
1 0.5203125 0.6640625 0.0265625 0.06875
1 0.89296875 0.5859375 0.028125 0.0734375
1 0.91796875 0.6234375 0.0265625 0.0671875
1 0.921875 0.76328125 0.0234375 0.0671875
1 0.90546875 0.83203125 0.0265625 0.06875
1 0.86953125 0.7859375 0.0234375 0.0609375