1 0.1390625 0.003125 0.06875 0.00625
1 0.25625 0.0515625 0.05 0.0109375
1 0.284375 0.05234375 0.059375 0.0140625
1 0.3359375 0.03515625 0.046875 0.0140625
1 0.47265625 0.03515625 0.04375 0.009375
1 0.36796875 0.12578125 0.053125 0.0125
1 0.38828125 0.2328125 0.046875 0.009375
1 0.42421875 0.2796875 0.053125 0.0109375
1 0.53671875 0.309375 0.040625 0.00625
1 0.346875 0.31484375 0.046875 0.0140625
1 0.31875 0.4140625 0.053125 0.0109375
1 0.3171875 0.47265625 0.053125 0.0171875
1 0.446875 0.50234375 0.046875 0.0140625
1 0.03046875 0.4703125 0.0609375 0.0125
1 0.1828125 0.4796875 0.05625 0.0109375
0 0.95078125 0.5359375 0.028125 0.0109375
1 0.88203125 0.51171875 0.0625 0.0171875
1 0.96875 0.55234375 0.046875 0.0140625
1 0.98046875 0.44453125 0.0390625 0.0171875
1 0.9234375 0.346875 0.0609375 0.0203125
1 0.96796875 0.325 0.0453125 0.0171875
1 0.81484375 0.30859375 0.06875 0.0140625
1 0.909375 0.17734375 0.05625 0.0171875
1 0.99140625 0.11015625 0.0171875 0.0109375
1 0.9921875 0.03984375 0.015625 0.0109375
1 0.35078125 0.68046875 0.0484375 0.0140625
1 0.353125 0.7671875 0.0484375 0.0109375
1 0.403125 0.73671875 0.053125 0.0140625
1 0.4265625 0.76875 0.046875 0.0109375
1 0.428125 0.78359375 0.0515625 0.0109375
1 0.43203125 0.80546875 0.0484375 0.0125
1 0.428125 0.82109375 0.04375 0.0125
1 0.40234375 0.91328125 0.04375 0.0125
1 0.40546875 0.94765625 0.0484375 0.0140625
1 0.37890625 0.97265625 0.046875 0.0109375
1 0.44375 0.9734375 0.04375 0.00625
1 0.440625 0.99609375 0.04375 0.0078125
1 0.44765625 0.9375 0.0484375 0.0140625
0 0.96875 0.80234375 0.015625 0.0125
1 0.9734375 0.67734375 0.053125 0.0109375
1 0.91796875 0.6796875 0.046875 0.0140625
1 0.821875 0.69375 0.0703125 0.0140625
1 0.93828125 0.8125 0.0546875 0.0140625
1 0.97109375 0.82109375 0.0578125 0.0140625
1 0.90859375 0.90234375 0.06875 0.0171875
1 0.66640625 0.89296875 0.090625 0.0140625
1 0.9703125 0.97109375 0.05625 0.0140625