1 0.0328125 0.31328125 0.021875 0.0546875
1 0.13125 0.26796875 0.01875 0.046875
1 0.16796875 0.221875 0.0203125 0.053125
1 0.16953125 0.10546875 0.015625 0.040625
1 0.22109375 0.28828125 0.0234375 0.0484375
1 0.32421875 0.29140625 0.0203125 0.053125
1 0.38125 0.27890625 0.0265625 0.0546875
1 0.37890625 0.1453125 0.0234375 0.0484375
1 0.44765625 0.5625 0.0234375 0.071875
1 0.42109375 0.4078125 0.021875 0.05625
1 0.55390625 0.40859375 0.021875 0.05625
1 0.56875 0.3640625 0.0234375 0.0515625
1 0.653125 0.36875 0.03125 0.0671875
1 0.7703125 0.36171875 0.028125 0.0625
1 0.70390625 0.271875 0.025 0.0484375
1 0.77734375 0.26171875 0.0203125 0.046875
1 0.80078125 0.25390625 0.0203125 0.053125
1 0.90390625 0.3125 0.025 0.0640625
1 0.95859375 0.19375 0.021875 0.0453125
1 0.934375 0.2109375 0.0171875 0.0328125
1 0.90859375 0.22109375 0.0140625 0.0328125
1 0.9 0.19921875 0.0203125 0.034375
1 0.884375 0.215625 0.0203125 0.034375
1 0.9203125 0.18671875 0.0140625 0.0375
0 0.91015625 0.21484375 0.0078125 0.0125
1 0.70859375 0.97734375 0.0296875 0.0453125
1 0.73984375 0.86796875 0.0296875 0.0640625
1 0.7734375 0.94375 0.0296875 0.075
1 0.625 0.82890625 0.0296875 0.0640625
1 0.66953125 0.728125 0.0234375 0.0375
1 0.88515625 0.72109375 0.0296875 0.0234375
1 0.9515625 0.91640625 0.0390625 0.0703125