1 0.015625 0.36640625 0.03125 0.0109375
1 0.04140625 0.31796875 0.053125 0.0125
1 0.1515625 0.28203125 0.040625 0.009375
1 0.05234375 0.09453125 0.046875 0.015625
0 0.625 0.05234375 0.009375 0.00625
0 0.6671875 0.1859375 0.009375 0.00625
0 0.58671875 0.2515625 0.009375 0.00625
0 0.6421875 0.26640625 0.0140625 0.0078125
0 0.68515625 0.3984375 0.009375 0.00625
1 0.521875 0.3703125 0.0828125 0.021875
1 0.50859375 0.20234375 0.0703125 0.0234375
1 0.71328125 0.0453125 0.0609375 0.0140625
1 0.6765625 0.01796875 0.065625 0.0203125
1 0.53359375 0.0046875 0.0703125 0.009375
1 0.5546875 0.0703125 0.0734375 0.0203125
1 0.67578125 0.07265625 0.0578125 0.01875
1 0.6625 0.134375 0.059375 0.0171875
1 0.7484375 0.1625 0.053125 0.021875
1 0.13828125 0.5390625 0.0359375 0.009375
1 0.0265625 0.584375 0.040625 0.0125
1 0.13359375 0.7265625 0.040625 0.015625
1 0.11328125 0.81171875 0.04375 0.0109375
1 0.0578125 0.84296875 0.05 0.015625
1 0.01484375 0.875 0.0296875 0.015625
1 0.66171875 0.98125 0.0578125 0.01875
1 0.7359375 0.95 0.065625 0.0203125
1 0.73984375 0.93125 0.0578125 0.0171875
1 0.77265625 0.934375 0.0515625 0.0234375
1 0.7203125 0.9015625 0.0515625 0.021875
1 0.75234375 0.84609375 0.05 0.0125
1 0.703125 0.76171875 0.05625 0.015625
1 0.4796875 0.503125 0.059375 0.021875
1 0.640625 0.43984375 0.0703125 0.028125
1 0.76875 0.5546875 0.0453125 0.01875
1 0.77109375 0.63671875 0.0421875 0.01875
1 0.73046875 0.6453125 0.034375 0.0109375
1 0.73046875 0.65 0.0375 0.015625
1 0.7953125 0.6875 0.0328125 0.009375
1 0.79921875 0.72265625 0.0375 0.0125
1 0.7734375 0.75 0.0359375 0.015625
1 0.8 0.85703125 0.040625 0.0109375
1 0.79609375 0.8640625 0.0375 0.0109375
0 0.78515625 0.69296875 0.0125 0.00625
1 0.765625 0.7015625 0.0421875 0.0125