0 0.26484375 0.00546875 0.0140625 0.0109375
1 0.2375 0.0453125 0.06875 0.0265625
1 0.2703125 0.05390625 0.0640625 0.0296875
1 0.16640625 0.1265625 0.0796875 0.0328125
1 0.70234375 0.01953125 0.0609375 0.025
1 0.6 0.06796875 0.0625 0.0265625
1 0.5703125 0.1265625 0.0578125 0.0265625
1 0.66953125 0.17265625 0.0625 0.0265625
1 0.71015625 0.13359375 0.0625 0.0265625
1 0.00625 0.44140625 0.0125 0.0203125
1 0.0234375 0.55546875 0.0421875 0.015625
1 0.08359375 0.47421875 0.0484375 0.0171875
1 0.103125 0.6359375 0.04375 0.0140625
1 0.1140625 0.67265625 0.0421875 0.01875
1 0.00703125 0.715625 0.0140625 0.01875
1 0.01875 0.8890625 0.0375 0.01875
1 0.015625 0.90390625 0.03125 0.0203125
1 0.1359375 0.79296875 0.0375 0.0125
1 0.89609375 0.80859375 0.0359375 0.015625
1 0.84296875 0.8390625 0.0421875 0.0203125
1 0.8515625 0.93046875 0.0484375 0.0171875
1 0.76484375 0.9921875 0.0515625 0.015625
1 0.77890625 0.78671875 0.0515625 0.021875
1 0.8078125 0.77578125 0.0484375 0.0171875
1 0.86328125 0.6953125 0.034375 0.0125
1 0.85625 0.59375 0.0296875 0.0078125
1 0.80859375 0.596875 0.040625 0.0125
1 0.7515625 0.58828125 0.0484375 0.0171875
1 0.68828125 0.59609375 0.0546875 0.01875
1 0.6390625 0.64765625 0.0640625 0.0296875
1 0.703125 0.66484375 0.0515625 0.0203125
1 0.7234375 0.73203125 0.0546875 0.0234375
1 0.703125 0.7828125 0.059375 0.0203125
1 0.79921875 0.40625 0.0375 0.0109375
1 0.7828125 0.39140625 0.040625 0.0125
1 0.73203125 0.32578125 0.046875 0.0125
1 0.62890625 0.3 0.0671875 0.0234375
1 0.6140625 0.5140625 0.071875 0.021875
1 0.62578125 0.53203125 0.0765625 0.025
0 0.7921875 0.99453125 0.0203125 0.009375