0 0.19609375 0.22265625 0.0203125 0.0125
0 0.18203125 0.33125 0.0171875 0.0125
1 0.21640625 0.2921875 0.0453125 0.021875
1 0.040625 0.32265625 0.08125 0.0328125
1 0.23125 0.171875 0.015625 0.028125
1 0.1890625 0.0890625 0.0796875 0.0328125
0 0.959375 0.13515625 0.0140625 0.0078125
1 0.9640625 0.16484375 0.0390625 0.015625
1 0.8859375 0.0046875 0.04375 0.009375
1 0.871875 0.0078125 0.05 0.015625
1 0.85703125 0.01640625 0.0578125 0.021875
1 0.84609375 0.0671875 0.05 0.01875
1 0.8640625 0.0796875 0.053125 0.0203125
1 0.8390625 0.08203125 0.0546875 0.01875
1 0.81796875 0.13671875 0.05625 0.0296875
1 0.80625 0.12890625 0.0484375 0.021875
1 0.80234375 0.1546875 0.0546875 0.01875
1 0.81953125 0.1609375 0.0578125 0.021875
1 0.8375 0.2125 0.059375 0.0203125
1 0.184375 0.65078125 0.0921875 0.0390625
1 0.22265625 0.58515625 0.0328125 0.0328125
1 0.18828125 0.3734375 0.075 0.0265625
0 0.2890625 0.36484375 0.028125 0.0109375