0 0.2671875 0.47421875 0.0125 0.0078125
0 0.30078125 0.39609375 0.0171875 0.009375
0 0.446875 0.38828125 0.0171875 0.009375
0 0.41953125 0.3328125 0.0203125 0.0109375
0 0.35234375 0.25078125 0.0171875 0.009375
0 0.3109375 0.28828125 0.015625 0.0125
1 0.4546875 0.44921875 0.053125 0.021875
1 0.384375 0.3953125 0.0671875 0.0265625
1 0.39375 0.353125 0.0625 0.021875
1 0.34453125 0.3484375 0.059375 0.0328125
1 0.32890625 0.30859375 0.0703125 0.028125
1 0.41953125 0.29453125 0.0640625 0.0296875
1 0.4203125 0.26171875 0.0484375 0.025
1 0.440625 0.25546875 0.06875 0.028125
1 0.084375 0.12890625 0.084375 0.040625
1 0.3796875 0.18125 0.0703125 0.028125
1 0.33984375 0.16328125 0.0625 0.028125
1 0.30546875 0.1546875 0.065625 0.028125
1 0.94140625 0.40546875 0.084375 0.040625
1 0.46953125 0.76015625 0.1125 0.04375
1 0.5671875 0.66171875 0.103125 0.0421875
1 0.57890625 0.5828125 0.0796875 0.034375
1 0.453125 0.58125 0.103125 0.034375
1 0.409375 0.671875 0.0828125 0.034375
1 0.35703125 0.684375 0.0828125 0.0296875
1 0.46796875 0.49453125 0.0984375 0.0109375
1 0.6546875 0.96171875 0.071875 0.0390625
1 0.65390625 0.81953125 0.0703125 0.0359375
1 0.73359375 0.60390625 0.0734375 0.0265625
1 0.7609375 0.5484375 0.0828125 0.034375
1 0.83046875 0.52109375 0.0625 0.028125
1 0.85390625 0.50703125 0.059375 0.0296875
1 0.878125 0.57265625 0.0546875 0.021875
1 0.8890625 0.58046875 0.065625 0.025