0 0.21953125 0.078125 0.0109375 0.0203125
1 0.2109375 0.01171875 0.021875 0.0234375
1 0.1453125 0.10546875 0.0234375 0.0734375
1 0.14453125 0.109375 0.0234375 0.0484375
1 0.078125 0.0640625 0.0234375 0.078125
1 0.32890625 0.04296875 0.0265625 0.0703125
1 0.403125 0.2015625 0.0328125 0.0828125
1 0.784375 0.253125 0.0203125 0.0640625
1 0.8046875 0.2625 0.0234375 0.0546875
1 0.6140625 0.1671875 0.0171875 0.053125
1 0.5671875 0.11484375 0.01875 0.0421875
1 0.73203125 0.10703125 0.01875 0.0375
1 0.75625 0.13671875 0.0234375 0.0453125
1 0.7875 0.1046875 0.015625 0.0390625
1 0.815625 0.1140625 0.0203125 0.0453125
1 0.84765625 0.10625 0.0140625 0.040625
1 0.84453125 0.14765625 0.0203125 0.05
1 0.89140625 0.12578125 0.0171875 0.0453125
1 0.89296875 0.12421875 0.0203125 0.0484375
1 0.8640625 0.09140625 0.0125 0.0375
1 0.99765625 0.15234375 0.0046875 0.0515625
0 0.703125 0.103125 0.0078125 0.0125
0 0.31484375 0.725 0.0078125 0.0125
1 0.31640625 0.7078125 0.015625 0.046875
1 0.41328125 0.825 0.0171875 0.0546875
1 0.2671875 0.78359375 0.0234375 0.0546875
1 0.19609375 0.759375 0.0203125 0.0484375
1 0.13984375 0.76015625 0.0125 0.0375
1 0.18984375 0.678125 0.0140625 0.0359375
1 0.28515625 0.6859375 0.0171875 0.0453125
1 0.36640625 0.61328125 0.0140625 0.0390625
1 0.23984375 0.61328125 0.0140625 0.0390625
1 0.1734375 0.65703125 0.0125 0.0359375
1 0.03125 0.58125 0.0109375 0.034375
1 0.0375 0.6421875 0.0125 0.0359375
1 0.0140625 0.73984375 0.015625 0.0390625
1 0.01875 0.77421875 0.0171875 0.046875
1 0.05546875 0.884375 0.0171875 0.0640625
1 0.484375 0.5453125 0.025 0.0703125
1 0.615625 0.5 0.01875 0.021875
1 0.58203125 0.559375 0.01875 0.0578125
1 0.6328125 0.6015625 0.0234375 0.0578125
1 0.61796875 0.59140625 0.03125 0.03125
1 0.64765625 0.57265625 0.0140625 0.040625
0 0.63828125 0.60078125 0.015625 0.0296875
1 0.7640625 0.50703125 0.021875 0.0359375
1 0.7828125 0.54921875 0.025 0.0625
1 0.82109375 0.54140625 0.021875 0.0640625
1 0.86953125 0.5171875 0.0171875 0.05625
1 0.884375 0.5109375 0.021875 0.04375
1 0.9640625 0.53671875 0.01875 0.0578125
1 0.97890625 0.59921875 0.0171875 0.05
1 0.95703125 0.590625 0.021875 0.0578125
1 0.7 0.7 0.0328125 0.0734375
1 0.6734375 0.7734375 0.028125 0.09375