0 0.12109375 0.36328125 0.01875 0.009375
1 0.259375 0.54453125 0.065625 0.0171875
1 0.28046875 0.5296875 0.053125 0.0109375
1 0.28828125 0.4625 0.059375 0.015625
1 0.3109375 0.3859375 0.0578125 0.0203125
1 0.21015625 0.36015625 0.0671875 0.0171875
1 0.10390625 0.44140625 0.071875 0.01875
1 0.1 0.4421875 0.046875 0.0203125
1 0.1546875 0.50234375 0.0765625 0.01875
1 0.140625 0.25078125 0.06875 0.021875
1 0.26171875 0.21015625 0.065625 0.0203125
1 0.29609375 0.234375 0.053125 0.0171875
1 0.7390625 0.06484375 0.0640625 0.0140625
1 0.65625 0.1234375 0.053125 0.0140625
1 0.80546875 0.15859375 0.040625 0.0109375
0 0.81328125 0.1640625 0.0140625 0.0046875
1 0.82890625 0.190625 0.040625 0.0109375
1 0.80703125 0.246875 0.040625 0.0140625
1 0.759375 0.21484375 0.053125 0.0140625
1 0.6984375 0.2921875 0.05 0.0140625
1 0.75 0.3140625 0.059375 0.0171875
1 0.85546875 0.32109375 0.0375 0.009375
1 0.80859375 0.40078125 0.0453125 0.0171875
1 0.80859375 0.50546875 0.04375 0.0109375
1 0.7609375 0.5546875 0.046875 0.009375
1 0.8515625 0.496875 0.04375 0.0140625
1 0.8546875 0.50625 0.0453125 0.0140625
1 0.0078125 0.89296875 0.015625 0.0203125
1 0.08203125 0.9453125 0.071875 0.015625
1 0.1171875 0.88125 0.05625 0.0125
1 0.14375 0.871875 0.059375 0.0109375
1 0.2109375 0.86796875 0.053125 0.0109375
1 0.16796875 0.91484375 0.053125 0.0140625
1 0.19765625 0.9171875 0.053125 0.0140625
1 0.15859375 0.95625 0.0609375 0.0140625
1 0.071875 0.62578125 0.071875 0.015625
1 0.2078125 0.76875 0.046875 0.0109375
1 0.23125 0.76328125 0.05 0.0109375
1 0.60625 0.5671875 0.04375 0.0078125
1 0.609375 0.58125 0.040625 0.0140625
1 0.66796875 0.58359375 0.040625 0.009375
1 0.5515625 0.7328125 0.046875 0.0109375
1 0.51640625 0.75 0.0453125 0.015625
1 0.51484375 0.82734375 0.04375 0.0140625
1 0.58359375 0.87265625 0.05 0.0125
1 0.640625 0.82265625 0.04375 0.0109375
1 0.7078125 0.7515625 0.0390625 0.0140625
1 0.55859375 0.92265625 0.0484375 0.0203125