1 0.67734375 0.38046875 0.0234375 0.0671875
1 0.66640625 0.35703125 0.015625 0.053125
1 0.6015625 0.33828125 0.021875 0.0609375
1 0.5296875 0.3046875 0.025 0.059375
1 0.48828125 0.4 0.0234375 0.06875
1 0.61875 0.4484375 0.025 0.021875
1 0.36953125 0.4375 0.0265625 0.04375
1 0.34765625 0.32578125 0.0265625 0.0671875
1 0.37734375 0.2953125 0.021875 0.0546875
1 0.1109375 0.390625 0.015625 0.0671875
1 0.0421875 0.37421875 0.0265625 0.0671875
1 0.92265625 0.43203125 0.0265625 0.0546875
1 0.946875 0.43671875 0.03125 0.0453125
1 0.8421875 0.228125 0.0234375 0.0609375
1 0.7875 0.3546875 0.021875 0.0578125
1 0.7984375 0.3125 0.021875 0.0546875
1 0.73359375 0.24375 0.0234375 0.0578125
1 0.73359375 0.30703125 0.021875 0.0609375
1 0.76484375 0.303125 0.021875 0.0671875
1 0.75078125 0.31640625 0.01875 0.0640625
0 0.88828125 0.39140625 0.015625 0.0234375
1 0.61171875 0.48828125 0.0203125 0.0578125
1 0.5890625 0.4890625 0.0203125 0.0578125
1 0.43125 0.5421875 0.021875 0.0640625
1 0.39296875 0.66875 0.028125 0.0859375
1 0.946875 0.9390625 0.0171875 0.0609375
1 0.72265625 0.81328125 0.01875 0.0546875
1 0.85078125 0.75390625 0.01875 0.0484375
1 0.71953125 0.70390625 0.0140625 0.0421875
1 0.721875 0.60703125 0.0125 0.0453125
1 0.78984375 0.57890625 0.0140625 0.0421875
1 0.69453125 0.53515625 0.0109375 0.0328125