1 0.70078125 0.2671875 0.0609375 0.0203125
1 0.6515625 0.18671875 0.05 0.0234375
1 0.6359375 0.14296875 0.0546875 0.0203125
1 0.6109375 0.1640625 0.046875 0.0140625
1 0.59921875 0.15390625 0.04375 0.0125
1 0.575 0.14375 0.0484375 0.0171875
1 0.5859375 0.16640625 0.04375 0.009375
1 0.590625 0.178125 0.040625 0.0125
1 0.590625 0.18203125 0.0453125 0.0140625
1 0.590625 0.20078125 0.040625 0.0125
1 0.58828125 0.2203125 0.0234375 0.0265625
1 0.58203125 0.23359375 0.0421875 0.01875
1 0.55703125 0.25546875 0.040625 0.0125
1 0.56484375 0.2984375 0.0453125 0.015625
1 0.54765625 0.33046875 0.040625 0.009375
1 0.61484375 0.32421875 0.0484375 0.0171875
0 0.58515625 0.32109375 0.015625 0.0109375
1 0.24921875 0.7515625 0.0796875 0.028125
1 0.19296875 0.70390625 0.0796875 0.021875
1 0.1171875 0.80625 0.075 0.021875
1 0.09296875 0.79921875 0.0765625 0.01875
1 0.02578125 0.78828125 0.0515625 0.0203125
1 0.0109375 0.634375 0.021875 0.025
1 0.1 0.4765625 0.0734375 0.025
1 0.08125 0.4453125 0.0796875 0.025
1 0.046875 0.3640625 0.0703125 0.025
1 0.91171875 0.46796875 0.0609375 0.025
1 0.89140625 0.353125 0.0765625 0.028125
1 0.74375 0.47109375 0.0578125 0.021875
1 0.6671875 0.44609375 0.0625 0.0171875
1 0.66640625 0.54296875 0.065625 0.01875
1 0.7921875 0.76015625 0.0734375 0.03125
1 0.64609375 0.81484375 0.0640625 0.0203125
1 0.53984375 0.75859375 0.05 0.0203125
1 0.521875 0.8453125 0.0421875 0.015625
1 0.48125 0.9078125 0.0609375 0.0203125
1 0.35625 0.7390625 0.0515625 0.0171875
1 0.49375 0.56796875 0.059375 0.0140625
1 0.39296875 0.56953125 0.0453125 0.0140625
1 0.39140625 0.55390625 0.0375 0.0125
1 0.33671875 0.49296875 0.0421875 0.015625
1 0.4640625 0.4609375 0.0515625 0.0171875
1 0.38828125 0.51640625 0.04375 0.0125
1 0.50234375 0.4453125 0.0546875 0.0171875
0 0.5015625 0.7890625 0.0234375 0.0140625