1 0.62734375 0.4296875 0.03125 0.0828125
1 0.61484375 0.446875 0.0296875 0.065625
1 0.86328125 0.25390625 0.028125 0.0671875
1 0.73203125 0.29296875 0.0203125 0.059375
1 0.915625 0.3609375 0.0171875 0.0421875
1 0.91484375 0.3734375 0.0171875 0.040625
1 0.87734375 0.39921875 0.0203125 0.0484375
1 0.8234375 0.3984375 0.0171875 0.040625
1 0.80625 0.3984375 0.0171875 0.0453125
1 0.7921875 0.41640625 0.0171875 0.0453125
1 0.79453125 0.36953125 0.0234375 0.059375
1 0.81875 0.45234375 0.0171875 0.040625
1 0.72734375 0.453125 0.0140625 0.0453125
1 0.00625 0.82421875 0.0125 0.0578125
0 0.68359375 0.92890625 0.0078125 0.0140625
1 0.6578125 0.94453125 0.015625 0.0390625
1 0.696875 0.7984375 0.00625 0.05
1 0.69375 0.81875 0.0125 0.053125
1 0.6875 0.79765625 0.01875 0.0546875
1 0.628125 0.79765625 0.0296875 0.05625
1 0.63125 0.784375 0.021875 0.0484375
1 0.60625 0.790625 0.01875 0.0546875
1 0.60625 0.80859375 0.021875 0.0578125
1 0.565625 0.84453125 0.0203125 0.059375
1 0.31953125 0.84609375 0.0265625 0.0578125
1 0.2359375 0.92109375 0.01875 0.0546875
1 0.17109375 0.928125 0.0234375 0.0578125
1 0.85 0.92421875 0.0234375 0.0421875
1 0.9359375 0.63125 0.0453125 0.1046875
1 0.725 0.74609375 0.0375 0.075
1 0.82265625 0.96640625 0.0328125 0.0625
1 0.9328125 0.984375 0.021875 0.03125
1 0.81015625 0.9875 0.0234375 0.025
1 0.79765625 0.9890625 0.0234375 0.021875