0 0.68828125 0.07890625 0.009375 0.0140625
1 0.7765625 0.0125 0.028125 0.025
1 0.7796875 0.03046875 0.025 0.0609375
1 0.97734375 0.02578125 0.0203125 0.0515625
1 0.953125 0.034375 0.025 0.0578125
1 0.9234375 0.04921875 0.0171875 0.0390625
1 0.8984375 0.0796875 0.0203125 0.0484375
1 0.77109375 0.11171875 0.015625 0.0390625
1 0.68359375 0.09296875 0.0171875 0.0296875
1 0.65390625 0.08671875 0.0203125 0.0390625
1 0.9234375 0.06796875 0.0171875 0.0390625
1 0.93515625 0.05546875 0.0265625 0.046875
1 0.95390625 0.06484375 0.0234375 0.0421875
1 0.96875 0.06875 0.0203125 0.053125
1 0.9703125 0.0609375 0.0234375 0.0453125
1 0.9953125 0.03515625 0.009375 0.0546875
1 0.996875 0.05234375 0.00625 0.0640625
1 0.0453125 0.7390625 0.0171875 0.0359375
1 0.0375 0.67890625 0.0234375 0.0421875
1 0.1109375 0.640625 0.025 0.0515625
1 0.11015625 0.6703125 0.0203125 0.0484375
1 0.1625 0.753125 0.0140625 0.034375
1 0.25859375 0.78671875 0.009375 0.0296875
1 0.27421875 0.74140625 0.015625 0.040625
1 0.3046875 0.6921875 0.0203125 0.0484375
1 0.321875 0.63125 0.0203125 0.053125
1 0.29375 0.565625 0.0328125 0.065625
1 0.253125 0.61796875 0.0234375 0.0515625
1 0.18359375 0.6109375 0.025 0.0546875
1 0.14375 0.571875 0.021875 0.059375
1 0.421875 0.59375 0.015625 0.071875
1 0.40546875 0.5984375 0.0296875 0.0765625
1 0.5359375 0.646875 0.025 0.0578125
1 0.75703125 0.640625 0.0203125 0.053125
1 0.77421875 0.6078125 0.0140625 0.0359375
1 0.75078125 0.45703125 0.0234375 0.0578125
1 0.990625 0.4625 0.01875 0.05
1 0.99296875 0.42421875 0.0140625 0.0484375
1 0.80390625 0.703125 0.015625 0.0390625
1 0.7984375 0.771875 0.0234375 0.0484375
1 0.90390625 0.834375 0.021875 0.0421875
1 0.83828125 0.72734375 0.0203125 0.0484375
1 0.9015625 0.74453125 0.0234375 0.0453125
1 0.93984375 0.73125 0.021875 0.0515625
1 0.99375 0.75625 0.0125 0.053125
1 0.978125 0.80625 0.025 0.04375
1 0.940625 0.634375 0.0296875 0.05625