0 0.16640625 0.1953125 0.0046875 0.00625
1 0.06171875 0.33828125 0.0203125 0.0421875
1 0.04453125 0.31796875 0.021875 0.0515625
1 0.07109375 0.3140625 0.01875 0.0421875
1 0.15 0.303125 0.021875 0.0484375
1 0.11484375 0.2828125 0.0203125 0.0484375
1 0.159375 0.2421875 0.0203125 0.0453125
1 0.1140625 0.23046875 0.01875 0.0390625
1 0.13359375 0.2 0.015625 0.0328125
1 0.14609375 0.18046875 0.0171875 0.0328125
1 0.23515625 0.23828125 0.01875 0.0421875
1 0.21171875 0.26171875 0.021875 0.05
1 0.19609375 0.34296875 0.0203125 0.0328125
1 0.296875 0.33828125 0.025 0.0421875
1 0.36484375 0.20625 0.01875 0.0421875
1 0.3078125 0.2 0.0140625 0.034375
1 0.2546875 0.19140625 0.01875 0.040625
1 0.42734375 0.21484375 0.025 0.0515625
1 0.509375 0.22578125 0.021875 0.0421875
1 0.515625 0.17265625 0.0203125 0.0484375
1 0.990625 0.15546875 0.01875 0.0546875
1 0.87734375 0.2078125 0.0265625 0.0546875
1 0.896875 0.26171875 0.0359375 0.0578125
1 0.878125 0.32421875 0.025 0.0546875
1 0.64296875 0.2109375 0.025 0.046875
1 0.67578125 0.23828125 0.0234375 0.0484375
1 0.60078125 0.28125 0.021875 0.046875
1 0.59609375 0.27265625 0.021875 0.053125
0 0.68515625 0.28125 0.015625 0.0203125
0 0.00234375 0.43671875 0.0046875 0.0203125
1 0.00546875 0.45390625 0.0109375 0.0421875
1 0.00625 0.53359375 0.0125 0.0609375
1 0.0296875 0.51796875 0.025 0.0578125
1 0.05625 0.58203125 0.025 0.0578125
1 0.13125 0.48828125 0.0265625 0.0609375
1 0.15 0.47265625 0.025 0.0578125
1 0.25 0.39765625 0.0296875 0.0609375
1 0.3859375 0.38046875 0.034375 0.0421875
1 0.384375 0.53046875 0.0328125 0.065625
1 0.32890625 0.6046875 0.03125 0.0671875
1 0.21328125 0.64921875 0.034375 0.0671875
1 0.2203125 0.74375 0.034375 0.071875
1 0.12734375 0.7 0.025 0.06875
1 0.465625 0.7203125 0.0359375 0.0796875
1 0.44140625 0.5546875 0.0265625 0.0515625
1 0.91171875 0.8109375 0.0234375 0.0453125
1 0.709375 0.64921875 0.015625 0.040625
1 0.80234375 0.678125 0.0203125 0.0453125
1 0.79453125 0.7171875 0.0234375 0.0453125
1 0.7984375 0.78046875 0.0203125 0.0421875
1 0.7796875 0.90234375 0.025 0.0515625
1 0.7359375 0.9125 0.0234375 0.0453125
1 0.62578125 0.94296875 0.025 0.05625
1 0.60546875 0.9140625 0.025 0.0453125
1 0.59375 0.77109375 0.021875 0.05
1 0.65234375 0.7140625 0.021875 0.0390625
1 0.653125 0.69296875 0.021875 0.0453125
1 0.61171875 0.6796875 0.0203125 0.0453125
1 0.9765625 0.61796875 0.01875 0.0390625