1 0.028125 0.453125 0.05 0.0125
1 0.03359375 0.35390625 0.0578125 0.0203125
1 0.98359375 0.35859375 0.0328125 0.0171875
1 0.9828125 0.39609375 0.034375 0.0171875
1 0.9921875 0.4078125 0.015625 0.009375
1 0.98828125 0.453125 0.0234375 0.009375
1 0.92578125 0.20078125 0.025 0.009375
1 0.7875 0.20390625 0.0265625 0.0140625
1 0.76640625 0.1265625 0.034375 0.0140625
1 0.871875 0.09921875 0.0296875 0.015625
1 0.92890625 0.08125 0.0359375 0.0140625
0 0.91484375 0.0953125 0.009375 0.0078125
0 0.92265625 0.14140625 0.015625 0.0078125
0 0.23125 0.81875 0.0171875 0.0140625
1 0.14609375 0.9828125 0.0390625 0.0140625
1 0.2125 0.98984375 0.0421875 0.015625
1 0.190625 0.91484375 0.0421875 0.021875
1 0.24375 0.9421875 0.059375 0.0171875
1 0.3015625 0.93203125 0.0484375 0.01875
1 0.28203125 0.97265625 0.059375 0.0171875
1 0.39375 0.903125 0.071875 0.021875
1 0.26015625 0.803125 0.05625 0.0203125
1 0.22578125 0.8 0.0609375 0.0203125
1 0.27578125 0.71015625 0.0703125 0.025
1 0.28828125 0.5609375 0.06875 0.0203125
1 0.203125 0.6515625 0.0578125 0.0203125
1 0.1515625 0.6515625 0.0609375 0.0203125
0 0.83515625 0.58984375 0.03125 0.01875
1 0.7390625 0.496875 0.1109375 0.0390625
1 0.7578125 0.634375 0.1125 0.040625
1 0.6046875 0.83359375 0.08125 0.021875
1 0.61015625 0.84375 0.08125 0.0203125
1 0.49375 0.8046875 0.05 0.021875