0 0.57109375 0.353125 0.00625 0.0046875
1 0.4234375 0.1375 0.0484375 0.0203125
1 0.42734375 0.24609375 0.0484375 0.0203125
1 0.45078125 0.2296875 0.053125 0.0203125
1 0.4546875 0.25625 0.0421875 0.01875
1 0.4640625 0.3359375 0.0484375 0.021875
1 0.484375 0.30078125 0.0484375 0.0203125
1 0.525 0.34609375 0.0453125 0.01875
1 0.53671875 0.30078125 0.0390625 0.0171875
1 0.5671875 0.32109375 0.0328125 0.0140625
1 0.5859375 0.33359375 0.0328125 0.015625
1 0.52734375 0.42109375 0.0421875 0.01875
1 0.50390625 0.39765625 0.05 0.021875
1 0.41328125 0.38125 0.05 0.01875
1 0.4171875 0.48125 0.0578125 0.025
1 0.55703125 0.5515625 0.0421875 0.01875
1 0.5640625 0.49453125 0.034375 0.0140625
1 0.5734375 0.4421875 0.040625 0.0171875
1 0.54765625 0.6140625 0.0515625 0.0234375
1 0.534375 0.69609375 0.0421875 0.021875
1 0.58828125 0.703125 0.0484375 0.0203125
1 0.89296875 0.11015625 0.05625 0.021875
1 0.9375 0.125 0.0515625 0.0234375
1 0.9328125 0.209375 0.0671875 0.03125
1 0.93984375 0.3265625 0.0625 0.028125
1 0.978125 0.459375 0.04375 0.025
1 0.98359375 0.584375 0.0328125 0.034375
1 0.92734375 0.6671875 0.0765625 0.0328125
1 0.53984375 0.8046875 0.0546875 0.009375
1 0.4703125 0.8984375 0.05 0.0265625
1 0.35 0.83203125 0.0546875 0.0265625
1 0.39453125 0.884375 0.0515625 0.0234375
1 0.53828125 0.965625 0.040625 0.015625