0 0.475 0.2734375 0.0078125 0.015625
0 0.384375 0.4109375 0.009375 0.0171875
0 0.23203125 0.36328125 0.0078125 0.0171875
0 0.225 0.47890625 0.0125 0.021875
0 0.0375 0.575 0.0078125 0.015625
1 0.2796875 0.23125 0.0234375 0.0703125
1 0.20625 0.24375 0.0234375 0.0703125
1 0.17109375 0.2984375 0.01875 0.0609375
1 0.08671875 0.31875 0.01875 0.0640625
1 0.01796875 0.38671875 0.025 0.0671875
1 0.00703125 0.39296875 0.0140625 0.0640625
1 0.3 0.56796875 0.034375 0.0640625
1 0.1703125 0.571875 0.028125 0.05625
1 0.10703125 0.453125 0.025 0.0546875
1 0.07734375 0.47421875 0.0234375 0.0796875
1 0.36171875 0.33828125 0.01875 0.06875
1 0.38125 0.32265625 0.0234375 0.0765625
1 0.4875 0.43125 0.0265625 0.0859375
1 0.99453125 0.20078125 0.0109375 0.0609375
1 0.88671875 0.171875 0.021875 0.065625
1 0.75390625 0.24375 0.0328125 0.05625
1 0.78671875 0.28671875 0.025 0.0609375
1 0.5640625 0.265625 0.0203125 0.0640625
1 0.63046875 0.24453125 0.025 0.0609375
1 0.7890625 0.1234375 0.0234375 0.0578125
1 0.815625 0.084375 0.0171875 0.0546875
1 0.84453125 0.10234375 0.0171875 0.05625
1 0.85703125 0.1046875 0.01875 0.05
1 0.89140625 0.10625 0.0265625 0.0578125
1 0.8921875 0.1265625 0.0234375 0.0546875
1 0.92109375 0.08203125 0.0171875 0.05625
1 0.915625 0.06875 0.0203125 0.0625
1 0.93671875 0.0390625 0.01875 0.05
1 0.93125 0.0375 0.01875 0.0484375
0 0.56484375 0.29453125 0.015625 0.0265625
1 0.125 0.8890625 0.0265625 0.0640625
1 0.0453125 0.828125 0.0203125 0.0625
1 0.14140625 0.625 0.0171875 0.05
1 0.1 0.653125 0.01875 0.0484375
1 0.10859375 0.66171875 0.0203125 0.046875
1 0.11640625 0.68671875 0.0203125 0.046875
1 0.1125 0.7015625 0.0203125 0.0578125
1 0.334375 0.60625 0.0125 0.0125
1 0.359375 0.76171875 0.0203125 0.0640625
1 0.27265625 0.6421875 0.0234375 0.0578125
0 0.31796875 0.61171875 0.01875 0.0234375
1 0.53046875 0.76796875 0.01875 0.06875
1 0.55234375 0.71484375 0.015625 0.0484375
1 0.5515625 0.659375 0.015625 0.0421875
1 0.61484375 0.7171875 0.015625 0.0515625
1 0.634375 0.67890625 0.0171875 0.0546875
1 0.65234375 0.61796875 0.0171875 0.0359375
1 0.7796875 0.6515625 0.01875 0.0515625
1 0.85625 0.61796875 0.015625 0.0359375
1 0.99609375 0.72578125 0.0078125 0.0640625
1 0.7765625 0.696875 0.021875 0.0578125
1 0.6828125 0.78828125 0.021875 0.0609375
1 0.6484375 0.82734375 0.0234375 0.0515625
1 0.66171875 0.88671875 0.0265625 0.0609375