0 0.4125 0.4703125 0.009375 0.0171875
0 0.26015625 0.51796875 0.0078125 0.0171875
0 0.253125 0.40234375 0.0125 0.021875
0 0.3296875 0.13203125 0.0078125 0.0125
0 0.065625 0.30625 0.0078125 0.015625
1 0.3078125 0.65 0.0234375 0.0703125
1 0.234375 0.6375 0.0234375 0.0703125
1 0.19921875 0.5828125 0.01875 0.0609375
1 0.11484375 0.5625 0.01875 0.0640625
1 0.04609375 0.49453125 0.025 0.0671875
1 0.02109375 0.59765625 0.025 0.0671875
1 0.03046875 0.48828125 0.0234375 0.0640625
1 0.32890625 0.30234375 0.034375 0.084375
1 0.1984375 0.28984375 0.028125 0.0953125
1 0.13515625 0.428125 0.025 0.0546875
1 0.10546875 0.40703125 0.0234375 0.0796875
1 0.38984375 0.54296875 0.01875 0.06875
1 0.409375 0.55859375 0.0234375 0.0765625
1 0.9359375 0.421875 0.0203125 0.0609375
1 0.9140625 0.45 0.0203125 0.0578125
1 0.88203125 0.4578125 0.01875 0.0515625
1 0.84921875 0.50625 0.0171875 0.0484375
1 0.82578125 0.4984375 0.0171875 0.0515625
1 0.73671875 0.421875 0.0203125 0.0609375
1 0.7140625 0.4140625 0.021875 0.0578125
1 0.57578125 0.321875 0.021875 0.0640625
1 0.571875 0.18984375 0.0296875 0.0859375
1 0.47109375 0.4234375 0.01875 0.0546875
1 0.48359375 0.45390625 0.015625 0.0484375
1 0.46875 0.4953125 0.015625 0.0390625
1 0.61875 0.521875 0.015625 0.0421875
1 0.68203125 0.47578125 0.0125 0.04375
1 0.67421875 0.515625 0.015625 0.0453125
0 0.02734375 0.96953125 0.0140625 0.0296875
1 0.059375 0.90390625 0.0234375 0.0640625
1 0.00859375 0.98046875 0.0171875 0.0390625
1 0.1125 0.99453125 0.021875 0.0109375
1 0.21796875 0.965625 0.0265625 0.0625
1 0.234375 0.99375 0.021875 0.0125
1 0.26953125 0.8625 0.021875 0.0703125
1 0.38828125 0.97109375 0.0234375 0.0578125