0 0.32734375 0.55625 0.015625 0.0109375
0 0.11875 0.46328125 0.0171875 0.0109375
0 0.0734375 0.3109375 0.0171875 0.009375
0 0.1890625 0.30546875 0.021875 0.0125
0 0.28828125 0.1203125 0.0171875 0.009375
0 0.209375 0.0140625 0.0203125 0.0109375
0 0.13984375 0.03359375 0.015625 0.0078125
0 0.01640625 0.015625 0.0171875 0.009375
1 0.01953125 0.24765625 0.0390625 0.0203125
1 0.03125 0.16484375 0.0625 0.0203125
1 0.10078125 0.096875 0.0671875 0.025
1 0.015625 0.0703125 0.03125 0.025
1 0.10703125 0.08125 0.0640625 0.025
1 0.2875 0.38359375 0.084375 0.0359375
1 0.303125 0.253125 0.0953125 0.0296875
1 0.165625 0.1875 0.0546875 0.025
1 0.18671875 0.1578125 0.0796875 0.025
1 0.04609375 0.440625 0.06875 0.0203125
1 0.03359375 0.45859375 0.0671875 0.0234375
1 0.13671875 0.56796875 0.0859375 0.028125
1 0.21875 0.6015625 0.0890625 0.0265625
1 0.1234375 0.6328125 0.0765625 0.0234375
1 0.69609375 0.1078125 0.0671875 0.025
1 0.68359375 0.4 0.0671875 0.028125
1 0.8 0.54453125 0.0828125 0.03125
1 0.52890625 0.52109375 0.0703125 0.0265625
1 0.5 0.3375 0.0546875 0.0203125
1 0.4140625 0.3921875 0.05 0.021875
1 0.42109375 0.4140625 0.0578125 0.021875
1 0.4015625 0.50859375 0.025 0.0203125
1 0.46875 0.21875 0.0546875 0.0203125
1 0.46015625 0.13359375 0.0484375 0.0234375
1 0.4078125 0.06875 0.0375 0.021875
1 0.40859375 0.04296875 0.0390625 0.0203125
0 0.10390625 0.75546875 0.0171875 0.0109375
1 0.475 0.9703125 0.0640625 0.021875
1 0.65859375 0.9828125 0.0734375 0.0234375
1 0.68515625 0.9015625 0.0765625 0.0296875
1 0.63125 0.81171875 0.0625 0.01875
1 0.60546875 0.78046875 0.0796875 0.03125
1 0.56171875 0.83046875 0.0640625 0.025
1 0.5046875 0.78828125 0.0546875 0.0171875
1 0.41875 0.79140625 0.0578125 0.0234375
1 0.73359375 0.71015625 0.0890625 0.0328125