0 0.62734375 0.17109375 0.0234375 0.0140625
1 0.578125 0.3859375 0.0796875 0.0234375
1 0.5609375 0.2515625 0.0671875 0.025
1 0.6046875 0.14609375 0.06875 0.0234375
1 0.54609375 0.140625 0.0703125 0.021875
1 0.38984375 0.090625 0.0609375 0.021875
1 0.35 0.28359375 0.05625 0.015625
1 0.39921875 0.325 0.0609375 0.0234375
1 0.428125 0.359375 0.0578125 0.0171875
1 0.4859375 0.36796875 0.0703125 0.0234375
1 0.271875 0.2984375 0.040625 0.0125
1 0.28828125 0.4046875 0.0453125 0.0140625
1 0.365625 0.44453125 0.0546875 0.01875
1 0.32265625 0.47421875 0.0546875 0.01875
1 0.39296875 0.490625 0.0515625 0.0171875
1 0.2859375 0.53671875 0.0484375 0.015625
1 0.9140625 0.303125 0.0671875 0.0265625
1 0.88984375 0.328125 0.0640625 0.0203125
1 0.8359375 0.33828125 0.0546875 0.021875
1 0.83203125 0.36484375 0.0546875 0.025
0 0.840625 0.3828125 0.015625 0.0109375
1 0.90390625 0.478125 0.0640625 0.0265625
1 0.9859375 0.55703125 0.028125 0.0234375
1 0.95 0.51875 0.06875 0.0234375
1 0.41875 0.975 0.0875 0.034375
1 0.59375 0.9078125 0.0890625 0.0328125
0 0.57109375 0.90625 0.0265625 0.0125
1 0.4109375 0.9125 0.0875 0.034375
1 0.40703125 0.884375 0.078125 0.034375
1 0.2140625 0.8703125 0.0609375 0.0234375
1 0.2125 0.76171875 0.0546875 0.021875
1 0.321875 0.75390625 0.065625 0.0203125
1 0.37890625 0.73515625 0.0640625 0.028125
1 0.3109375 0.675 0.0640625 0.0265625
1 0.36953125 0.6640625 0.065625 0.0234375
1 0.39375 0.59765625 0.08125 0.040625
1 0.528125 0.63828125 0.09375 0.028125
1 0.8984375 0.59140625 0.0578125 0.01875
1 0.9671875 0.6046875 0.0578125 0.021875
1 0.93984375 0.68515625 0.0578125 0.025
1 0.89609375 0.7890625 0.0703125 0.021875
1 0.9390625 0.828125 0.0640625 0.0234375
1 0.88671875 0.884375 0.0546875 0.021875
1 0.95546875 0.94296875 0.0703125 0.0203125
1 0.8375 0.9953125 0.05 0.009375
1 0.82578125 0.99296875 0.0515625 0.0140625
1 0.76328125 0.8984375 0.046875 0.0140625
1 0.74921875 0.815625 0.0484375 0.015625
1 0.81640625 0.86015625 0.0453125 0.0171875
1 0.84140625 0.8171875 0.0484375 0.021875
0 0.91953125 0.60078125 0.021875 0.0125