1 0.00859375 0.4640625 0.0171875 0.05
1 0.13828125 0.46328125 0.0296875 0.0515625
1 0.25078125 0.459375 0.0265625 0.059375
1 0.121875 0.259375 0.0203125 0.05625
1 0.0765625 0.30546875 0.0265625 0.0609375
1 0.040625 0.33203125 0.021875 0.0578125
1 0.028125 0.3890625 0.028125 0.0703125
1 0.1125 0.18046875 0.015625 0.040625
1 0.00703125 0.18984375 0.0140625 0.0453125
0 0.68125 0.16640625 0.00625 0.009375
1 0.971875 0.3390625 0.025 0.0546875
1 0.7578125 0.4125 0.0265625 0.0640625
1 0.796875 0.30078125 0.025 0.0484375
1 0.79296875 0.22578125 0.021875 0.0578125
1 0.740625 0.2203125 0.01875 0.0546875
1 0.640625 0.20625 0.015625 0.053125
1 0.68125 0.1703125 0.0234375 0.0453125
1 0.625 0.20703125 0.0171875 0.05
1 0.58125 0.2828125 0.0234375 0.0578125
1 0.55859375 0.27890625 0.0234375 0.0625
1 0.4984375 0.1578125 0.015625 0.04375
1 0.371875 0.1578125 0.0171875 0.046875
1 0.36640625 0.16015625 0.021875 0.0515625
1 0.340625 0.134375 0.0171875 0.0453125
1 0.33125 0.14140625 0.0203125 0.0453125
1 0.3109375 0.20234375 0.01875 0.0546875
0 0.015625 0.625 0.0125 0.0171875
1 0.25390625 0.521875 0.0265625 0.065625
1 0.51640625 0.84609375 0.0328125 0.10625
1 0.5078125 0.840625 0.03125 0.115625
1 0.5390625 0.821875 0.0265625 0.0890625
1 0.55859375 0.82734375 0.0328125 0.109375
1 0.55234375 0.82421875 0.034375 0.10625
1 0.5671875 0.8375 0.028125 0.0859375
1 0.5546875 0.89296875 0.03125 0.103125
1 0.69375 0.87421875 0.0421875 0.096875
1 0.709375 0.95078125 0.0375 0.0984375
1 0.6796875 0.97265625 0.046875 0.0546875
1 0.746875 0.96484375 0.04375 0.0703125
1 0.77265625 0.9859375 0.0484375 0.028125
1 0.95703125 0.93515625 0.040625 0.1078125