0 0.26171875 0.240625 0.0109375 0.025
1 0.41484375 0.10859375 0.021875 0.0875
1 0.48046875 0.26875 0.015625 0.078125
1 0.34921875 0.3 0.01875 0.065625
1 0.23984375 0.2625 0.015625 0.075
1 0.240625 0.32578125 0.015625 0.06875
1 0.20625 0.48671875 0.015625 0.059375
1 0.403125 0.50625 0.0109375 0.05625
1 0.4390625 0.453125 0.0171875 0.059375
1 0.4703125 0.4203125 0.0125 0.05625
1 0.47265625 0.36171875 0.0171875 0.06875
1 0.42578125 0.58203125 0.0078125 0.040625
1 0.5296875 0.5546875 0.009375 0.04375
1 0.56171875 0.4734375 0.0140625 0.053125
1 0.59375 0.5125 0.0125 0.053125
1 0.9546875 0.63046875 0.015625 0.0625
1 0.9984375 0.73359375 0.003125 0.0328125
1 0.87734375 0.68515625 0.0140625 0.053125
1 0.85390625 0.62578125 0.0203125 0.05625
1 0.8359375 0.65625 0.0125 0.053125
1 0.7984375 0.71796875 0.0125 0.05
1 0.77734375 0.65390625 0.0125 0.065625
1 0.75234375 0.59140625 0.0171875 0.075
1 0.746875 0.659375 0.0171875 0.040625
1 0.71875 0.69921875 0.0125 0.059375
1 0.65234375 0.68828125 0.0140625 0.053125
1 0.6078125 0.64140625 0.0125 0.059375
1 0.60390625 0.5984375 0.0078125 0.0625
1 0.828125 0.55546875 0.015625 0.06875
1 0.1609375 0.896875 0.0203125 0.084375
1 0.8890625 0.86015625 0.0125 0.053125
1 0.65703125 0.89453125 0.0140625 0.053125
1 0.69453125 0.771875 0.0203125 0.04375
1 0.7421875 0.8296875 0.015625 0.0625
1 0.71484375 0.87734375 0.01875 0.0484375