0 0.3765625 0.5203125 0.015625 0.009375
1 0.14765625 0.2296875 0.0625 0.0140625
1 0.103125 0.2625 0.059375 0.0125
1 0.17109375 0.28046875 0.05 0.0109375
1 0.23828125 0.27265625 0.053125 0.0109375
1 0.2859375 0.3046875 0.046875 0.0109375
1 0.28828125 0.33828125 0.0546875 0.0109375
1 0.31640625 0.5859375 0.05 0.0078125
1 0.21796875 0.39375 0.05 0.0109375
1 0.2390625 0.39296875 0.046875 0.0109375
1 0.17265625 0.3484375 0.05 0.0109375
1 0.1390625 0.46015625 0.05625 0.015625
1 0.1515625 0.51171875 0.0515625 0.015625
1 0.20625 0.496875 0.046875 0.0109375
1 0.228125 0.5046875 0.053125 0.0140625
1 0.25390625 0.48984375 0.0484375 0.0109375
1 0.24921875 0.54296875 0.05 0.0109375
1 0.25234375 0.553125 0.04375 0.015625
1 0.128125 0.63125 0.059375 0.0171875
1 0.22421875 0.68359375 0.053125 0.0140625
1 0.98046875 0.52890625 0.0390625 0.0171875
1 0.85859375 0.5671875 0.0625 0.0203125
1 0.86953125 0.58203125 0.065625 0.015625
1 0.69765625 0.66796875 0.0625 0.015625
1 0.71640625 0.490625 0.084375 0.0140625
1 0.7359375 0.41796875 0.071875 0.015625
1 0.7921875 0.40078125 0.078125 0.0171875
1 0.9734375 0.31953125 0.053125 0.0140625
1 0.846875 0.275 0.0515625 0.0140625
1 0.85546875 0.2375 0.0625 0.015625
1 0.96875 0.15703125 0.05 0.0125
0 0.2859375 0.72109375 0.009375 0.0046875
0 0.3859375 0.8203125 0.0109375 0.003125
0 0.36171875 0.9203125 0.0109375 0.0046875
0 0.534375 0.82265625 0.009375 0.003125
0 0.484375 0.9015625 0.0078125 0.003125
0 0.45234375 0.74140625 0.009375 0.00625
0 0.52578125 0.7640625 0.009375 0.003125
1 0.51875 0.92265625 0.034375 0.009375
1 0.5203125 0.875 0.040625 0.009375
1 0.41796875 0.884375 0.053125 0.0140625
1 0.31484375 0.88828125 0.05 0.0171875
1 0.4546875 0.85390625 0.0453125 0.0109375
1 0.4609375 0.77734375 0.040625 0.0078125
1 0.378125 0.734375 0.0546875 0.0109375
1 0.3234375 0.74609375 0.053125 0.0125
1 0.4453125 0.99765625 0.05 0.0046875
0 0.84140625 0.81796875 0.0125 0.00625
1 0.78046875 0.93671875 0.0515625 0.015625
1 0.80390625 0.99375 0.0453125 0.0125
1 0.85546875 0.9625 0.0328125 0.009375
1 0.86328125 0.9671875 0.0375 0.0125
1 0.8828125 0.91953125 0.0390625 0.009375
1 0.8578125 0.80390625 0.0375 0.0140625
1 0.821875 0.80078125 0.040625 0.009375
1 0.81015625 0.77421875 0.046875 0.0140625
1 0.84921875 0.728125 0.0515625 0.0140625