1 0.01875 0.275 0.0171875 0.0625
1 0.05390625 0.23203125 0.015625 0.059375
1 0.06796875 0.3015625 0.0125 0.05
1 0.05625 0.36796875 0.0125 0.053125
1 0.08671875 0.4171875 0.0125 0.046875
1 0.1203125 0.42109375 0.0125 0.0546875
1 0.17890625 0.35390625 0.0125 0.05
1 0.1765625 0.375 0.0125 0.046875
1 0.1359375 0.30625 0.0125 0.05
1 0.24921875 0.27890625 0.0171875 0.0578125
1 0.39140625 0.44296875 0.0140625 0.0515625
1 0.45390625 0.309375 0.0171875 0.0625
1 0.49140625 0.40390625 0.0171875 0.0625
1 0.4671875 0.4515625 0.015625 0.034375
1 0.503125 0.4609375 0.0125 0.015625
1 0.58359375 0.39296875 0.0125 0.053125
1 0.65078125 0.4625 0.0171875 0.0125
1 0.64140625 0.46328125 0.0140625 0.0109375
1 0.74375 0.45234375 0.0125 0.0328125
1 0.77265625 0.45703125 0.0109375 0.0234375
1 0.78515625 0.44375 0.0109375 0.05
1 0.7890625 0.3546875 0.0171875 0.0625
1 0.809375 0.3375 0.0203125 0.0640625
1 0.878125 0.371875 0.015625 0.05625
1 0.87265625 0.43515625 0.0171875 0.059375
1 0.8140625 0.4515625 0.0125 0.034375
0 0.18046875 0.759375 0.003125 0.00625
0 0.21875 0.6296875 0.00625 0.009375
0 0.08046875 0.74296875 0.0078125 0.0125
1 0.05859375 0.63984375 0.0171875 0.065625
1 0.14375 0.6296875 0.015625 0.0640625
1 0.11640625 0.67734375 0.01875 0.0671875
1 0.165625 0.6953125 0.0140625 0.0640625
1 0.23515625 0.70625 0.01875 0.0671875
1 0.4625 0.88515625 0.0125 0.05625
1 0.4828125 0.89765625 0.0171875 0.053125
1 0.66953125 0.96953125 0.0125 0.05625
1 0.98828125 0.99375 0.0171875 0.0125
1 0.909375 0.8984375 0.0234375 0.0625
1 0.83671875 0.821875 0.0171875 0.0609375
1 0.6859375 0.91328125 0.015625 0.04375
1 0.5828125 0.77734375 0.01875 0.0578125
1 0.91328125 0.61953125 0.0265625 0.0703125