0 0.51015625 0.23203125 0.0171875 0.0125
1 0.36484375 0.5640625 0.0640625 0.009375
1 0.31328125 0.553125 0.0609375 0.025
1 0.37421875 0.5171875 0.0515625 0.021875
1 0.44140625 0.5078125 0.053125 0.021875
1 0.47890625 0.4640625 0.0484375 0.0203125
1 0.471875 0.43125 0.0546875 0.021875
1 0.4359375 0.18515625 0.05 0.01875
1 0.38984375 0.39609375 0.0515625 0.021875
1 0.4109375 0.39140625 0.0484375 0.0203125
1 0.3578125 0.4515625 0.0515625 0.021875
1 0.296875 0.35234375 0.0578125 0.0265625
1 0.29609375 0.2984375 0.053125 0.0265625
1 0.35234375 0.29921875 0.0484375 0.0203125
1 0.371875 0.2859375 0.0546875 0.025
1 0.4 0.29375 0.05 0.0203125
1 0.38203125 0.24375 0.0515625 0.021875
1 0.3828125 0.2328125 0.046875 0.025
1 0.2421875 0.18984375 0.0609375 0.0296875
1 0.321875 0.1140625 0.0546875 0.025
0 0.984375 0.315625 0.0203125 0.0140625
1 0.9890625 0.434375 0.021875 0.03125
1 0.98203125 0.278125 0.0359375 0.03125
1 0.99296875 0.0890625 0.0140625 0.021875
1 0.93515625 0.0953125 0.0625 0.028125
1 0.89375 0.0171875 0.071875 0.034375
1 0.1421875 0.83828125 0.0515625 0.021875
1 0.1640625 0.765625 0.05 0.0203125
1 0.178125 0.740625 0.040625 0.0171875
1 0.1953125 0.70859375 0.0375 0.015625
1 0.24140625 0.70546875 0.0296875 0.0125
1 0.25 0.71875 0.03125 0.0140625
1 0.21484375 0.7625 0.03125 0.0140625
1 0.23203125 0.8171875 0.0359375 0.015625
1 0.2484375 0.89609375 0.04375 0.01875
1 0.0265625 0.58828125 0.053125 0.021875
1 0.02109375 0.5765625 0.0421875 0.015625
1 0.11171875 0.5734375 0.0515625 0.009375
1 0.22734375 0.59921875 0.025 0.0125
1 0.81796875 0.584375 0.0859375 0.03125
1 0.8234375 0.88671875 0.1 0.04375