1 0.984375 0.02578125 0.03125 0.0171875
1 0.99296875 0.1421875 0.0140625 0.021875
1 0.8171875 0.22734375 0.0734375 0.028125
1 0.65625 0.1734375 0.075 0.0328125
1 0.5890625 0.18359375 0.090625 0.0375
1 0.66796875 0.2109375 0.0921875 0.0328125
1 0.74921875 0.2 0.0796875 0.0296875
1 0.74921875 0.31171875 0.0390625 0.0546875
1 0.98515625 0.4546875 0.0296875 0.021875
1 0.5109375 0.96875 0.0375 0.015625
1 0.36640625 0.87734375 0.078125 0.028125
1 0.39921875 0.76015625 0.0671875 0.025
1 0.275 0.73828125 0.090625 0.0296875
1 0.2296875 0.71015625 0.0859375 0.03125
1 0.29921875 0.61796875 0.0765625 0.0265625
1 0.29140625 0.6046875 0.0796875 0.025
1 0.28203125 0.57421875 0.075 0.0296875
1 0.340625 0.5703125 0.0765625 0.0265625
1 0.35703125 0.63203125 0.053125 0.0140625
1 0.3140625 0.64609375 0.06875 0.03125
1 0.36015625 0.653125 0.0609375 0.021875
1 0.3578125 0.6703125 0.0671875 0.025
1 0.32890625 0.6671875 0.0703125 0.0234375
1 0.334375 0.68828125 0.06875 0.0203125
1 0.3359375 0.6953125 0.078125 0.021875
0 0.9953125 0.534375 0.009375 0.0078125
0 0.9953125 0.62421875 0.009375 0.0046875
0 0.84140625 0.71328125 0.0140625 0.00625
0 0.99609375 0.7171875 0.0078125 0.00625
0 0.81640625 0.846875 0.0140625 0.0078125
0 0.97109375 0.9375 0.0109375 0.0078125
1 0.9796875 0.8265625 0.040625 0.03125