1 0.03203125 0.025 0.0390625 0.05
1 0.18046875 0.01171875 0.0328125 0.0234375
1 0.484375 0.05859375 0.034375 0.0734375
1 0.51796875 0.07578125 0.0296875 0.0671875
1 0.53125 0.01953125 0.015625 0.0390625
0 0.678125 0.12421875 0.01875 0.0265625
1 0.6234375 0.0453125 0.0359375 0.0609375
1 0.62578125 0.53203125 0.04375 0.08125
1 0.61796875 0.18125 0.0265625 0.0640625
1 0.80234375 0.1984375 0.0375 0.06875
1 0.83515625 0.2921875 0.0375 0.071875
1 0.69296875 0.51328125 0.0453125 0.090625
1 0.88359375 0.29921875 0.034375 0.06875
1 0.9328125 0.19765625 0.0265625 0.0640625
1 0.93984375 0.39140625 0.0390625 0.078125
1 0.7140625 0.11875 0.025 0.0578125
1 0.44140625 0.93515625 0.0171875 0.040625
1 0.23828125 0.98828125 0.0234375 0.0234375
1 0.3140625 0.9640625 0.021875 0.0515625
1 0.24453125 0.9046875 0.0140625 0.03125
1 0.2453125 0.8828125 0.0171875 0.0328125
1 0.13515625 0.9046875 0.0203125 0.0484375
1 0.08984375 0.984375 0.0296875 0.03125
1 0.05234375 0.99453125 0.0296875 0.0109375
1 0.0078125 0.93515625 0.015625 0.0609375
1 0.84140625 0.6640625 0.0265625 0.0625
1 0.8875 0.9296875 0.034375 0.0859375
1 0.71953125 0.6125 0.0265625 0.025
1 0.63984375 0.63359375 0.028125 0.0546875