1 0.58203125 0.13984375 0.0265625 0.06875
1 0.746875 0.09140625 0.021875 0.0640625
1 0.7578125 0.303125 0.0203125 0.0546875
1 0.846875 0.36171875 0.0171875 0.0453125
1 0.61640625 0.37734375 0.015625 0.0421875
1 0.61328125 0.321875 0.01875 0.05625
0 0.80390625 0.36796875 0.0109375 0.0171875
0 0.1109375 0.6625 0.009375 0.0171875
0 0.21328125 0.54609375 0.009375 0.015625
0 0.24140625 0.64375 0.0078125 0.0125
0 0.16953125 0.69921875 0.0109375 0.0171875
0 0.253125 0.72890625 0.0109375 0.0171875
0 0.3125 0.61171875 0.0078125 0.0140625
0 0.31484375 0.515625 0.0078125 0.0140625
0 0.30703125 0.7609375 0.009375 0.0109375
0 0.3859375 0.796875 0.0078125 0.0140625
1 0.15 0.73203125 0.01875 0.05625
1 0.16640625 0.62890625 0.025 0.0640625
1 0.1875 0.6453125 0.025 0.0671875
1 0.21953125 0.71015625 0.01875 0.0546875
1 0.234375 0.75078125 0.01875 0.05625
1 0.28515625 0.7875 0.0203125 0.05
1 0.353125 0.78828125 0.0171875 0.0546875
1 0.40078125 0.73125 0.0171875 0.05625
1 0.37421875 0.74453125 0.021875 0.0390625
1 0.36953125 0.6734375 0.0265625 0.0703125
1 0.08671875 0.8 0.0203125 0.0546875
1 0.5140625 0.73203125 0.0109375 0.034375
1 0.5484375 0.86484375 0.0109375 0.025
1 0.546875 0.8265625 0.0078125 0.0265625
1 0.55546875 0.81796875 0.0109375 0.03125
1 0.5828125 0.8140625 0.0125 0.0296875
1 0.59921875 0.86484375 0.009375 0.025
1 0.671875 0.85859375 0.009375 0.021875
1 0.60703125 0.74921875 0.0109375 0.0328125
1 0.659375 0.7390625 0.0109375 0.034375
1 0.70078125 0.71328125 0.0109375 0.0265625
1 0.75390625 0.75625 0.0140625 0.0296875
1 0.8140625 0.7015625 0.0140625 0.0375
1 0.78515625 0.8578125 0.00625 0.021875
1 0.74765625 0.85 0.0125 0.0296875
1 0.78828125 0.81484375 0.0078125 0.021875
1 0.79375 0.8078125 0.009375 0.021875
1 0.82734375 0.77421875 0.0109375 0.025
1 0.83671875 0.75703125 0.0109375 0.0296875
1 0.671875 0.809375 0.0109375 0.028125
0 0.6734375 0.79453125 0.00625 0.009375