1 0.47421875 0.05625 0.021875 0.0609375
1 0.53203125 0.11328125 0.021875 0.05625
1 0.54765625 0.2125 0.0328125 0.0875
1 0.625 0.1140625 0.021875 0.059375
1 0.43046875 0.21640625 0.034375 0.0828125
1 0.3890625 0.28125 0.034375 0.0859375
1 0.4109375 0.0828125 0.021875 0.0546875
1 0.28515625 0.12421875 0.025 0.0734375
1 0.26484375 0.14765625 0.03125 0.0796875
1 0.25859375 0.11015625 0.0234375 0.059375
1 0.24609375 0.1328125 0.0203125 0.065625
1 0.2265625 0.16953125 0.0296875 0.0765625
1 0.1296875 0.15546875 0.0265625 0.08125
1 0.1203125 0.146875 0.0296875 0.0796875
1 0.11015625 0.140625 0.025 0.0734375
1 0.17734375 0.11875 0.034375 0.078125
1 0.19921875 0.10234375 0.028125 0.0703125
1 0.99453125 0.08515625 0.0109375 0.0671875
1 0.8140625 0.03125 0.021875 0.0625
1 0.67109375 0.06484375 0.0234375 0.0734375
1 0.76484375 0.25 0.0328125 0.0796875
1 0.78125 0.259375 0.03125 0.0828125
0 0.1109375 0.55546875 0.00625 0.0125
0 0.3546875 0.5875 0.00625 0.009375
0 0.48828125 0.73671875 0.0078125 0.0140625
0 0.48125 0.6015625 0.00625 0.0125
0 0.5796875 0.54453125 0.00625 0.009375
1 0.20546875 0.59375 0.025 0.0640625
1 0.98125 0.5359375 0.028125 0.034375
1 0.896875 0.90234375 0.034375 0.0796875
1 0.9921875 0.92265625 0.015625 0.0828125
1 0.76953125 0.96015625 0.0421875 0.0796875
1 0.74375 0.93671875 0.0359375 0.071875
1 0.70859375 0.68828125 0.0359375 0.0875
1 0.79296875 0.57890625 0.028125 0.0734375