1 0.04375 0.02890625 0.021875 0.0578125
1 0.15859375 0.03828125 0.0234375 0.0765625
1 0.19140625 0.10546875 0.0234375 0.084375
1 0.33203125 0.01484375 0.0203125 0.0296875
1 0.36640625 0.02734375 0.0203125 0.0546875
1 0.465625 0.028125 0.015625 0.05625
1 0.475 0.02421875 0.01875 0.0484375
1 0.4875 0.0203125 0.015625 0.040625
1 0.7609375 0.321875 0.01875 0.05
1 0.9078125 0.33203125 0.0171875 0.0515625
1 0.9421875 0.32265625 0.0140625 0.053125
1 0.93125 0.2875 0.0171875 0.04375
1 0.95703125 0.240625 0.015625 0.040625
1 0.98125 0.2734375 0.015625 0.05
1 0.44296875 0.66640625 0.0109375 0.046875
1 0.45546875 0.85859375 0.015625 0.071875
1 0.38828125 0.7625 0.0171875 0.0546875
1 0.32890625 0.7171875 0.0140625 0.05625
1 0.30703125 0.72109375 0.0125 0.053125
1 0.2515625 0.6796875 0.015625 0.046875
1 0.2109375 0.74296875 0.0140625 0.059375
1 0.1796875 0.6546875 0.0109375 0.04375
1 0.125 0.6328125 0.0109375 0.0375
1 0.0875 0.6203125 0.009375 0.03125
1 0.09921875 0.640625 0.0109375 0.03125
1 0.10703125 0.66015625 0.0078125 0.04375
1 0.0734375 0.64140625 0.0109375 0.0359375
1 0.10078125 0.7140625 0.0109375 0.05
1 0.00546875 0.696875 0.0109375 0.046875
1 0.93046875 0.7125 0.0140625 0.065625
1 0.96953125 0.9640625 0.0234375 0.071875
1 0.83203125 0.59765625 0.0171875 0.0171875
1 0.60703125 0.6734375 0.01875 0.075
1 0.578125 0.8375 0.01875 0.0875