1 0.10390625 0.215625 0.015625 0.059375
1 0.16796875 0.265625 0.015625 0.0546875
1 0.19609375 0.3625 0.0234375 0.0875
1 0.2609375 0.25546875 0.015625 0.0578125
1 0.0796875 0.38046875 0.025 0.0828125
1 0.04609375 0.45 0.025 0.0859375
1 0.04453125 0.25 0.015625 0.053125
1 0.94765625 0.16171875 0.01875 0.05625
1 0.93828125 0.20390625 0.021875 0.0578125
1 0.90078125 0.58984375 0.0265625 0.078125
1 0.996875 0.596875 0.00625 0.08125
1 0.78203125 0.66171875 0.0328125 0.0765625
1 0.75234375 0.64296875 0.028125 0.0703125
1 0.6125 0.63515625 0.0296875 0.109375
1 0.65 0.65625 0.03125 0.0875
1 0.621875 0.425 0.0234375 0.09375
1 0.68828125 0.4 0.0265625 0.0859375
1 0.75859375 0.28203125 0.01875 0.071875
1 0.375 0.815625 0.0125 0.0359375
1 0.32109375 0.89609375 0.021875 0.0484375
1 0.340625 0.9 0.021875 0.0421875
1 0.25390625 0.91328125 0.015625 0.053125
1 0.25 0.8671875 0.0140625 0.04375
1 0.19453125 0.9078125 0.015625 0.059375
1 0.18203125 0.89765625 0.0171875 0.053125
1 0.17109375 0.9390625 0.0140625 0.05
1 0.12890625 0.965625 0.015625 0.053125
1 0.1140625 0.9640625 0.015625 0.05625
1 0.034375 0.87734375 0.0078125 0.04375
0 0.28828125 0.8546875 0.0109375 0.01875
1 0.75703125 0.83359375 0.015625 0.05625
1 0.69140625 0.83125 0.015625 0.05
1 0.7578125 0.971875 0.021875 0.05625
1 0.54453125 0.8046875 0.0125 0.040625
1 0.57265625 0.80078125 0.0140625 0.046875
0 0.53515625 0.7234375 0.0046875 0.0125
0 0.60625 0.9078125 0.0046875 0.009375
0 0.51953125 0.98671875 0.00625 0.0125
0 0.815625 0.9859375 0.003125 0.0109375
0 0.83515625 0.7921875 0.00625 0.0109375
1 0.83046875 0.9625 0.021875 0.0546875
1 0.92421875 0.7484375 0.01875 0.046875