0 0.9015625 0.03203125 0.009375 0.00625
0 0.97578125 0.0421875 0.0109375 0.00625
0 0.92734375 0.11328125 0.009375 0.003125
0 0.821875 0.1515625 0.00625 0.00625
0 0.89453125 0.1953125 0.0078125 0.0046875
0 0.825 0.2265625 0.0109375 0.00625
0 0.803125 0.27890625 0.009375 0.0046875
0 0.9421875 0.31640625 0.0109375 0.00625
0 0.91875 0.38359375 0.009375 0.00625
0 0.8125 0.4234375 0.0125 0.00625
0 0.88515625 0.50703125 0.009375 0.003125
1 0.83046875 0.03125 0.0375 0.0171875
1 0.98203125 0.1359375 0.0359375 0.021875
1 0.9453125 0.21484375 0.046875 0.01875
1 0.8640625 0.24375 0.04375 0.0109375
1 0.98828125 0.2734375 0.0234375 0.021875
1 0.8515625 0.33203125 0.05 0.015625
1 0.89453125 0.34609375 0.046875 0.0171875
1 0.97578125 0.4015625 0.0484375 0.015625
1 0.915625 0.42265625 0.046875 0.015625
1 0.91875 0.45 0.046875 0.0125
1 0.8875 0.446875 0.0375 0.009375
1 0.859375 0.44609375 0.0375 0.0078125
1 0.89453125 0.5265625 0.046875 0.0109375
1 0.9734375 0.475 0.053125 0.0125
1 0.98828125 0.4484375 0.0234375 0.015625
1 0.9828125 0.5453125 0.034375 0.0125
1 0.8546875 0.5546875 0.046875 0.009375
1 0.103125 0.83125 0.05625 0.015625
1 0.3234375 0.79765625 0.059375 0.0140625
1 0.3546875 0.89921875 0.0625 0.015625
0 0.0171875 0.653125 0.009375 0.00625
0 0.171875 0.56484375 0.009375 0.00625
0 0.35703125 0.80234375 0.009375 0.0046875
0 0.38359375 0.9078125 0.009375 0.00625
1 0.1453125 0.5625 0.059375 0.00625
1 0.96015625 0.91953125 0.053125 0.0125
1 0.9640625 0.77578125 0.053125 0.01875
1 0.86484375 0.78515625 0.05625 0.01875
1 0.82421875 0.81796875 0.04375 0.0109375
1 0.81953125 0.89140625 0.04375 0.0109375
1 0.76015625 0.7984375 0.040625 0.0109375
1 0.7578125 0.75 0.034375 0.0140625
1 0.828125 0.66640625 0.05 0.015625
1 0.90703125 0.93125 0.046875 0.01875
1 0.86328125 0.97421875 0.05 0.0125