0 0.11015625 0.053125 0.01875 0.009375
1 0.19609375 0.42890625 0.0515625 0.0140625
1 0.0359375 0.346875 0.071875 0.025
1 0.12421875 0.27265625 0.05625 0.0109375
1 0.14609375 0.246875 0.053125 0.0140625
1 0.1515625 0.23359375 0.0578125 0.0140625
1 0.1703125 0.2203125 0.046875 0.01875
1 0.19609375 0.2015625 0.046875 0.0125
1 0.20546875 0.18671875 0.05 0.0140625
1 0.15078125 0.16015625 0.05 0.0171875
1 0.10546875 0.17578125 0.0671875 0.0171875
1 0.10390625 0.20703125 0.0578125 0.0140625
1 0.221875 0.153125 0.05 0.0171875
1 0.1875 0.065625 0.0515625 0.0171875
1 0.12734375 0.13671875 0.0578125 0.0203125
1 0.13359375 0.021875 0.0640625 0.0171875
1 0.26796875 0.04453125 0.04375 0.0140625
1 0.6390625 0.33984375 0.071875 0.021875
1 0.89765625 0.4140625 0.0484375 0.0125
1 0.8953125 0.428125 0.05625 0.0109375
1 0.85078125 0.2828125 0.053125 0.015625
1 0.8015625 0.30859375 0.065625 0.0171875
1 0.73359375 0.22109375 0.05625 0.0171875
1 0.72421875 0.2109375 0.06875 0.015625
1 0.70859375 0.16640625 0.0609375 0.0203125
1 0.640625 0.15234375 0.071875 0.01875
1 0.6546875 0.09140625 0.06875 0.015625
1 0.8953125 0.00234375 0.05 0.0046875
1 0.8796875 0.17734375 0.046875 0.0125
1 0.775 0.09765625 0.0609375 0.0171875
1 0.79453125 0.0375 0.0609375 0.0140625
0 0.6046875 0.09921875 0.01875 0.009375
1 0.2734375 0.98984375 0.05625 0.0203125
1 0.3203125 0.84375 0.0515625 0.015625
1 0.36953125 0.85703125 0.04375 0.0109375
1 0.37109375 0.85078125 0.04375 0.0140625
1 0.27265625 0.80859375 0.065625 0.0140625
1 0.24296875 0.7390625 0.059375 0.0234375
1 0.17734375 0.61953125 0.053125 0.0171875
1 0.40390625 0.55625 0.05 0.0109375
1 0.32734375 0.584375 0.059375 0.0171875
1 0.29609375 0.63984375 0.0578125 0.0125
1 0.3765625 0.671875 0.046875 0.0140625
1 0.428125 0.7421875 0.0375 0.0109375
1 0.41953125 0.95 0.0375 0.0125
1 0.3046875 0.69375 0.05625 0.0171875
1 0.46875 0.96171875 0.0375 0.0109375
1 0.54453125 0.96953125 0.0453125 0.0109375
1 0.61875 0.9546875 0.0328125 0.0109375
1 0.584375 0.85625 0.0375 0.0078125
1 0.6 0.85234375 0.034375 0.0078125
1 0.68046875 0.98515625 0.03125 0.0078125
1 0.67578125 0.78203125 0.028125 0.009375
1 0.60546875 0.78203125 0.0390625 0.0109375
1 0.50703125 0.72578125 0.05625 0.0109375
1 0.63359375 0.690625 0.040625 0.0109375
0 0.5203125 0.915625 0.009375 0.003125
0 0.49375 0.859375 0.009375 0.00625
0 0.5265625 0.78671875 0.009375 0.003125
0 0.5578125 0.7296875 0.0125 0.00625
0 0.5828125 0.68203125 0.0078125 0.003125
0 0.6578125 0.62109375 0.009375 0.003125
0 0.61640625 0.90234375 0.0078125 0.0046875
1 0.5015625 0.5703125 0.05625 0.0140625