1 0.49375 0.53984375 0.0625 0.015625
1 0.77265625 0.521875 0.065625 0.015625
1 0.63125 0.4359375 0.05625 0.01875
1 0.61953125 0.41875 0.0671875 0.025
1 0.4234375 0.3171875 0.05625 0.01875
1 0.3515625 0.29140625 0.034375 0.0140625
1 0.48203125 0.2828125 0.05625 0.015625
1 0.52890625 0.25703125 0.053125 0.0171875
1 0.70546875 0.20234375 0.075 0.01875
1 0.86640625 0.159375 0.0890625 0.0234375
1 0.421875 0.03046875 0.0609375 0.0171875
1 0.471875 0.109375 0.053125 0.015625
1 0.06484375 0.94765625 0.0640625 0.0203125
1 0.0375 0.68984375 0.0609375 0.0203125
1 0.4046875 0.67109375 0.040625 0.0046875
1 0.3484375 0.6890625 0.03125 0.009375
1 0.44375 0.9953125 0.05 0.009375
1 0.40234375 0.98046875 0.040625 0.0140625
1 0.47734375 0.8703125 0.05625 0.0125
1 0.4421875 0.725 0.05625 0.0125