1 0.13046875 0.11015625 0.0671875 0.021875
1 0.31171875 0.13515625 0.0359375 0.0140625
1 0.06015625 0.21875 0.0640625 0.0203125
1 0.06015625 0.29453125 0.0625 0.0171875
1 0.17734375 0.28359375 0.05 0.0171875
1 0.26953125 0.26640625 0.046875 0.015625
1 0.3140625 0.36640625 0.03125 0.0109375
1 0.265625 0.43828125 0.05 0.015625
1 0.18125 0.36015625 0.065625 0.009375
1 0.2296875 0.46640625 0.05 0.015625
1 0.0984375 0.5546875 0.0625 0.015625
1 0.23046875 0.56640625 0.05625 0.0125
1 0.22265625 0.5703125 0.0609375 0.0140625
1 0.875 0.0140625 0.0453125 0.015625
1 0.790625 0.16953125 0.0625 0.015625
1 0.53203125 0.0078125 0.0578125 0.015625
1 0.51171875 0.1875 0.065625 0.015625
1 0.653125 0.2734375 0.05625 0.01875
1 0.66484375 0.290625 0.0671875 0.025
1 0.8609375 0.3921875 0.05625 0.01875
1 0.9328125 0.41796875 0.034375 0.0140625
1 0.80234375 0.4265625 0.05625 0.015625
1 0.75546875 0.45234375 0.053125 0.0171875
1 0.57890625 0.50703125 0.075 0.01875
1 0.41796875 0.55 0.0890625 0.0234375
1 0.8125 0.59609375 0.053125 0.0078125
0 0.8515625 0.01171875 0.015625 0.0125
0 0.08984375 0.81796875 0.015625 0.009375
1 0.08125 0.99765625 0.053125 0.0046875
1 0.1140625 0.80546875 0.0515625 0.0140625
1 0.125 0.90546875 0.046875 0.0125
1 0.1921875 0.9484375 0.040625 0.0078125
0 0.5515625 0.70703125 0.0140625 0.00625
1 0.475 0.81640625 0.08125 0.0234375
1 0.57265625 0.6953125 0.0671875 0.021875
1 0.6484375 0.65625 0.05 0.021875
1 0.6453125 0.8 0.05 0.015625
1 0.621875 0.8328125 0.053125 0.01875
1 0.7234375 0.85 0.040625 0.0140625
1 0.5609375 0.94609375 0.06875 0.015625