1 0.13828125 0.65078125 0.0578125 0.0234375
1 0.16953125 0.640625 0.0515625 0.0203125
1 0.0671875 0.484375 0.06875 0.03125
1 0.2421875 0.4140625 0.046875 0.01875
1 0.0703125 0.3046875 0.0515625 0.0234375
1 0.1640625 0.2984375 0.0484375 0.021875
1 0.18671875 0.1890625 0.0421875 0.0171875
1 0.11875 0.1328125 0.0515625 0.021875
1 0.05546875 0.2296875 0.065625 0.01875
1 0.0765625 0.1140625 0.0515625 0.021875
1 0.053125 0.0171875 0.05625 0.0203125
1 0.0453125 0.01484375 0.0625 0.021875
0 0.875 0.64921875 0.0140625 0.0078125
0 0.9921875 0.5375 0.0140625 0.0078125
0 0.903125 0.48046875 0.0109375 0.0078125
0 0.8140625 0.43984375 0.0109375 0.009375
0 0.9171875 0.36015625 0.0140625 0.0078125
0 0.7359375 0.3578125 0.0140625 0.0078125
0 0.71640625 0.6484375 0.0140625 0.0109375
0 0.6078125 0.56015625 0.0140625 0.0078125
0 0.5640625 0.42578125 0.0140625 0.0078125
0 0.75078125 0.18671875 0.0109375 0.0078125
0 0.909375 0.1453125 0.015625 0.009375
1 0.94609375 0.6359375 0.0578125 0.0265625
1 0.91796875 0.56640625 0.059375 0.0296875
1 0.771875 0.53359375 0.0765625 0.0296875
1 0.97890625 0.3578125 0.0421875 0.021875
1 0.95546875 0.26171875 0.05 0.025
1 0.87734375 0.2921875 0.0546875 0.021875
1 0.8328125 0.3046875 0.05 0.021875
1 0.6109375 0.2125 0.0765625 0.040625
1 0.60078125 0.078125 0.0703125 0.025
1 0.95 0.00390625 0.05 0.0078125
1 0.371875 0.8859375 0.0484375 0.021875
1 0.37421875 0.83671875 0.0515625 0.0203125
1 0.18828125 0.83984375 0.0625 0.01875
1 0.5734375 0.7828125 0.0765625 0.0265625
1 0.9734375 0.9859375 0.053125 0.021875
1 0.96953125 0.94375 0.046875 0.0234375
1 0.99296875 0.8046875 0.0140625 0.021875
1 0.94140625 0.81640625 0.046875 0.0203125
1 0.9390625 0.78984375 0.0484375 0.01875
1 0.94375 0.72265625 0.0453125 0.0171875
1 0.85390625 0.7125 0.0546875 0.00625