1 0.00625 0.37734375 0.0125 0.0640625
1 0.0859375 0.28515625 0.028125 0.0640625
1 0.15859375 0.26640625 0.025 0.0640625
1 0.1765625 0.3828125 0.0234375 0.0515625
1 0.2515625 0.36796875 0.01875 0.065625
1 0.3671875 0.3859375 0.021875 0.046875
1 0.41953125 0.23984375 0.0203125 0.0640625
1 0.43984375 0.38359375 0.0203125 0.0515625
1 0.67890625 0.38046875 0.0234375 0.0578125
1 0.9265625 0.3078125 0.0265625 0.0578125
1 0.57890625 0.19140625 0.034375 0.071875
1 0.12265625 0.85859375 0.0203125 0.0484375
1 0.00390625 0.63671875 0.0078125 0.0734375
1 0.03671875 0.6375 0.0328125 0.071875
1 0.2046875 0.678125 0.025 0.0515625
1 0.2890625 0.71953125 0.0234375 0.05625
1 0.3296875 0.796875 0.0203125 0.0453125
1 0.33828125 0.64921875 0.0328125 0.0625
1 0.309375 0.62890625 0.025 0.0578125
1 0.42265625 0.75 0.0140625 0.05
1 0.4171875 0.8 0.025 0.05
0 0.06796875 0.69296875 0.0109375 0.0203125
1 0.61875 0.4671875 0.021875 0.0484375
1 0.64765625 0.478125 0.0203125 0.0453125
1 0.68984375 0.6 0.01875 0.0390625
1 0.80703125 0.42421875 0.0203125 0.0296875
1 0.82265625 0.4234375 0.0234375 0.028125
1 0.953125 0.4890625 0.021875 0.0578125
1 0.98046875 0.52265625 0.0125 0.034375
1 0.95625 0.62890625 0.01875 0.0515625
1 0.7125 0.59296875 0.015625 0.04375
1 0.771875 0.58125 0.0171875 0.0421875
1 0.7671875 0.678125 0.015625 0.0390625
1 0.85234375 0.6328125 0.01875 0.0484375
0 0.7125 0.53125 0.0109375 0.015625
0 0.62421875 0.5625 0.0078125 0.0140625
0 0.5578125 0.43203125 0.00625 0.0109375
0 0.70703125 0.7015625 0.0078125 0.0140625
0 0.8515625 0.73828125 0.009375 0.0171875
0 0.8703125 0.52421875 0.0078125 0.0109375