1 0.43203125 0.4359375 0.0140625 0.075
1 0.41875 0.3109375 0.021875 0.0578125
1 0.3984375 0.23828125 0.015625 0.0421875
1 0.4265625 0.225 0.015625 0.046875
1 0.371875 0.184375 0.0125 0.0328125
1 0.0046875 0.34453125 0.009375 0.0515625
1 0.075 0.31171875 0.0203125 0.0515625
1 0.08828125 0.26796875 0.01875 0.0421875
1 0.0421875 0.2234375 0.0171875 0.0421875
1 0.20546875 0.33203125 0.01875 0.05625
1 0.34609375 0.28125 0.01875 0.05625
1 0.98828125 0.4 0.0234375 0.078125
1 0.9046875 0.421875 0.028125 0.0796875
1 0.8390625 0.303125 0.0203125 0.0640625
1 0.71484375 0.24765625 0.0234375 0.0625
1 0.703125 0.26171875 0.0171875 0.05
1 0.69375 0.259375 0.01875 0.065625
1 0.68359375 0.27578125 0.025 0.0578125
1 0.66640625 0.28125 0.021875 0.0578125
1 0.6734375 0.3125 0.028125 0.059375
1 0.64453125 0.32890625 0.028125 0.0671875
1 0.6390625 0.396875 0.028125 0.078125
1 0.603125 0.3921875 0.0296875 0.0703125
1 0.584375 0.40546875 0.021875 0.0640625
1 0.5875 0.40625 0.0265625 0.05
1 0.57578125 0.43671875 0.03125 0.06875
1 0.5640625 0.44609375 0.0296875 0.06875
1 0.73046875 0.39921875 0.0265625 0.0703125
0 0.7875 0.3421875 0.0125 0.025
1 0.0109375 0.946875 0.015625 0.0453125
1 0.10078125 0.97265625 0.0171875 0.0515625
1 0.15625 0.96796875 0.0203125 0.0515625
1 0.21171875 0.97890625 0.0171875 0.0421875
1 0.1890625 0.85703125 0.015625 0.0328125
1 0.28515625 0.8984375 0.0125 0.04375
1 0.33515625 0.88359375 0.015625 0.0390625
1 0.328125 0.8484375 0.015625 0.0390625
1 0.3453125 0.9484375 0.01875 0.0453125
1 0.33046875 0.98046875 0.0171875 0.0390625
1 0.36796875 0.91015625 0.0140625 0.040625
1 0.38125 0.88359375 0.01875 0.0484375
0 0.18203125 0.9484375 0.009375 0.0140625
0 0.80234375 0.78359375 0.00625 0.0125
1 0.98515625 0.73515625 0.0265625 0.0703125
1 0.925 0.659375 0.021875 0.0671875
1 0.86796875 0.61796875 0.0203125 0.0515625
1 0.8453125 0.65 0.01875 0.059375
1 0.8578125 0.67421875 0.021875 0.0625
1 0.81171875 0.6921875 0.0203125 0.0515625
1 0.80390625 0.67109375 0.021875 0.0609375
1 0.8015625 0.73203125 0.01875 0.0625
1 0.7984375 0.76015625 0.021875 0.0609375
1 0.821875 0.85546875 0.0296875 0.0734375
1 0.85703125 0.85078125 0.0265625 0.0734375
1 0.7328125 0.7609375 0.025 0.0625
1 0.746875 0.71328125 0.021875 0.0609375
1 0.52734375 0.74296875 0.0234375 0.0703125
1 0.5265625 0.71328125 0.01875 0.05625
1 0.475 0.78828125 0.021875 0.0609375
1 0.5546875 0.98046875 0.0375 0.0390625