1 0.075 0.45 0.078125 0.0203125
1 0.83984375 0.38984375 0.103125 0.0265625
1 0.81484375 0.6109375 0.1046875 0.015625
1 0.81015625 0.44296875 0.0890625 0.025
1 0.7359375 0.4125 0.0828125 0.021875
1 0.7265625 0.31953125 0.0890625 0.025
1 0.57421875 0.459375 0.0796875 0.0203125
1 0.56484375 0.3328125 0.0796875 0.0203125
1 0.51953125 0.23984375 0.065625 0.0171875
1 0.51328125 0.18984375 0.0703125 0.01875
1 0.6109375 0.16484375 0.0765625 0.0265625
1 0.5953125 0.1375 0.0765625 0.0234375
1 0.58828125 0.0671875 0.0671875 0.0203125
1 0.58125 0.0671875 0.0625 0.0171875
1 0.61796875 0.02890625 0.0734375 0.0203125
1 0.52421875 0.02734375 0.059375 0.0171875
1 0.534375 0.621875 0.05 0.00625
1 0.49765625 0.62734375 0.053125 0.0125
1 0.49921875 0.6453125 0.05625 0.015625
1 0.58203125 0.73203125 0.0640625 0.0171875
1 0.47109375 0.76796875 0.0546875 0.0125
1 0.40703125 0.79921875 0.040625 0.009375
1 0.46015625 0.85859375 0.04375 0.0125
1 0.4421875 0.89296875 0.04375 0.0125