0 0.34765625 0.45625 0.009375 0.00625
1 0.2984375 0.35 0.05 0.0140625
1 0.315625 0.2703125 0.05 0.015625
1 0.3546875 0.2484375 0.040625 0.0140625
1 0.40859375 0.284375 0.040625 0.0125
1 0.296875 0.56796875 0.0625 0.015625
1 0.07109375 0.48046875 0.0765625 0.0203125
1 0.26796875 0.146875 0.05625 0.0125
1 0.2875 0.00234375 0.05625 0.0046875
1 0.36640625 0.4625 0.046875 0.0125
1 0.7359375 0.07109375 0.034375 0.0109375
1 0.6578125 0.5859375 0.034375 0.0078125
1 0.79375 0.56640625 0.0234375 0.009375
1 0.75546875 0.5640625 0.0265625 0.0046875
1 0.74765625 0.55390625 0.03125 0.0078125
1 0.746875 0.5265625 0.028125 0.009375
1 0.7984375 0.515625 0.025 0.0078125
1 0.8 0.44296875 0.021875 0.0078125
1 0.684375 0.4953125 0.0328125 0.0078125
1 0.6796875 0.44296875 0.034375 0.0078125
1 0.65859375 0.39921875 0.0265625 0.0078125
1 0.70703125 0.35078125 0.028125 0.0109375
1 0.659375 0.28515625 0.0375 0.009375
1 0.8109375 0.33046875 0.021875 0.0046875
1 0.79921875 0.36640625 0.028125 0.009375
1 0.76875 0.321875 0.021875 0.00625
1 0.7625 0.31640625 0.021875 0.0078125
1 0.73203125 0.2796875 0.0234375 0.009375
1 0.71640625 0.26875 0.0296875 0.0078125
1 0.75078125 0.4375 0.028125 0.0078125
0 0.73671875 0.43515625 0.009375 0.0046875
1 0.4609375 0.6359375 0.065625 0.01875
1 0.34375 0.68359375 0.0890625 0.0203125
1 0.30546875 0.72109375 0.0859375 0.0234375
1 0.39296875 0.79609375 0.075 0.01875
1 0.38828125 0.81171875 0.078125 0.0171875
1 0.38515625 0.84296875 0.075 0.021875
1 0.44375 0.834375 0.075 0.01875
1 0.44609375 0.77109375 0.053125 0.009375
1 0.4015625 0.76640625 0.0671875 0.025
1 0.4453125 0.75 0.059375 0.015625
1 0.4390625 0.7328125 0.065625 0.01875
1 0.4109375 0.7421875 0.06875 0.015625
1 0.4125 0.7203125 0.06875 0.0125
1 0.4125 0.71328125 0.078125 0.0140625
0 0.71875 0.92578125 0.0078125 0.00625
0 0.83203125 0.96328125 0.00625 0.0046875
0 0.83046875 0.89375 0.0046875 0.0046875
0 0.5640625 0.8234375 0.009375 0.00625
0 0.54375 0.68125 0.0125 0.00625
1 0.609375 0.92578125 0.0703125 0.0234375
1 0.76484375 0.86015625 0.04375 0.0140625
1 0.8125 0.84140625 0.034375 0.0125
1 0.69921875 0.80546875 0.053125 0.015625
1 0.78828125 0.7953125 0.0375 0.0109375
1 0.78359375 0.74609375 0.040625 0.0140625
1 0.6984375 0.721875 0.053125 0.0125
1 0.6265625 0.7625 0.059375 0.015625
1 0.74609375 0.70625 0.05 0.0125
1 0.74375 0.6203125 0.046875 0.003125