0 0.365625 0.6140625 0.009375 0.0046875
0 0.22578125 0.590625 0.009375 0.00625
0 0.1703125 0.65078125 0.0140625 0.0078125
0 0.04765625 0.584375 0.009375 0.00625
0 0.31953125 0.36328125 0.0125 0.00625
0 0.27265625 0.284375 0.01875 0.00625
0 0.12734375 0.2328125 0.009375 0.00625
0 0.38984375 0.1515625 0.0125 0.0046875
1 0.38359375 0.46796875 0.0328125 0.0234375
1 0.31015625 0.1171875 0.0765625 0.015625
1 0.1796875 0.29140625 0.1 0.0296875
0 0.3265625 0.08203125 0.0125 0.00625
0 0.38984375 0.37421875 0.0140625 0.0046875
0 0.77734375 0.64296875 0.0078125 0.00625
0 0.87109375 0.6390625 0.0078125 0.00625
0 0.85390625 0.584375 0.009375 0.00625
0 0.76171875 0.5546875 0.009375 0.003125
0 0.59375 0.49375 0.0140625 0.0046875
0 0.74921875 0.46171875 0.0125 0.0046875
0 0.54609375 0.36640625 0.0125 0.00625
0 0.834375 0.3578125 0.0078125 0.00625
0 0.95390625 0.45859375 0.00625 0.0046875
0 0.89921875 0.496875 0.0125 0.003125
0 0.94609375 0.4 0.00625 0.0046875
0 0.946875 0.33046875 0.0046875 0.0046875
0 0.68359375 0.25078125 0.009375 0.00625
0 0.5453125 0.1875 0.0125 0.0046875
0 0.66796875 0.1078125 0.0125 0.00625
1 0.96484375 0.5359375 0.03125 0.0078125
1 0.9328125 0.60546875 0.0375 0.009375
1 0.91484375 0.61171875 0.040625 0.0125
1 0.8875 0.5453125 0.034375 0.0140625
1 0.85390625 0.51328125 0.0453125 0.0125
1 0.92578125 0.5015625 0.0390625 0.0078125
1 0.725 0.3546875 0.06875 0.021875
1 0.8828125 0.29375 0.04375 0.0125
1 0.93046875 0.27734375 0.034375 0.0109375
1 0.81953125 0.2375 0.053125 0.0140625
1 0.9078125 0.23046875 0.0375 0.009375
1 0.9046875 0.18125 0.040625 0.0125
1 0.82109375 0.15390625 0.053125 0.0109375
1 0.74765625 0.19140625 0.059375 0.0140625
1 0.86875 0.1390625 0.05 0.0109375
1 0.86953125 0.0484375 0.046875 0.0109375
1 0.759375 0.00546875 0.065625 0.0109375
0 0.09765625 0.77734375 0.025 0.00625
1 0.01953125 0.68359375 0.0390625 0.0140625
1 0.12109375 0.76328125 0.053125 0.0140625
1 0.009375 0.87421875 0.01875 0.0171875
1 0.08828125 0.93515625 0.053125 0.0171875
1 0.159375 0.93203125 0.0453125 0.0140625
1 0.8 0.94921875 0.059375 0.0109375
1 0.8203125 0.9390625 0.0546875 0.015625
1 0.78359375 0.92734375 0.059375 0.0140625
1 0.90234375 0.91484375 0.046875 0.0171875
1 0.9453125 0.92265625 0.04375 0.009375
1 0.9578125 0.8609375 0.0375 0.0109375
1 0.90703125 0.85078125 0.053125 0.0109375
1 0.9046875 0.8109375 0.04375 0.009375
1 0.91875 0.6640625 0.046875 0.009375