0 0.02578125 0.4265625 0.0109375 0.0078125
0 0.0125 0.284375 0.0109375 0.00625
0 0.02890625 0.0296875 0.0140625 0.009375
0 0.20390625 0.1984375 0.0109375 0.0078125
0 0.13671875 0.36953125 0.0140625 0.009375
1 0.1359375 0.43515625 0.0578125 0.028125
1 0.084375 0.15234375 0.075 0.0375
1 0.14609375 0.10390625 0.075 0.034375
1 0.19140625 0.16015625 0.0609375 0.0234375
1 0.225 0.15859375 0.0546875 0.0234375
1 0.26640625 0.2046875 0.053125 0.0203125
1 0.234375 0.284375 0.05 0.0234375
1 0.1796875 0.29765625 0.0515625 0.021875
1 0.1484375 0.2859375 0.0546875 0.0234375
1 0.1828125 0.265625 0.0578125 0.025
1 0.2 0.07109375 0.0703125 0.028125
1 0.16796875 0.1015625 0.0625 0.0265625
1 0.2625 0.06953125 0.0546875 0.0234375
1 0.27109375 0.16875 0.0484375 0.0234375
0 0.09453125 0.0578125 0.0140625 0.0078125
1 0.984375 0.3390625 0.03125 0.025
1 0.86796875 0.45234375 0.0703125 0.0328125
1 0.8828125 0.39296875 0.0671875 0.0328125
1 0.603125 0.3546875 0.11875 0.053125
1 0.77578125 0.3 0.084375 0.0390625
1 0.84921875 0.29765625 0.065625 0.0296875
1 0.91484375 0.2375 0.0671875 0.03125
1 0.975 0.22734375 0.05 0.0328125
1 0.92890625 0.17890625 0.0703125 0.0328125
1 0.97265625 0.1234375 0.0546875 0.028125
1 0.97734375 0.10390625 0.0453125 0.0234375
1 0.93046875 0.0546875 0.0640625 0.03125
1 0.89140625 0.0140625 0.0734375 0.028125
0 0.9421875 0.3640625 0.0265625 0.015625
1 0.159375 0.51015625 0.0515625 0.0234375
1 0.0234375 0.73359375 0.046875 0.0328125
1 0.08984375 0.9109375 0.0546875 0.021875
1 0.09296875 0.89453125 0.0515625 0.021875
1 0.3078125 0.88828125 0.0375 0.0140625
1 0.2921875 0.70078125 0.0421875 0.0203125
1 0.14375 0.659375 0.0421875 0.0203125
1 0.15546875 0.6328125 0.0484375 0.021875
1 0.3234375 0.63203125 0.04375 0.0171875
0 0.03125 0.91953125 0.0109375 0.0078125
0 0.1984375 0.96328125 0.0140625 0.009375
0 0.19921875 0.85625 0.015625 0.0109375
0 0.04609375 0.8234375 0.0125 0.0078125
0 0.14296875 0.73125 0.0109375 0.0078125
0 0.2203125 0.690625 0.0125 0.0078125
0 0.0625 0.57109375 0.0109375 0.00625
1 0.75546875 0.8765625 0.0703125 0.03125
1 0.78984375 0.746875 0.0609375 0.028125
1 0.82265625 0.68359375 0.0609375 0.028125
1 0.87734375 0.66875 0.0609375 0.028125
1 0.85 0.63828125 0.0546875 0.0265625
1 0.7234375 0.5296875 0.0765625 0.0328125
1 0.88359375 0.47578125 0.0578125 0.0140625
1 0.87890625 0.49375 0.0546875 0.0265625
1 0.9125 0.496875 0.059375 0.021875
1 0.91171875 0.48046875 0.05625 0.021875
1 0.9296875 0.534375 0.059375 0.021875
1 0.93984375 0.5484375 0.0640625 0.0265625
1 0.91953125 0.57578125 0.053125 0.0203125