0 0.31171875 0.39765625 0.009375 0.00625
0 0.453125 0.396875 0.0109375 0.0078125
0 0.4984375 0.46484375 0.015625 0.009375
0 0.39609375 0.15703125 0.0140625 0.0078125
0 0.4546875 0.08671875 0.0203125 0.009375
0 0.21328125 0.02578125 0.0140625 0.009375
0 0.16875 0.24453125 0.0109375 0.0078125
0 0.16328125 0.428125 0.0140625 0.0078125
1 0.13828125 0.48828125 0.0578125 0.0234375
1 0.296875 0.2484375 0.075 0.034375
1 0.25859375 0.1796875 0.0734375 0.03125
1 0.1953125 0.2140625 0.0609375 0.0203125
1 0.16484375 0.19921875 0.0546875 0.021875
1 0.10859375 0.22578125 0.0546875 0.01875
1 0.10703125 0.31171875 0.05 0.0203125
1 0.15234375 0.3453125 0.0515625 0.01875
1 0.1859375 0.34609375 0.0546875 0.021875
1 0.1625 0.31484375 0.0578125 0.021875
1 0.221875 0.128125 0.0703125 0.025
1 0.2390625 0.16953125 0.0625 0.0234375
1 0.165625 0.103125 0.0546875 0.021875
1 0.275 0.01484375 0.0765625 0.025
1 0.5265625 0.10859375 0.065625 0.0453125
1 0.11875 0.19140625 0.0484375 0.0203125
0 0.325 0.1578125 0.0140625 0.0078125
1 0.64765625 0.4703125 0.0234375 0.0140625
1 0.78671875 0.25 0.034375 0.0125
1 0.6546875 0.2140625 0.025 0.0125
1 0.69296875 0.21640625 0.0265625 0.0078125
1 0.7015625 0.20703125 0.03125 0.0109375
1 0.70546875 0.18046875 0.0296875 0.0125
1 0.65546875 0.1625 0.025 0.0109375
1 0.66328125 0.08984375 0.021875 0.009375
1 0.771875 0.15703125 0.0328125 0.0125
1 0.7828125 0.1046875 0.034375 0.0125
1 0.80859375 0.0640625 0.0265625 0.0109375
1 0.76640625 0.01015625 0.0296875 0.0140625
1 0.67265625 0.01484375 0.0296875 0.0125
1 0.7125 0.09140625 0.028125 0.0109375
0 0.72734375 0.090625 0.009375 0.00625
0 0.0046875 0.8765625 0.009375 0.009375
0 0.11796875 0.77734375 0.015625 0.009375
0 0.2359375 0.74921875 0.0078125 0.0078125
0 0.02109375 0.74765625 0.0125 0.0078125
0 0.0546875 0.6765625 0.0140625 0.0078125
0 0.15078125 0.67578125 0.0140625 0.0078125
0 0.2703125 0.58359375 0.0140625 0.0078125
0 0.1125 0.55625 0.0171875 0.0125
0 0.18828125 0.50703125 0.0171875 0.0125
1 0.034375 0.82265625 0.0640625 0.0265625
1 0.02578125 0.80078125 0.0515625 0.0265625
1 0.0140625 0.61796875 0.028125 0.0265625
1 0.040625 0.55234375 0.0703125 0.025
0 0.59375 0.8109375 0.00625 0.0046875
1 0.646875 0.53203125 0.0515625 0.0171875
1 0.803125 0.72578125 0.0671875 0.0265625
1 0.61171875 0.734375 0.0515625 0.0171875
1 0.57265625 0.80546875 0.0265625 0.0109375
1 0.5921875 0.81484375 0.0359375 0.015625
1 0.6796875 0.8421875 0.053125 0.021875
1 0.58203125 0.84453125 0.0453125 0.0171875
1 0.58046875 0.66484375 0.0390625 0.015625
1 0.5828125 0.5546875 0.0390625 0.015625