1 0.39140625 0.19140625 0.0671875 0.028125
1 0.459375 0.03359375 0.059375 0.0203125
1 0.44765625 0.06796875 0.0359375 0.0203125
1 0.46328125 0.06328125 0.053125 0.021875
1 0.46640625 0.1375 0.0546875 0.0234375
1 0.52109375 0.115625 0.0484375 0.0171875
1 0.5953125 0.178125 0.0484375 0.0171875
1 0.640625 0.21015625 0.0421875 0.015625
1 0.60703125 0.22734375 0.053125 0.021875
1 0.59375 0.2921875 0.0484375 0.0171875
1 0.59765625 0.30625 0.053125 0.021875
1 0.5625 0.36953125 0.0578125 0.021875
0 0.15 0.56171875 0.0140625 0.0078125
0 0.3109375 0.58203125 0.0109375 0.0078125
0 0.31328125 0.64765625 0.009375 0.0078125
0 0.2671875 0.73671875 0.0140625 0.0078125
0 0.1421875 0.79921875 0.0078125 0.0046875
0 0.38984375 0.68984375 0.0140625 0.0078125
0 0.33359375 0.8484375 0.0046875 0.0046875
0 0.27734375 0.965625 0.0078125 0.00625
0 0.415625 0.98125 0.0125 0.0046875
1 0.2375 0.571875 0.0484375 0.021875
1 0.40390625 0.6546875 0.0453125 0.021875
1 0.3515625 0.76484375 0.0546875 0.0234375
1 0.17265625 0.85859375 0.065625 0.0296875
1 0.22109375 0.99296875 0.0734375 0.0140625
1 0.4125 0.8828125 0.034375 0.021875
1 0.625 0.578125 0.0546875 0.025
1 0.565625 0.61875 0.0640625 0.0234375
1 0.5625 0.6328125 0.0546875 0.025
1 0.66796875 0.70390625 0.0546875 0.021875
1 0.6796875 0.74453125 0.046875 0.0234375
1 0.76875 0.859375 0.05 0.0203125
1 0.69921875 0.8734375 0.046875 0.0203125
1 0.70625 0.89921875 0.0484375 0.0171875
1 0.734375 0.96015625 0.0453125 0.0171875