0 0.2078125 0.41875 0.0171875 0.0109375
1 0.3234375 0.0234375 0.0578125 0.025
1 0.275 0.06328125 0.05 0.01875
1 0.2234375 0.07890625 0.0421875 0.0171875
1 0.36484375 0.1015625 0.0546875 0.025
1 0.26171875 0.2390625 0.0546875 0.025
1 0.22109375 0.21484375 0.0515625 0.01875
1 0.16796875 0.20390625 0.046875 0.0171875
1 0.20390625 0.18984375 0.0546875 0.01875
1 0.20390625 0.153125 0.0484375 0.0203125
1 0.178125 0.05703125 0.0375 0.0140625
1 0.23359375 0.003125 0.0421875 0.00625
1 0.20703125 0.0015625 0.0359375 0.003125
1 0.33984375 0.46015625 0.0671875 0.0296875
1 0.18125 0.425 0.053125 0.0203125
1 0.19453125 0.325 0.0484375 0.01875
1 0.13984375 0.2671875 0.040625 0.0140625
0 0.8390625 0.4390625 0.015625 0.009375
0 0.80625 0.1171875 0.015625 0.009375
0 0.775 0.240625 0.0140625 0.009375
0 0.4328125 0.9625 0.009375 0.0078125
0 0.54375 0.97265625 0.00625 0.00625
0 0.6390625 0.8828125 0.0078125 0.00625
0 0.51484375 0.81875 0.0125 0.0046875
0 0.3921875 0.8359375 0.0109375 0.0078125
0 0.378125 0.92109375 0.009375 0.0046875
0 0.27578125 0.978125 0.0109375 0.0078125
0 0.38828125 0.75078125 0.009375 0.0046875
1 0.703125 0.87109375 0.071875 0.0296875
1 0.471875 0.90703125 0.0578125 0.0234375
1 0.31171875 0.90703125 0.0390625 0.015625
1 0.31484375 0.85546875 0.0421875 0.0171875
1 0.52109375 0.6921875 0.0640625 0.0234375
1 0.53203125 0.6765625 0.05625 0.0171875
1 0.39921875 0.575 0.046875 0.01875
1 0.45 0.59921875 0.05625 0.0203125
1 0.853125 0.8828125 0.0734375 0.0296875
1 0.93984375 0.9953125 0.0796875 0.009375
1 0.76328125 0.6609375 0.0484375 0.025
1 0.78515625 0.61796875 0.0640625 0.0234375
1 0.81484375 0.5140625 0.0578125 0.009375
1 0.9484375 0.53125 0.0703125 0.03125