0 0.07109375 0.0078125 0.0171875 0.0109375
1 0.0375 0.34609375 0.0421875 0.01875
1 0.0171875 0.184375 0.034375 0.028125
1 0.04765625 0.21015625 0.0515625 0.021875
1 0.09921875 0.2234375 0.046875 0.01875
1 0.0625 0.23671875 0.053125 0.021875
1 0.0609375 0.27265625 0.0484375 0.021875
1 0.08125 0.36953125 0.0375 0.015625
1 0.02265625 0.42734375 0.0421875 0.0203125
1 0.05 0.4296875 0.0359375 0.0171875
1 0.096875 0.00703125 0.053125 0.0140625
1 0.07890625 0.10234375 0.0484375 0.0203125
1 0.13125 0.1625 0.040625 0.015625
1 0.90703125 0.45703125 0.053125 0.0203125
1 0.73046875 0.434375 0.0859375 0.0390625
1 0.6140625 0.43671875 0.0921875 0.040625
1 0.803125 0.31328125 0.078125 0.034375
1 0.87890625 0.21875 0.0671875 0.03125
1 0.77265625 0.14921875 0.090625 0.0359375
1 0.74140625 0.10546875 0.0859375 0.0390625
1 0.8421875 0.0484375 0.0765625 0.0328125
1 0.840625 0.0328125 0.078125 0.03125
1 0.84296875 0.009375 0.0765625 0.01875
1 0.89921875 0.0203125 0.0765625 0.0328125
1 0.88984375 0.08359375 0.053125 0.01875
1 0.84453125 0.0796875 0.06875 0.0375
1 0.884375 0.10390625 0.0609375 0.0265625
1 0.875 0.11953125 0.0671875 0.03125
1 0.85 0.1046875 0.0703125 0.028125
1 0.846875 0.1265625 0.06875 0.025
1 0.84609375 0.13359375 0.078125 0.028125
1 0.17109375 0.5171875 0.0828125 0.034375
1 0.784375 0.52265625 0.0359375 0.0203125
1 0.8046875 0.53046875 0.0421875 0.01875
1 0.8484375 0.5640625 0.0359375 0.0171875
1 0.69453125 0.5671875 0.05 0.0234375
1 0.54453125 0.7015625 0.0609375 0.028125
1 0.62109375 0.75546875 0.0625 0.025
1 0.6984375 0.66484375 0.0484375 0.021875
1 0.7703125 0.71484375 0.040625 0.0171875
1 0.64296875 0.9265625 0.0453125 0.021875
0 0.52109375 0.6890625 0.0234375 0.015625