0 0.03125 0.38515625 0.0140625 0.00625
0 0.1109375 0.27890625 0.0140625 0.00625
0 0.25078125 0.27578125 0.0125 0.00625
0 0.27734375 0.43046875 0.009375 0.009375
0 0.346875 0.3875 0.0078125 0.0046875
0 0.45 0.36484375 0.0125 0.00625
0 0.340625 0.34296875 0.0140625 0.00625
0 0.353125 0.24140625 0.015625 0.009375
0 0.2484375 0.15859375 0.009375 0.00625
0 0.0703125 0.1078125 0.009375 0.00625
0 0.2578125 0.0578125 0.0140625 0.009375
0 0.51015625 0.19140625 0.015625 0.0078125
0 0.4296875 0.14765625 0.015625 0.00625
0 0.43515625 0.034375 0.0125 0.00625
0 0.396875 0.11328125 0.0125 0.0078125
0 0.375 0.49765625 0.01875 0.00625
1 0.3109375 0.53203125 0.065625 0.0203125
1 0.4078125 0.50859375 0.0671875 0.0140625
1 0.37265625 0.39765625 0.0625 0.0125
1 0.13984375 0.3828125 0.0875 0.0203125
1 0.14375 0.40390625 0.075 0.0203125
1 0.4703125 0.284375 0.065625 0.0125
1 0.45234375 0.25625 0.0578125 0.0109375
1 0.35390625 0.19609375 0.059375 0.0140625
1 0.33125 0.0015625 0.0625 0.003125
1 0.51484375 0.01328125 0.053125 0.0109375
1 0.75546875 0.459375 0.06875 0.0171875
1 0.7625 0.325 0.059375 0.0171875
1 0.78046875 0.25625 0.059375 0.0171875
1 0.83125 0.23046875 0.059375 0.0171875
1 0.79765625 0.20625 0.053125 0.0171875
1 0.778125 0.01953125 0.065625 0.0171875
1 0.7875 0.01171875 0.06875 0.0140625
1 0.79609375 0.0359375 0.05625 0.0140625
1 0.796875 0.059375 0.053125 0.0171875
1 0.8296875 0.0546875 0.059375 0.0109375
1 0.82578125 0.03828125 0.05625 0.0109375
1 0.8546875 0.08828125 0.059375 0.0109375
1 0.8671875 0.09921875 0.0625 0.0140625
1 0.853125 0.13046875 0.053125 0.0109375
1 0.44453125 0.7140625 0.05 0.0140625
1 0.37734375 0.78984375 0.065625 0.0125
1 0.38125 0.753125 0.05625 0.0140625
1 0.33359375 0.7703125 0.059375 0.0140625
1 0.26484375 0.76875 0.06875 0.0125
1 0.2578125 0.80625 0.0640625 0.0171875
1 0.03984375 0.60390625 0.0796875 0.0203125
1 0.296875 0.60234375 0.06875 0.0140625
1 0.39375 0.61640625 0.0609375 0.0125
1 0.39140625 0.5953125 0.0625 0.0109375
1 0.45703125 0.62265625 0.05 0.0125
1 0.91796875 0.94609375 0.046875 0.0125
1 0.7578125 0.82890625 0.05 0.0171875
1 0.81640625 0.7546875 0.0546875 0.0140625
1 0.90078125 0.73125 0.04375 0.0125
1 0.7578125 0.6921875 0.059375 0.0234375
1 0.7390625 0.715625 0.040625 0.015625
1 0.875 0.6265625 0.0484375 0.0140625
1 0.921875 0.6453125 0.0484375 0.0171875
0 0.74453125 0.96484375 0.01875 0.0078125