0 0.38203125 0.0375 0.015625 0.0078125
0 0.36484375 0.14921875 0.0125 0.0078125
0 0.325 0.23203125 0.0078125 0.0078125
0 0.25078125 0.24140625 0.0078125 0.0078125
0 0.41171875 0.075 0.0140625 0.009375
0 0.4765625 0.2171875 0.00625 0.009375
0 0.40859375 0.440625 0.0171875 0.009375
0 0.3140625 0.33984375 0.015625 0.009375
0 0.446875 0.4796875 0.0140625 0.0078125
1 0.45625 0.003125 0.046875 0.00625
1 0.45625 0.1953125 0.046875 0.015625
1 0.4453125 0.2671875 0.06875 0.025
1 0.28359375 0.1625 0.053125 0.015625
1 0.325 0.3203125 0.059375 0.01875
1 0.3546875 0.35078125 0.0359375 0.025
1 0.38515625 0.34765625 0.0546875 0.0171875
1 0.3359375 0.48671875 0.0375 0.0265625
1 0.44453125 0.31953125 0.059375 0.01875
1 0.46484375 0.37109375 0.0296875 0.0234375
0 0.8734375 0.271875 0.0203125 0.0109375
1 0.90078125 0.56328125 0.0765625 0.0109375
1 0.825 0.48671875 0.05625 0.015625
1 0.8078125 0.4578125 0.0546875 0.01875
1 0.80390625 0.44375 0.059375 0.01875
1 0.78828125 0.42734375 0.0484375 0.0234375
1 0.765625 0.40546875 0.0484375 0.0171875
1 0.7578125 0.3890625 0.0515625 0.01875
1 0.8171875 0.37109375 0.0515625 0.021875
1 0.859375 0.39375 0.06875 0.0234375
1 0.85546875 0.425 0.059375 0.01875
1 0.74765625 0.353125 0.0515625 0.021875
1 0.7953125 0.27265625 0.053125 0.021875
1 0.84375 0.3515625 0.059375 0.025
1 0.85546875 0.2375 0.065625 0.0234375
1 0.71953125 0.2390625 0.0453125 0.0171875
1 0.76953125 0.18203125 0.0453125 0.015625
1 0.80625 0.13984375 0.0546875 0.021875
1 0.82109375 0.05078125 0.046875 0.015625
1 0.8953125 0.046875 0.0625 0.021875
1 0.44609375 0.5734375 0.0578125 0.009375
1 0.45546875 0.628125 0.0484375 0.021875
1 0.4578125 0.675 0.04375 0.01875
1 0.29765625 0.66796875 0.0484375 0.01875
1 0.259375 0.6828125 0.0453125 0.01875
1 0.32890625 0.80234375 0.0609375 0.0265625
1 0.37890625 0.98828125 0.0578125 0.021875
1 0.61015625 0.73125 0.053125 0.0140625
1 0.71796875 0.8375 0.0734375 0.021875
1 0.7828125 0.7734375 0.0859375 0.028125
1 0.890625 0.81796875 0.0921875 0.0296875
1 0.75859375 0.634375 0.078125 0.025