0 0.11796875 0.31953125 0.0125 0.0078125
0 0.1578125 0.47109375 0.009375 0.009375
0 0.2234375 0.42265625 0.0078125 0.0046875
0 0.32421875 0.390625 0.0125 0.0078125
0 0.21328125 0.378125 0.0140625 0.0078125
0 0.2171875 0.2765625 0.015625 0.0109375
0 0.10546875 0.20234375 0.009375 0.00625
0 0.10625 0.1015625 0.0140625 0.0109375
0 0.36953125 0.2125 0.015625 0.009375
0 0.28515625 0.17578125 0.015625 0.0078125
0 0.28125 0.0625 0.0125 0.0078125
0 0.24921875 0.14453125 0.0125 0.009375
0 0.153125 0.01875 0.015625 0.009375
0 0.26171875 0.52890625 0.01875 0.0078125
1 0.20078125 0.56875 0.0671875 0.021875
1 0.29453125 0.53828125 0.0671875 0.0171875
1 0.25078125 0.4296875 0.0625 0.015625
1 0.03046875 0.4359375 0.0609375 0.025
1 0.03046875 0.45546875 0.0609375 0.0234375
1 0.3375 0.30859375 0.065625 0.015625
1 0.31796875 0.2828125 0.0578125 0.0140625
1 0.2140625 0.23125 0.059375 0.0171875
1 0.175 0.03671875 0.0625 0.0125
1 0.35859375 0.034375 0.053125 0.0125
0 0.784375 0.17421875 0.03125 0.0140625
1 0.8390625 0.5703125 0.08125 0.01875
1 0.9703125 0.434375 0.05625 0.015625
1 0.9609375 0.37109375 0.0640625 0.0234375
1 0.93984375 0.159375 0.0625 0.0203125
1 0.86796875 0.24375 0.0703125 0.021875
1 0.75 0.26171875 0.08125 0.0265625
1 0.81171875 0.0734375 0.065625 0.0171875
1 0.828125 0.0453125 0.071875 0.0171875
1 0.8375 0.17734375 0.0546875 0.0203125
1 0.5515625 0.6046875 0.040625 0.0125
1 0.5484375 0.584375 0.034375 0.009375
1 0.48984375 0.63671875 0.040625 0.0125
1 0.415625 0.625 0.046875 0.0125
1 0.3359375 0.63359375 0.059375 0.0171875
1 0.4609375 0.7359375 0.040625 0.0109375
1 0.475 0.7390625 0.0375 0.0109375
1 0.55703125 0.8078125 0.0296875 0.0078125
1 0.48359375 0.809375 0.046875 0.0125
1 0.39140625 0.8671875 0.0578125 0.0171875
1 0.51328125 0.9 0.04375 0.0140625
1 0.28828125 0.93125 0.06875 0.0171875
0 0.48828125 0.68984375 0.0109375 0.0046875
1 0.6921875 0.97890625 0.025 0.0109375
1 0.76328125 0.97109375 0.040625 0.0140625
1 0.7203125 0.95625 0.040625 0.0125
1 0.684375 0.93125 0.009375 0.0125
1 0.69921875 0.7625 0.0390625 0.0125
1 0.71171875 0.81875 0.0375 0.015625