0 0.42890625 0.234375 0.009375 0.0171875
1 0.39453125 0.37265625 0.01875 0.0390625
1 0.35546875 0.26640625 0.025 0.0484375
1 0.28046875 0.15390625 0.0234375 0.0609375
1 0.38984375 0.240625 0.0203125 0.046875
1 0.45859375 0.30546875 0.0203125 0.0390625
1 0.4453125 0.19453125 0.0203125 0.0421875
1 0.42109375 0.0171875 0.0265625 0.034375
1 0.490625 0.1578125 0.025 0.0515625
1 0.58203125 0.0640625 0.0296875 0.0640625
1 0.83359375 0.13125 0.0296875 0.0609375
1 0.934375 0.215625 0.025 0.0515625
1 0.953125 0.28984375 0.0265625 0.0578125
1 0.87734375 0.4078125 0.025 0.0546875
1 0.7734375 0.41953125 0.01875 0.0484375
1 0.5515625 0.33203125 0.025 0.0484375
1 0.57265625 0.303125 0.0234375 0.0453125
1 0.75078125 0.240625 0.0296875 0.05625
1 0.7609375 0.2640625 0.028125 0.053125
1 0.97109375 0.42265625 0.0265625 0.0546875
1 0.00390625 0.66875 0.0078125 0.01875
1 0.04453125 0.75859375 0.0078125 0.0171875
1 0.05859375 0.809375 0.0078125 0.0109375
1 0.1390625 0.746875 0.0078125 0.0140625
1 0.0828125 0.675 0.0125 0.0140625
1 0.121875 0.6015625 0.0125 0.0234375
1 0.15 0.83984375 0.0234375 0.0578125
1 0.10390625 0.7890625 0.025 0.05
1 0.16328125 0.828125 0.0234375 0.04375
1 0.20859375 0.9 0.0234375 0.040625
1 0.246875 0.91484375 0.01875 0.0390625
1 0.29375 0.884375 0.021875 0.046875
1 0.41328125 0.92734375 0.021875 0.046875
1 0.4390625 0.93046875 0.0171875 0.0421875
1 0.453125 0.86640625 0.0140625 0.040625
1 0.4640625 0.89921875 0.009375 0.0484375
1 0.46640625 0.94140625 0.0046875 0.0546875
1 0.3390625 0.78515625 0.0234375 0.0609375
1 0.44375 0.74453125 0.009375 0.0140625
0 0.340625 0.84765625 0.009375 0.0140625
0 0.22265625 0.8734375 0.00625 0.009375
0 0.25 0.81875 0.0046875 0.00625
0 0.33515625 0.68984375 0.0078125 0.0125
0 0.203125 0.7359375 0.0078125 0.0140625
0 0.23203125 0.634375 0.009375 0.0140625
1 0.48203125 0.4828125 0.0265625 0.065625
1 0.57578125 0.5765625 0.025 0.0546875
1 0.571875 0.778125 0.0265625 0.053125
1 0.76953125 0.78359375 0.0265625 0.0578125
1 0.82578125 0.8296875 0.0265625 0.0546875
1 0.94609375 0.784375 0.03125 0.06875
1 0.97578125 0.6984375 0.0296875 0.0734375
1 0.9703125 0.65390625 0.03125 0.0765625