0 0.1515625 0.2875 0.009375 0.0171875
1 0.34921875 0.15625 0.0125 0.0328125
1 0.34375 0.175 0.015625 0.0375
1 0.3421875 0.24296875 0.0171875 0.0453125
1 0.26328125 0.23671875 0.015625 0.0390625
1 0.25703125 0.2015625 0.0140625 0.0359375
1 0.121875 0.14765625 0.0171875 0.0390625
1 0.0796875 0.25234375 0.0234375 0.0484375
1 0.00546875 0.36171875 0.0109375 0.0609375
1 0.11328125 0.27890625 0.01875 0.046875
1 0.184375 0.21640625 0.01875 0.0390625
1 0.22109375 0.29921875 0.0171875 0.0328125
1 0.16640625 0.32734375 0.01875 0.0421875
1 0.1359375 0.50234375 0.025 0.0328125
1 0.23671875 0.46640625 0.015625 0.05
1 0.27734375 0.38828125 0.0203125 0.0484375
1 0.51640625 0.0234375 0.0203125 0.046875
1 0.55625 0.10234375 0.0203125 0.0609375
1 0.58671875 0.234375 0.0265625 0.0765625
1 0.59609375 0.0265625 0.0265625 0.053125
1 0.83671875 0.02890625 0.0171875 0.0578125
1 0.4265625 0.02109375 0.021875 0.0421875
0 0.1640625 0.909375 0.00625 0.009375
0 0.0484375 0.8296875 0.0046875 0.0109375
0 0.0171875 0.684375 0.0046875 0.009375
0 0.1125 0.74921875 0.0078125 0.0109375
0 0.0765625 0.68203125 0.0046875 0.009375
0 0.1640625 0.6765625 0.00625 0.009375
0 0.24453125 0.7421875 0.0046875 0.009375
0 0.2359375 0.8234375 0.0078125 0.009375
0 0.21796875 0.6609375 0.00625 0.00625
0 0.30703125 0.68125 0.0046875 0.00625
0 0.3234375 0.61796875 0.0046875 0.00625
1 0.003125 0.91328125 0.00625 0.0515625
1 0.0046875 0.76875 0.009375 0.046875
1 0.07578125 0.7484375 0.0140625 0.040625
1 0.13359375 0.82109375 0.01875 0.05625
1 0.16484375 0.77109375 0.0171875 0.0484375
1 0.221875 0.765625 0.0171875 0.046875
1 0.2765625 0.78203125 0.01875 0.0546875
1 0.25078125 0.6546875 0.0109375 0.034375
1 0.3453125 0.68984375 0.0140625 0.04375
1 0.1328125 0.87734375 0.0203125 0.0546875
1 0.790625 0.97578125 0.01875 0.0484375
1 0.653125 0.99375 0.025 0.0125
1 0.6390625 0.915625 0.025 0.0578125
1 0.66171875 0.86875 0.0171875 0.0453125
1 0.7328125 0.84765625 0.0171875 0.0453125
1 0.62890625 0.8109375 0.015625 0.0421875
1 0.58125 0.81953125 0.01875 0.0359375
1 0.515625 0.90625 0.0203125 0.0515625
1 0.79140625 0.92421875 0.0234375 0.0484375
1 0.8234375 0.871875 0.0171875 0.0515625
1 0.87890625 0.86640625 0.0203125 0.0515625
1 0.934375 0.88125 0.0171875 0.0515625
1 0.91015625 0.7546875 0.015625 0.0328125
0 0.9046875 0.84609375 0.009375 0.0140625