0 0.28671875 0.340625 0.0078125 0.015625
1 0.49609375 0.45 0.009375 0.03125
1 0.4890625 0.43203125 0.0125 0.0359375
1 0.48046875 0.36484375 0.0125 0.04375
1 0.403125 0.37890625 0.0125 0.0375
1 0.4 0.41484375 0.0109375 0.034375
1 0.271875 0.4828125 0.0140625 0.0375
1 0.21875 0.3828125 0.01875 0.0484375
1 0.128125 0.28125 0.015625 0.059375
1 0.2484375 0.35234375 0.0140625 0.0453125
1 0.3265625 0.40703125 0.015625 0.0375
1 0.3546875 0.32109375 0.0140625 0.0328125
1 0.296875 0.29921875 0.015625 0.040625
1 0.24765625 0.1171875 0.01875 0.0546875
1 0.08515625 0.01796875 0.0203125 0.0359375
1 0.35234375 0.153125 0.0109375 0.05
1 0.40078125 0.22734375 0.015625 0.046875
1 0.5046875 0.0703125 0.01875 0.0578125
0 0.67109375 0.26171875 0.0125 0.021875
1 0.61953125 0.41015625 0.01875 0.0578125
1 0.78828125 0.490625 0.015625 0.0375
1 0.7640625 0.41484375 0.015625 0.0375
1 0.71484375 0.36171875 0.0203125 0.0484375
1 0.6984375 0.3578125 0.0234375 0.0609375
1 0.6734375 0.31875 0.021875 0.0546875
1 0.73359375 0.25703125 0.0328125 0.0640625
1 0.8078125 0.40703125 0.01875 0.0546875
1 0.90390625 0.4734375 0.0125 0.04375
1 0.91796875 0.41640625 0.0171875 0.0546875
1 0.9171875 0.36328125 0.0171875 0.0515625
1 0.94921875 0.384375 0.0125 0.04375
1 0.9453125 0.43046875 0.0125 0.046875
1 0.9984375 0.409375 0.003125 0.04375
1 0.50078125 0.853125 0.015625 0.05625
1 0.32109375 0.7 0.0203125 0.040625
1 0.2609375 0.78828125 0.01875 0.0515625
1 0.23125 0.80078125 0.0171875 0.0625
1 0.125 0.7015625 0.015625 0.04375
1 0.009375 0.72421875 0.015625 0.071875
1 0.55859375 0.97578125 0.015625 0.0453125
1 0.6828125 0.9890625 0.015625 0.021875
1 0.709375 0.98984375 0.0125 0.0203125
1 0.7140625 0.9359375 0.009375 0.040625
1 0.73671875 0.96640625 0.015625 0.046875
1 0.7453125 0.98984375 0.0125 0.0203125
1 0.7734375 0.96640625 0.015625 0.0484375
1 0.8625 0.98359375 0.015625 0.0328125
1 0.878125 0.98828125 0.015625 0.0234375
1 0.90234375 0.9859375 0.0109375 0.028125
1 0.9125 0.98515625 0.015625 0.0296875
1 0.95078125 0.97265625 0.01875 0.0453125
1 0.91953125 0.92578125 0.015625 0.0453125
1 0.590625 0.87109375 0.015625 0.059375
1 0.74765625 0.846875 0.009375 0.0125
1 0.68828125 0.81640625 0.0078125 0.0125
0 0.73515625 0.9046875 0.0046875 0.009375
0 0.82578125 0.90625 0.0078125 0.0125
0 0.77890625 0.8203125 0.0078125 0.009375
0 0.87421875 0.94140625 0.0046875 0.009375
0 0.6 0.93203125 0.0078125 0.0125
0 0.57265625 0.7765625 0.00625 0.0125