0 0.26640625 0.25390625 0.0125 0.0078125
1 0.184375 0.5 0.0578125 0.0203125
1 0.16796875 0.46953125 0.0484375 0.015625
1 0.23125 0.45859375 0.0578125 0.021875
1 0.20546875 0.44921875 0.05 0.015625
1 0.20234375 0.3953125 0.05 0.015625
1 0.23359375 0.33359375 0.0515625 0.021875
1 0.23203125 0.315625 0.05 0.01875
1 0.29453125 0.37265625 0.0296875 0.0140625
1 0.290625 0.38359375 0.0375 0.0140625
1 0.08125 0.3578125 0.06875 0.0171875
1 0.203125 0.21484375 0.0515625 0.01875
1 0.0609375 0.2296875 0.0640625 0.0203125
1 0.27578125 0.246875 0.0421875 0.015625
1 0.26640625 0.28515625 0.046875 0.0171875
1 0.09609375 0.02421875 0.0640625 0.025
1 0.63515625 0.4859375 0.053125 0.01875
1 0.5890625 0.53359375 0.0546875 0.0234375
1 0.56328125 0.446875 0.0640625 0.0234375
1 0.52109375 0.4625 0.0546875 0.0171875
1 0.60390625 0.3828125 0.05 0.015625
1 0.66875 0.31328125 0.040625 0.0125
1 0.51640625 0.29140625 0.0546875 0.021875
1 0.4578125 0.2109375 0.0609375 0.0171875
1 0.44609375 0.1203125 0.0578125 0.0203125
1 0.53125 0.14921875 0.05625 0.015625
1 0.596875 0.2046875 0.0515625 0.015625
1 0.6265625 0.11875 0.03125 0.009375
1 0.64765625 0.11171875 0.0328125 0.0125
1 0.5875 0.01640625 0.0484375 0.015625
1 0.48125 0.01015625 0.0625 0.0203125
1 0.540625 0.52109375 0.0578125 0.028125
0 0.021875 0.97578125 0.009375 0.00625
0 0.16171875 0.95859375 0.009375 0.00625
0 0.1015625 0.8015625 0.009375 0.00625
1 0.04453125 0.703125 0.0453125 0.0140625
1 0.03984375 0.75390625 0.0484375 0.015625
1 0.0171875 0.93203125 0.034375 0.0171875
1 0.09609375 0.99609375 0.0484375 0.0078125
1 0.11484375 0.91015625 0.0359375 0.0140625
1 0.14453125 0.89453125 0.03125 0.009375
1 0.15234375 0.84375 0.0359375 0.0109375
1 0.09296875 0.68203125 0.0375 0.009375
0 0.73515625 0.96875 0.0171875 0.0109375
1 0.80546875 0.57421875 0.0453125 0.015625
1 0.82890625 0.66796875 0.03125 0.0125
1 0.825 0.70390625 0.040625 0.0109375
1 0.83046875 0.7203125 0.0484375 0.015625
1 0.81484375 0.7390625 0.0421875 0.0171875
1 0.79921875 0.8 0.0453125 0.0140625
1 0.74453125 0.6765625 0.0484375 0.015625
1 0.7875 0.678125 0.05 0.015625
1 0.7984375 0.7015625 0.0390625 0.0140625
1 0.784375 0.65546875 0.0390625 0.0140625
1 0.7296875 0.6296875 0.04375 0.0125
1 0.740625 0.6265625 0.0390625 0.0140625
1 0.7546875 0.5703125 0.0453125 0.015625
1 0.66875 0.55546875 0.065625 0.0109375
1 0.7046875 0.94765625 0.0578125 0.015625