0 0.29921875 0.2609375 0.00625 0.0125
1 0.684375 0.096875 0.009375 0.075
1 0.5859375 0.04921875 0.0140625 0.0625
1 0.5328125 0.15 0.0140625 0.05625
1 0.50078125 0.1375 0.009375 0.046875
1 0.49765625 0.2015625 0.015625 0.05625
1 0.48515625 0.17734375 0.009375 0.05
1 0.43125 0.18046875 0.009375 0.05
1 0.37421875 0.21875 0.015625 0.05
1 0.35625 0.21953125 0.0125 0.0484375
1 0.421875 0.28125 0.009375 0.040625
1 0.43125 0.275 0.009375 0.0453125
1 0.3796875 0.06484375 0.009375 0.06875
1 0.25234375 0.203125 0.0125 0.05
1 0.25 0.06015625 0.0125 0.0625
1 0.29296875 0.27109375 0.0109375 0.040625
1 0.3296875 0.2578125 0.0125 0.0453125
1 0.05 0.1203125 0.0171875 0.0625
1 0.0109375 0.13515625 0.015625 0.0609375
0 0.71171875 0.35625 0.0046875 0.0125
1 0.996875 0.42109375 0.00625 0.0578125
1 0.9 0.37578125 0.015625 0.06875
1 0.8515625 0.43828125 0.0125 0.0234375
1 0.7828125 0.4375 0.0125 0.025
1 0.734375 0.43515625 0.0125 0.0296875
1 0.7296875 0.44375 0.0125 0.0125
1 0.71875 0.4078125 0.009375 0.0625
1 0.71171875 0.38046875 0.0125 0.059375
1 0.71953125 0.28203125 0.01875 0.071875
1 0.75546875 0.28125 0.015625 0.071875
1 0.5828125 0.9828125 0.0125 0.034375
1 0.6875 0.75 0.003125 0.084375
1 0.3796875 0.975 0.015625 0.05
1 0.0234375 0.9328125 0.0171875 0.065625
0 0.7203125 0.61640625 0.00625 0.009375
1 0.6921875 0.715625 0.00625 0.0375
1 0.79453125 0.75234375 0.0078125 0.028125
1 0.83515625 0.634375 0.0125 0.0453125
1 0.85859375 0.61640625 0.015625 0.053125
1 0.88203125 0.66953125 0.0109375 0.05
1 0.83515625 0.74375 0.009375 0.034375