1 0.07734375 0.0765625 0.0640625 0.028125
1 0.025 0.2734375 0.05 0.025
1 0.01171875 0.40078125 0.0234375 0.0265625
1 0.709375 0.40546875 0.0609375 0.025
1 0.76953125 0.3515625 0.05625 0.025
1 0.86953125 0.340625 0.0875 0.0375
1 0.77578125 0.25859375 0.059375 0.025
1 0.8671875 0.45859375 0.084375 0.0375
1 0.73203125 0.46875 0.0546875 0.021875
1 0.5109375 0.89765625 0.015625 0.0328125
1 0.48046875 0.83515625 0.0609375 0.0265625
1 0.3375 0.93203125 0.0625 0.03125
1 0.33125 0.95625 0.059375 0.03125
1 0.27109375 0.9765625 0.06875 0.0328125
1 0.15625 0.92890625 0.0484375 0.021875
1 0.0765625 0.8953125 0.0515625 0.0203125
1 0.159375 0.77578125 0.0453125 0.01875
1 0.33203125 0.7296875 0.0546875 0.0265625
1 0.36875 0.7140625 0.0578125 0.028125
1 0.40390625 0.6609375 0.0609375 0.0265625
1 0.42421875 0.61875 0.0609375 0.0234375
1 0.26328125 0.56796875 0.0484375 0.0234375
1 0.2328125 0.54140625 0.0453125 0.0234375
0 0.2875 0.91640625 0.028125 0.01875
1 0.95390625 0.7 0.0640625 0.0265625
1 0.93125 0.80234375 0.0734375 0.028125
1 0.8875 0.76484375 0.0546875 0.025
1 0.83984375 0.84375 0.0578125 0.0234375
1 0.80859375 0.8859375 0.0578125 0.0234375
1 0.78359375 0.85625 0.0484375 0.021875
1 0.7328125 0.92421875 0.0453125 0.021875
1 0.76640625 0.7171875 0.0359375 0.015625
1 0.81015625 0.68203125 0.04375 0.0171875
1 0.88203125 0.61015625 0.0484375 0.0203125
1 0.85234375 0.50703125 0.0515625 0.0234375
1 0.9 0.48828125 0.053125 0.0171875