1 0.025 0.08984375 0.015625 0.040625
1 0.18671875 0.02890625 0.015625 0.05
1 0.26484375 0.03125 0.0109375 0.05625
1 0.27265625 0.11796875 0.0140625 0.040625
1 0.2875 0.075 0.0125 0.040625
1 0.3109375 0.021875 0.0125 0.04375
1 0.48125 0.04765625 0.0125 0.053125
1 0.425 0.06640625 0.015625 0.0375
1 0.771875 0.01171875 0.0125 0.0234375
1 0.8109375 0.01640625 0.009375 0.03125
1 0.79765625 0.00546875 0.0109375 0.0109375
1 0.8234375 0.00625 0.0125 0.0125
1 0.01875 0.96015625 0.0140625 0.04375
1 0.03671875 0.8296875 0.015625 0.0546875
1 0.00234375 0.98046875 0.0046875 0.0359375
1 0.059375 0.9875 0.015625 0.025
1 0.08984375 0.99140625 0.0109375 0.0171875
1 0.1 0.95625 0.015625 0.0375
1 0.2015625 0.98046875 0.0125 0.034375
1 0.23125 0.9828125 0.015625 0.034375
1 0.2890625 0.9484375 0.015625 0.040625
1 0.303125 0.890625 0.015625 0.046875
1 0.36015625 0.990625 0.0078125 0.01875
1 0.38125 0.9015625 0.01875 0.0546875
1 0.3640625 0.8296875 0.015625 0.05
1 0.44921875 0.97265625 0.0078125 0.0328125
1 0.953125 0.8890625 0.0078125 0.03125
1 0.9921875 0.85234375 0.0125 0.0359375
1 0.878125 0.85078125 0.009375 0.034375
1 0.85546875 0.81328125 0.0109375 0.04375
1 0.81328125 0.740625 0.0125 0.0484375
1 0.94375 0.828125 0.0109375 0.0359375