1 0.53515625 0.0375 0.0265625 0.075
1 0.525 0.20546875 0.0171875 0.0515625
1 0.496875 0.17734375 0.0203125 0.0546875
1 0.4640625 0.275 0.0171875 0.0421875
1 0.30390625 0.20859375 0.0171875 0.0515625
1 0.39453125 0.09921875 0.0203125 0.0703125
1 0.2265625 0.2078125 0.0140625 0.05625
1 0.21484375 0.29375 0.015625 0.0421875
1 0.2015625 0.25078125 0.0140625 0.040625
1 0.1796875 0.19609375 0.0140625 0.0453125
1 0.15 0.12578125 0.01875 0.0578125
1 0.134375 0.14765625 0.021875 0.0609375
1 0.08828125 0.10859375 0.0171875 0.0484375
1 0.00625 0.02109375 0.0125 0.0421875
1 0.009375 0.21640625 0.015625 0.053125
1 0.06484375 0.2375 0.015625 0.0390625
1 0.796875 0.01953125 0.03125 0.0390625
1 0.69609375 0.09921875 0.0203125 0.065625
1 0.78671875 0.13125 0.01875 0.0578125
1 0.7875 0.20625 0.0140625 0.040625
1 0.75703125 0.21171875 0.0140625 0.0453125
1 0.79921875 0.26484375 0.0109375 0.03125
1 0.67734375 0.209375 0.0171875 0.0484375
1 0.6671875 0.15703125 0.01875 0.0578125
1 0.6484375 0.14765625 0.01875 0.0578125
1 0.9953125 0.165625 0.009375 0.05625
1 0.84921875 0.178125 0.015625 0.05625
1 0.553125 0.80703125 0.0296875 0.103125
1 0.571875 0.9109375 0.0234375 0.0828125
1 0.4796875 0.91796875 0.028125 0.0890625
1 0.18515625 0.9890625 0.0234375 0.021875
1 0.128125 0.990625 0.01875 0.01875
1 0.0828125 0.97109375 0.021875 0.0578125
1 0.09765625 0.915625 0.0203125 0.0734375
1 0.07890625 0.90390625 0.0265625 0.0828125
1 0.7421875 0.84765625 0.015625 0.05625
1 0.7046875 0.95546875 0.0171875 0.053125
1 0.71875 0.975 0.0203125 0.05
1 0.83671875 0.9859375 0.0171875 0.028125
1 0.96796875 0.9875 0.0203125 0.025
1 0.85859375 0.9453125 0.0203125 0.0453125
1 0.984375 0.78515625 0.025 0.0625
1 0.9140625 0.70546875 0.01875 0.0625
1 0.7609375 0.7921875 0.0171875 0.0453125
1 0.6625 0.65234375 0.021875 0.0578125
1 0.99140625 0.5203125 0.0171875 0.040625