0 0.3828125 0.3265625 0.015625 0.009375
1 0.440625 0.20625 0.08125 0.034375
1 0.36328125 0.34140625 0.06875 0.03125
1 0.29453125 0.38359375 0.0515625 0.0109375
1 0.275 0.24921875 0.0515625 0.021875
1 0.29296875 0.21328125 0.0546875 0.0265625
1 0.190625 0.2125 0.0421875 0.0203125
1 0.2046875 0.03984375 0.0515625 0.021875
1 0.3359375 0.0921875 0.0703125 0.0265625
1 0.7328125 0.3859375 0.05625 0.00625
1 0.56015625 0.38515625 0.0203125 0.0078125
1 0.59375 0.36796875 0.0390625 0.0203125
1 0.5546875 0.2765625 0.009375 0.015625
1 0.56015625 0.18359375 0.0203125 0.0203125
1 0.60078125 0.1546875 0.0484375 0.021875
1 0.57265625 0.08203125 0.0453125 0.0265625
1 0.6421875 0.0796875 0.0515625 0.021875
1 0.27265625 0.44921875 0.0859375 0.0359375
1 0.25625 0.51953125 0.1046875 0.0421875
1 0.2671875 0.5859375 0.0828125 0.034375
1 0.0453125 0.99140625 0.046875 0.0171875
1 0.2640625 0.9609375 0.084375 0.0390625
1 0.190625 0.95703125 0.065625 0.028125
1 0.12578125 0.89609375 0.0671875 0.0296875
1 0.06484375 0.88515625 0.0515625 0.03125
1 0.11328125 0.83671875 0.0703125 0.03125
1 0.0671875 0.78046875 0.0609375 0.028125
1 0.059375 0.76171875 0.0578125 0.021875
1 0.1140625 0.71328125 0.0640625 0.03125
1 0.153125 0.67109375 0.0734375 0.0296875
1 0.08125 0.63828125 0.0625 0.025
1 0.12578125 0.58984375 0.0828125 0.03125
1 0.11328125 0.5453125 0.0890625 0.0375
1 0.55859375 0.69765625 0.0171875 0.0296875
1 0.7953125 0.7515625 0.103125 0.0453125
1 0.559375 0.80703125 0.01875 0.0328125