0 0.00234375 0.2046875 0.0046875 0.0125
1 0.375 0.2015625 0.0140625 0.078125
1 0.2859375 0.109375 0.0171875 0.078125
1 0.1890625 0.171875 0.0203125 0.0703125
1 0.13515625 0.090625 0.0171875 0.065625
1 0.08203125 0.0453125 0.015625 0.05
1 0.05703125 0.075 0.0140625 0.059375
1 0.0671875 0.1 0.0171875 0.0609375
1 0.01953125 0.1140625 0.015625 0.05
1 0.01328125 0.0921875 0.0171875 0.059375
1 0.00625 0.1515625 0.0125 0.0625
1 0.0046875 0.1796875 0.009375 0.059375
1 0.015625 0.278125 0.0234375 0.0734375
1 0.0515625 0.27578125 0.0203125 0.0734375
1 0.95078125 0.340625 0.015625 0.05625
1 0.90546875 0.40859375 0.01875 0.0640625
1 0.85859375 0.3296875 0.0125 0.04375
1 0.7734375 0.2421875 0.0109375 0.025
1 0.7734375 0.3453125 0.015625 0.053125
1 0.7171875 0.3296875 0.0140625 0.05
1 0.74375 0.36953125 0.0125 0.05
1 0.77109375 0.4140625 0.0140625 0.059375
1 0.7625 0.44765625 0.0203125 0.059375
1 0.6984375 0.45546875 0.0234375 0.059375
1 0.43515625 0.37265625 0.015625 0.0453125
1 0.42734375 0.3578125 0.0125 0.0390625
1 0.415625 0.38984375 0.0125 0.0453125
1 0.40390625 0.3859375 0.0203125 0.0453125
1 0.39609375 0.396875 0.009375 0.025
1 0.13203125 0.7625 0.0140625 0.04375
1 0.0265625 0.78671875 0.015625 0.040625
1 0.059375 0.8875 0.0171875 0.0546875
1 0.16796875 0.88984375 0.015625 0.0546875
1 0.10390625 0.74453125 0.0109375 0.0328125
1 0.10859375 0.74453125 0.015625 0.0359375
1 0.16796875 0.72578125 0.015625 0.0328125
1 0.2 0.69140625 0.0109375 0.0328125
1 0.19765625 0.71328125 0.0109375 0.0328125
1 0.21328125 0.75546875 0.015625 0.0375
1 0.30390625 0.6828125 0.009375 0.034375
1 0.3109375 0.7171875 0.0125 0.034375
1 0.3390625 0.7078125 0.015625 0.040625
0 0.65078125 0.7140625 0.0140625 0.0234375
1 0.3953125 0.70703125 0.0125 0.0609375
1 0.6828125 0.6515625 0.01875 0.025
1 0.690625 0.6703125 0.021875 0.0484375
1 0.7234375 0.65 0.015625 0.021875
1 0.7859375 0.72890625 0.0296875 0.0625
1 0.9078125 0.72734375 0.0171875 0.0609375