1 0.02421875 0.19375 0.0484375 0.021875
1 0.025 0.1578125 0.05 0.01875
1 0.8328125 0.06328125 0.06875 0.0171875
1 0.678125 0.19765625 0.0515625 0.0125
1 0.6359375 0.26015625 0.05 0.0109375
1 0.615625 0.28046875 0.040625 0.009375
1 0.58984375 0.30625 0.0375 0.0078125
1 0.54375 0.2953125 0.0296875 0.0078125
1 0.53984375 0.28046875 0.03125 0.0078125
1 0.58671875 0.24921875 0.03125 0.0078125
1 0.58671875 0.19140625 0.034375 0.009375
1 0.59375 0.1109375 0.04375 0.009375
1 0.240625 0.41953125 0.046875 0.0125
1 0.2609375 0.73515625 0.0515625 0.015625
1 0.25 0.640625 0.04375 0.009375
1 0.27265625 0.63984375 0.040625 0.0140625
1 0.3578125 0.66953125 0.0578125 0.0125
1 0.41015625 0.65390625 0.0625 0.0125
1 0.49140625 0.63359375 0.0359375 0.0140625
1 0.43359375 0.57734375 0.0625 0.01875
1 0.31875 0.41484375 0.046875 0.015625
1 0.3125 0.86015625 0.0546875 0.0203125
1 0.315625 0.89375 0.0625 0.01875
1 0.3671875 0.8265625 0.053125 0.01875
1 0.43828125 0.97109375 0.0578125 0.01875
1 0.46015625 0.92734375 0.0640625 0.015625
1 0.39140625 0.73984375 0.0515625 0.015625
1 0.71953125 0.721875 0.04375 0.0125
1 0.73046875 0.82890625 0.040625 0.0140625
1 0.834375 0.80859375 0.053125 0.0171875
1 0.85 0.7015625 0.0546875 0.015625
1 0.69765625 0.746875 0.0328125 0.0109375
1 0.69921875 0.74296875 0.034375 0.0140625
1 0.6875 0.68125 0.03125 0.015625
1 0.65703125 0.6453125 0.0328125 0.0109375
1 0.67890625 0.65078125 0.0328125 0.0109375
1 0.72265625 0.640625 0.0375 0.0140625
1 0.6609375 0.54140625 0.034375 0.0078125
1 0.69609375 0.5390625 0.034375 0.0109375
1 0.68984375 0.509375 0.040625 0.0140625
1 0.7265625 0.4515625 0.040625 0.0140625
1 0.784375 0.4359375 0.046875 0.015625
1 0.6765625 0.38203125 0.03125 0.0046875