1 0.6578125 0.18359375 0.0859375 0.028125
1 0.60390625 0.18359375 0.096875 0.0375
1 0.7 0.11484375 0.0953125 0.0390625
1 0.6609375 0.0578125 0.09375 0.0375
1 0.27109375 0.234375 0.0703125 0.0234375
1 0.33515625 0.3203125 0.0484375 0.01875
1 0.14375 0.51640625 0.0828125 0.028125
1 0.3328125 0.4828125 0.053125 0.01875
0 0.88046875 0.99453125 0.0234375 0.0109375
1 0.89453125 0.98515625 0.0640625 0.0296875
1 0.75703125 0.925 0.0703125 0.0234375
1 0.88828125 0.84453125 0.0765625 0.0328125
1 0.89296875 0.79140625 0.0625 0.025
1 0.89921875 0.7828125 0.0625 0.021875
1 0.91328125 0.76953125 0.0796875 0.03125
1 0.89765625 0.74296875 0.0609375 0.0265625
1 0.89140625 0.6875 0.0578125 0.025
1 0.92421875 0.70703125 0.0640625 0.025
1 0.83203125 0.7234375 0.0578125 0.025
1 0.93359375 0.6796875 0.0578125 0.025
1 0.95 0.68828125 0.0515625 0.0203125
1 0.91328125 0.5515625 0.0546875 0.0171875
1 0.865625 0.64296875 0.0703125 0.0234375
1 0.8078125 0.6421875 0.0609375 0.025
1 0.73984375 0.5234375 0.0703125 0.025
1 0.77421875 0.4359375 0.0703125 0.0234375
1 0.88203125 0.51640625 0.0703125 0.028125
1 0.6484375 0.5734375 0.0875 0.034375