1 0.23515625 0.20078125 0.071875 0.0109375
1 0.0921875 0.2453125 0.0515625 0.015625
1 0.0640625 0.284375 0.046875 0.009375
1 0.0578125 0.33828125 0.040625 0.0109375
1 0.125 0.396875 0.059375 0.0125
1 0.11875 0.48515625 0.053125 0.0109375
1 0.1125 0.6 0.059375 0.0125
1 0.05703125 0.5140625 0.0453125 0.009375
1 0.0921875 0.45390625 0.0390625 0.0125
0 0.06953125 0.14140625 0.009375 0.003125
1 0.04765625 0.146875 0.040625 0.009375
1 0.04765625 0.26796875 0.0390625 0.009375
1 0.034375 0.271875 0.034375 0.009375
1 0.0375 0.3546875 0.04375 0.0125
1 0.03828125 0.45546875 0.040625 0.0125
1 0.05625 0.48828125 0.0453125 0.009375
1 0.04453125 0.50390625 0.040625 0.0109375
0 0.15625 0.31875 0.0140625 0.009375
0 0.19765625 0.165625 0.009375 0.00625
0 0.196875 0.465625 0.0140625 0.00625
0 0.165625 0.54140625 0.0125 0.00625
0 0.25078125 0.6125 0.0125 0.0078125
0 0.30234375 0.52109375 0.015625 0.00625
0 0.23125 0.3796875 0.0125 0.00625
0 0.3765625 0.3796875 0.0125 0.009375
0 0.29453125 0.26875 0.0140625 0.0078125
0 0.36953125 0.17734375 0.0125 0.0078125
0 0.49140625 0.16953125 0.009375 0.00625
0 0.43828125 0.478125 0.0140625 0.00625
0 0.1953125 0.084375 0.0125 0.0078125
1 0.20703125 0.684375 0.0671875 0.0140625
1 0.13046875 0.01171875 0.053125 0.0125
0 0.40234375 0.04296875 0.015625 0.009375
0 0.1015625 0.0328125 0.009375 0.00625
0 0.09609375 0.7078125 0.0140625 0.003125
1 0.79296875 0.01171875 0.053125 0.01875
1 0.7703125 0.00078125 0.053125 0.0015625
1 0.7296875 0.05078125 0.046875 0.0125
1 0.76328125 0.096875 0.053125 0.015625
1 0.7921875 0.134375 0.046875 0.0125
1 0.82421875 0.134375 0.0515625 0.015625
1 0.79140625 0.17578125 0.04375 0.009375
1 0.753125 0.16640625 0.040625 0.0109375
1 0.7609375 0.1875 0.05 0.009375
1 0.7421875 0.1796875 0.0515625 0.009375
1 0.76484375 0.20234375 0.046875 0.009375
1 0.746875 0.21328125 0.053125 0.00625
1 0.76640625 0.21875 0.046875 0.00625
1 0.7640625 0.2234375 0.0375 0.00625
1 0.75546875 0.2265625 0.04375 0.0078125
1 0.74765625 0.27578125 0.0484375 0.0109375
1 0.7453125 0.284375 0.05 0.0078125
1 0.7765625 0.28671875 0.046875 0.009375
1 0.80390625 0.47109375 0.046875 0.0125
0 0.8140625 0.46171875 0.0125 0.009375
1 0.71015625 0.91328125 0.084375 0.025
1 0.73828125 0.9515625 0.071875 0.015625
1 0.87578125 0.82578125 0.0875 0.021875
0 0.853125 0.8265625 0.025 0.009375
1 0.69453125 0.85234375 0.084375 0.025
1 0.6875 0.825 0.075 0.025