0 0.034375 0.43046875 0.0140625 0.0125
0 0.07421875 0.32109375 0.015625 0.009375
0 0.93515625 0.415625 0.0140625 0.009375
1 0.7734375 0.04765625 0.0546875 0.0203125
1 0.66953125 0.0984375 0.040625 0.0140625
1 0.85703125 0.06796875 0.0484375 0.021875
1 0.903125 0.16015625 0.0546875 0.0203125
1 0.915625 0.2171875 0.0546875 0.0265625
1 0.79375 0.27109375 0.0484375 0.021875
1 0.971875 0.40078125 0.05625 0.0203125
1 0.925 0.43359375 0.0484375 0.01875
1 0.1546875 0.91015625 0.0921875 0.040625
1 0.1203125 0.9890625 0.084375 0.021875
1 0.0265625 0.93984375 0.053125 0.0296875
1 0.025 0.91171875 0.05 0.0234375
1 0.80234375 0.61484375 0.0578125 0.0265625
1 0.703125 0.63046875 0.0515625 0.0203125
1 0.66796875 0.5859375 0.0453125 0.021875
1 0.6671875 0.67890625 0.0453125 0.0234375
1 0.58515625 0.728125 0.0421875 0.0203125
1 0.6203125 0.7421875 0.0421875 0.01875
1 0.67109375 0.76328125 0.0453125 0.01875
1 0.671875 0.7453125 0.0453125 0.021875
1 0.728125 0.67578125 0.0421875 0.0171875
1 0.825 0.78046875 0.053125 0.0265625
1 0.734375 0.9 0.0484375 0.021875
1 0.6265625 0.9046875 0.0390625 0.0203125
1 0.85234375 0.975 0.0484375 0.021875
1 0.9171875 0.93203125 0.0484375 0.025