1 0.02890625 0.6203125 0.0578125 0.025
1 0.0078125 0.2046875 0.015625 0.025
0 0.03984375 0.35390625 0.015625 0.009375
0 0.025 0.2734375 0.0140625 0.009375
0 0.12265625 0.221875 0.0140625 0.0109375
0 0.1546875 0.321875 0.0171875 0.009375
0 0.05546875 0.4453125 0.0140625 0.009375
0 0.19765625 0.47578125 0.0140625 0.0125
0 0.09453125 0.5671875 0.015625 0.0109375
0 0.1484375 0.671875 0.0140625 0.0109375
0 0.278125 0.3921875 0.015625 0.009375
1 0.0953125 0.1421875 0.06875 0.028125
1 0.17421875 0.09140625 0.0734375 0.0265625
0 0.07109375 0.0171875 0.015625 0.009375
0 0.2375 0.04453125 0.015625 0.0109375
1 0.68671875 0.6484375 0.0609375 0.025
1 0.496875 0.6625 0.0546875 0.0203125
1 0.53984375 0.603125 0.046875 0.021875
1 0.49765625 0.59375 0.0484375 0.021875
1 0.55234375 0.54375 0.0578125 0.025
1 0.5265625 0.484375 0.0453125 0.0171875
1 0.4765625 0.45703125 0.034375 0.0203125
1 0.5125 0.4328125 0.0515625 0.021875
1 0.59375 0.39765625 0.0546875 0.0234375
1 0.50859375 0.3796875 0.0453125 0.01875
1 0.65390625 0.24609375 0.0453125 0.0234375
1 0.7203125 0.25078125 0.059375 0.025
1 0.6828125 0.19453125 0.053125 0.025
1 0.6734375 0.18203125 0.0609375 0.025
1 0.6796875 0.1609375 0.0578125 0.0234375
1 0.66640625 0.153125 0.0453125 0.01875
1 0.69296875 0.153125 0.025 0.025
1 0.5625 0.5453125 0.0546875 0.0234375
0 0.696875 0.1875 0.015625 0.0125
1 0.146875 0.70234375 0.040625 0.0046875
1 0.14140625 0.709375 0.0390625 0.01875
1 0.10625 0.71484375 0.0359375 0.015625
1 0.18515625 0.8046875 0.05 0.01875
1 0.1296875 0.8421875 0.0421875 0.01875
1 0.24609375 0.83828125 0.0546875 0.0234375
1 0.30625 0.9140625 0.0609375 0.028125
1 0.17578125 0.928125 0.05 0.021875
1 0.13671875 0.95078125 0.0453125 0.021875
1 0.1875 0.9734375 0.0578125 0.0234375
1 0.1453125 0.990625 0.0484375 0.01875
0 0.8125 0.7296875 0.0171875 0.009375
0 0.70078125 0.80078125 0.0203125 0.0109375
0 0.64296875 0.7578125 0.015625 0.009375
0 0.5203125 0.73046875 0.01875 0.009375
0 0.93828125 0.90078125 0.0109375 0.0109375
1 0.62890625 0.7078125 0.0640625 0.015625
1 0.5125 0.83671875 0.0703125 0.03125
1 0.5375 0.8734375 0.0796875 0.028125
0 0.72421875 0.98671875 0.0171875 0.0109375
1 0.796875 0.94140625 0.08125 0.0375
1 0.6203125 0.9375 0.071875 0.0328125