1 0.5796875 0.01953125 0.028125 0.0390625
1 0.17890625 0.05 0.0296875 0.0703125
1 0.0890625 0.028125 0.028125 0.05625
1 0.2359375 0.1375 0.040625 0.0875
1 0.715625 0.21640625 0.0109375 0.025
1 0.71171875 0.21484375 0.0109375 0.025
1 0.69921875 0.19296875 0.0109375 0.025
1 0.69296875 0.190625 0.0125 0.028125
1 0.69140625 0.2015625 0.0109375 0.025
1 0.734375 0.21015625 0.0109375 0.025
1 0.75390625 0.20546875 0.0125 0.03125
1 0.7859375 0.225 0.0109375 0.025
1 0.82265625 0.26171875 0.0171875 0.0375
1 0.859375 0.3328125 0.0140625 0.034375
1 0.828125 0.33828125 0.0109375 0.03125
1 0.825 0.34140625 0.0125 0.034375
1 0.83984375 0.3796875 0.0140625 0.034375
1 0.878125 0.3375 0.0125 0.028125
1 0.88125 0.33203125 0.015625 0.0359375
1 0.9015625 0.36328125 0.0171875 0.040625
1 0.946875 0.32890625 0.0140625 0.034375
1 0.925 0.33203125 0.0140625 0.0375
1 0.725 0.23125 0.0140625 0.0328125
1 0.734375 0.28203125 0.015625 0.034375
1 0.71484375 0.39921875 0.015625 0.0390625
1 0.0359375 0.79921875 0.03125 0.0734375
1 0.2203125 0.79140625 0.0328125 0.0796875
1 0.3921875 0.64921875 0.0265625 0.0640625
1 0.49453125 0.6265625 0.028125 0.0734375
1 0.45703125 0.5828125 0.025 0.0546875
1 0.53515625 0.546875 0.0234375 0.034375
1 0.30234375 0.57734375 0.0203125 0.0484375
1 0.19921875 0.5515625 0.0234375 0.04375
1 0.1796875 0.5953125 0.0203125 0.053125
1 0.10625 0.646875 0.0234375 0.0484375
1 0.11484375 0.60390625 0.025 0.0578125
0 0.1109375 0.59453125 0.0125 0.0171875
1 0.9953125 0.94140625 0.0078125 0.015625
1 0.9703125 0.81796875 0.009375 0.01875
1 0.92734375 0.7734375 0.009375 0.0140625
1 0.9421875 0.8953125 0.009375 0.01875
1 0.86640625 0.83125 0.0078125 0.0171875
1 0.8328125 0.790625 0.0078125 0.0109375
1 0.7859375 0.88203125 0.0078125 0.0140625
1 0.8671875 0.9234375 0.0125 0.0140625
1 0.8625 0.99765625 0.0125 0.0046875
1 0.7375 0.80234375 0.025 0.0578125
1 0.80078125 0.82890625 0.0265625 0.05
1 0.7296875 0.81875 0.025 0.04375
1 0.65859375 0.77265625 0.0234375 0.040625
1 0.62265625 0.77578125 0.0078125 0.0390625
0 0.65703125 0.80234375 0.00625 0.0109375
0 0.65546875 0.8640625 0.0046875 0.00625
0 0.7328125 0.91875 0.0078125 0.0140625