0 0.31328125 0.6453125 0.021875 0.0109375
1 0.53671875 0.65859375 0.0265625 0.0234375
1 0.29765625 0.6375 0.0609375 0.021875
1 0.425 0.55546875 0.06875 0.0125
1 0.2828125 0.49609375 0.0734375 0.021875
1 0.26953125 0.44453125 0.0609375 0.015625
1 0.2625 0.43671875 0.0609375 0.0125
1 0.24609375 0.42578125 0.078125 0.01875
1 0.2578125 0.39765625 0.059375 0.0171875
1 0.25546875 0.34140625 0.05625 0.0171875
1 0.22578125 0.365625 0.0625 0.015625
1 0.31953125 0.36796875 0.05625 0.015625
1 0.2125 0.340625 0.05625 0.015625
1 0.19765625 0.3515625 0.05 0.0125
1 0.2125 0.2109375 0.053125 0.009375
1 0.2734375 0.29375 0.06875 0.0125
1 0.33046875 0.28359375 0.059375 0.015625
1 0.37890625 0.15546875 0.06875 0.0140625
1 0.33125 0.075 0.06875 0.0125
1 0.2375 0.17109375 0.06875 0.0171875
1 0.47734375 0.190625 0.084375 0.021875
0 0.73984375 0.73984375 0.009375 0.0046875
0 0.76875 0.7 0.00625 0.0046875
0 0.6578125 0.66796875 0.00625 0.003125
0 0.675 0.58671875 0.009375 0.0046875
0 0.77734375 0.5890625 0.009375 0.0046875
0 0.70390625 0.52734375 0.0140625 0.00625
0 0.84296875 0.41875 0.009375 0.00625
0 0.7890625 0.35390625 0.009375 0.0046875
0 0.69921875 0.32734375 0.0125 0.0046875
0 0.66875 0.37421875 0.009375 0.0046875
0 0.70859375 0.22421875 0.009375 0.003125
0 0.70625 0.12734375 0.00625 0.003125
0 0.83828125 0.15625 0.009375 0.00625
0 0.715625 0.0265625 0.0125 0.00625
1 0.8171875 0.0015625 0.065625 0.003125
1 0.83359375 0.08203125 0.0640625 0.0109375
1 0.784375 0.0578125 0.065625 0.0140625
1 0.76953125 0.1078125 0.0640625 0.009375
1 0.76328125 0.178125 0.065625 0.0140625
1 0.79765625 0.253125 0.05625 0.0125
1 0.865625 0.21953125 0.065625 0.0109375
1 0.7421875 0.2859375 0.059375 0.0125
1 0.921875 0.61875 0.071875 0.01875
1 0.8546875 0.590625 0.071875 0.025
1 0.8875 0.54921875 0.071875 0.015625
1 0.73359375 0.46171875 0.05625 0.0125
1 0.71328125 0.43359375 0.0484375 0.009375
1 0.66015625 0.41640625 0.040625 0.00625
1 0.6578125 0.3890625 0.04375 0.0109375
1 0.271875 0.98671875 0.084375 0.0265625
1 0.2671875 0.95546875 0.0796875 0.028125
1 0.3734375 0.91015625 0.084375 0.03125
1 0.1078125 0.95234375 0.0625 0.025
1 0.73828125 0.84140625 0.034375 0.0125
1 0.72578125 0.953125 0.046875 0.009375
1 0.721875 0.93125 0.046875 0.009375
1 0.8203125 0.796875 0.0640625 0.0125