1 0.50546875 0.225 0.06875 0.0171875
1 0.55703125 0.146875 0.06875 0.015625
1 0.40546875 0.2546875 0.0859375 0.0265625
1 0.95625 0.0328125 0.05 0.015625
1 0.76015625 0.2296875 0.0515625 0.0203125
1 0.85546875 0.278125 0.0578125 0.0234375
1 0.9671875 0.18203125 0.040625 0.0125
1 0.97421875 0.15390625 0.046875 0.0140625
0 0.978125 0.253125 0.009375 0.00625
0 0.871875 0.109375 0.009375 0.0046875
0 0.784375 0.18828125 0.0125 0.00625
0 0.66796875 0.27734375 0.009375 0.009375
0 0.70703125 0.015625 0.0125 0.0078125
1 0.3375 0.93125 0.0671875 0.0203125
1 0.48046875 0.34296875 0.0484375 0.0078125
1 0.4234375 0.37265625 0.0578125 0.025
1 0.45703125 0.5234375 0.0515625 0.0171875
1 0.50703125 0.51484375 0.04375 0.0109375
1 0.50859375 0.52109375 0.04375 0.0140625
1 0.40625 0.5546875 0.065625 0.015625
1 0.37109375 0.62109375 0.0609375 0.025
1 0.2953125 0.734375 0.053125 0.01875
1 0.515625 0.8171875 0.05 0.0125
1 0.44140625 0.7828125 0.059375 0.01875
1 0.415625 0.725 0.0578125 0.0140625
1 0.4984375 0.69921875 0.046875 0.015625
1 0.55546875 0.634375 0.0375 0.0109375
1 0.5984375 0.49609375 0.021875 0.0109375
1 0.59921875 0.46484375 0.0203125 0.0109375
1 0.56484375 0.42578125 0.0375 0.0125
0 0.4984375 0.359375 0.021875 0.0125
1 0.428125 0.671875 0.05625 0.01875
1 0.77578125 0.87265625 0.0671875 0.025
1 0.69609375 0.81328125 0.0703125 0.025
1 0.703125 0.76484375 0.0671875 0.021875
1 0.8140625 0.74765625 0.0625 0.015625
1 0.6390625 0.684375 0.059375 0.025
1 0.79921875 0.50390625 0.0609375 0.0203125
1 0.68203125 0.465625 0.0734375 0.025
1 0.82578125 0.9796875 0.05625 0.015625