1 0.11953125 0.49140625 0.0171875 0.0359375
1 0.18125 0.49296875 0.01875 0.0328125
1 0.15625 0.228125 0.028125 0.115625
1 0.2484375 0.38359375 0.021875 0.08125
1 0.2671875 0.4546875 0.015625 0.0640625
1 0.33984375 0.490625 0.0171875 0.0375
1 0.40078125 0.48984375 0.0171875 0.0390625
1 0.49296875 0.31796875 0.0078125 0.0515625
1 0.57265625 0.33125 0.0125 0.04375
1 0.62578125 0.3078125 0.0078125 0.0390625
1 0.65078125 0.37578125 0.0125 0.040625
1 0.67109375 0.17109375 0.009375 0.0515625
1 0.71796875 0.2296875 0.0078125 0.053125
1 0.72265625 0.22265625 0.009375 0.046875
1 0.7578125 0.271875 0.0125 0.053125
1 0.7515625 0.31796875 0.009375 0.046875
1 0.834375 0.2671875 0.0125 0.053125
1 0.978125 0.2546875 0.009375 0.05
1 0.98359375 0.21171875 0.0109375 0.0640625
1 0.9671875 0.33828125 0.009375 0.046875
1 0.5921875 0.121875 0.009375 0.059375
0 0.584375 0.096875 0.0078125 0.01875
1 0.03984375 0.9546875 0.0171875 0.075
1 0.01484375 0.87421875 0.015625 0.06875
1 0.071875 0.7703125 0.015625 0.075
1 0.2140625 0.74765625 0.01875 0.084375
1 0.16875 0.971875 0.0125 0.05625
1 0.18125 0.9234375 0.0171875 0.059375
1 0.23125 0.9671875 0.0171875 0.0625
1 0.2984375 0.95546875 0.015625 0.059375
1 0.3171875 0.984375 0.0125 0.03125
1 0.34453125 0.953125 0.015625 0.05625
1 0.33828125 0.925 0.0140625 0.0625
1 0.55234375 0.65546875 0.015625 0.06875
1 0.68671875 0.66015625 0.015625 0.059375
1 0.75546875 0.67734375 0.015625 0.059375
1 0.7828125 0.72734375 0.015625 0.059375
1 0.80625 0.69375 0.015625 0.053125
1 0.8828125 0.54609375 0.015625 0.0734375
1 0.9921875 0.6703125 0.015625 0.065625
1 0.996875 0.6796875 0.00625 0.06875
1 0.9765625 0.6890625 0.0125 0.05625
1 0.953125 0.68984375 0.015625 0.053125
1 0.9578125 0.72265625 0.009375 0.059375
1 0.97421875 0.71875 0.009375 0.05625
1 0.925 0.7484375 0.009375 0.059375
1 0.9140625 0.7609375 0.0125 0.0625
1 0.8828125 0.74765625 0.009375 0.053125