1 0.4078125 0.42578125 0.0578125 0.11875
1 0.909375 0.13984375 0.03125 0.0625
1 0.78046875 0.16953125 0.028125 0.0515625
1 0.73046875 0.22734375 0.0296875 0.0578125
1 0.74453125 0.3671875 0.0265625 0.0546875
1 0.80859375 0.46484375 0.025 0.0453125
1 0.83125 0.42421875 0.021875 0.0484375
1 0.9328125 0.275 0.03125 0.05625
1 0.91328125 0.29140625 0.03125 0.053125
1 0.60078125 0.41484375 0.0234375 0.0484375
1 0.65390625 0.3375 0.028125 0.0546875
1 0.65625 0.2453125 0.0265625 0.0546875
1 0.6265625 0.2359375 0.028125 0.0609375
1 0.64609375 0.11484375 0.028125 0.0609375
1 0.4109375 0.91796875 0.0234375 0.0484375
1 0.3421875 0.73203125 0.028125 0.0515625
1 0.2546875 0.76796875 0.0265625 0.05625
1 0.209375 0.8421875 0.0234375 0.0453125
1 0.2109375 0.69453125 0.0359375 0.0625
1 0.240625 0.67578125 0.028125 0.0578125
1 0.115625 0.7890625 0.025 0.05
1 0.12109375 0.83984375 0.028125 0.0515625
1 0.01015625 0.79765625 0.0203125 0.0484375
1 0.01171875 0.68046875 0.0234375 0.0671875
1 0.0375 0.66015625 0.028125 0.0609375
1 0.08046875 0.69453125 0.028125 0.0578125
1 0.04609375 0.753125 0.025 0.05
1 0.015625 0.7421875 0.0265625 0.0546875
1 0.01484375 0.7765625 0.0203125 0.0453125
0 0.47734375 0.75703125 0.0125 0.0203125
0 0.5421875 0.821875 0.009375 0.0171875
1 0.68046875 0.809375 0.0265625 0.05
1 0.80234375 0.7640625 0.03125 0.0625
1 0.78671875 0.75625 0.03125 0.0640625
1 0.89609375 0.71640625 0.0390625 0.0796875
1 0.76953125 0.56484375 0.0421875 0.084375
1 0.665625 0.590625 0.0359375 0.0796875
1 0.56953125 0.67421875 0.0265625 0.0546875
1 0.53203125 0.75390625 0.025 0.0515625
1 0.5203125 0.74296875 0.0265625 0.05
1 0.51796875 0.78046875 0.021875 0.0421875