1 0.24375 0.50546875 0.103125 0.0234375
1 0.2484375 0.43828125 0.08125 0.01875
1 0.55625 0.0890625 0.0453125 0.0171875
1 0.46171875 0.01015625 0.0640625 0.0203125
1 0.33515625 0.07421875 0.08125 0.0234375
1 0.40625 0.09453125 0.0640625 0.0171875
1 0.45546875 0.16875 0.065625 0.01875
1 0.51328125 0.19296875 0.0484375 0.0234375
1 0.4546875 0.22890625 0.06875 0.01875
1 0.48671875 0.29453125 0.059375 0.0171875
1 0.490625 0.31484375 0.05625 0.0125
1 0.42578125 0.34921875 0.0609375 0.0203125
1 0.378125 0.38125 0.071875 0.0171875
1 0.44140625 0.4296875 0.0609375 0.0140625
1 0.38671875 0.46640625 0.08125 0.015625
1 0.3890625 0.51015625 0.0875 0.0171875
0 0.5125 0.05234375 0.025 0.0109375
1 0.96171875 0.46484375 0.0625 0.015625
1 0.975 0.3234375 0.05 0.0125
1 0.98984375 0.2765625 0.0203125 0.0125
1 0.9609375 0.23671875 0.059375 0.0109375
1 0.95859375 0.1703125 0.05 0.0140625
1 0.96875 0.11875 0.0515625 0.0171875
1 0.8953125 0.07265625 0.0625 0.0078125
1 0.88046875 0.09140625 0.053125 0.015625
0 0.8875 0.0921875 0.015625 0.00625
1 0.32578125 0.6984375 0.034375 0.00625
1 0.4625 0.71328125 0.0234375 0.0078125
1 0.42421875 0.7171875 0.0265625 0.003125
1 0.4171875 0.72734375 0.03125 0.00625
1 0.4171875 0.7546875 0.028125 0.0078125
1 0.46953125 0.7640625 0.025 0.00625
1 0.4734375 0.83671875 0.021875 0.00625
1 0.35546875 0.7875 0.0328125 0.00625
1 0.353125 0.840625 0.034375 0.00625
1 0.33359375 0.88515625 0.0265625 0.00625
1 0.38359375 0.93203125 0.028125 0.009375
1 0.3375 0.99765625 0.0375 0.0046875
1 0.48828125 0.9484375 0.021875 0.003125
1 0.475 0.9125 0.028125 0.0078125
1 0.44609375 0.95859375 0.021875 0.0046875
1 0.43984375 0.9640625 0.021875 0.00625
1 0.41015625 0.99921875 0.0234375 0.0015625
1 0.42421875 0.84375 0.028125 0.00625
0 0.41015625 0.846875 0.009375 0.0046875
1 0.8140625 0.97421875 0.08125 0.021875
1 0.97890625 0.68828125 0.0421875 0.0171875
1 0.94453125 0.68125 0.05625 0.0203125
1 0.84765625 0.79609375 0.0765625 0.01875