0 0.27734375 0.00390625 0.0203125 0.0078125
1 0.23203125 0.0140625 0.0578125 0.028125
1 0.3203125 0.071875 0.0453125 0.0234375
1 0.2328125 0.121875 0.0546875 0.028125
1 0.20234375 0.115625 0.059375 0.03125
1 0.1640625 0.16484375 0.0703125 0.0234375
1 0.16875 0.1671875 0.065625 0.0296875
1 0.21171875 0.25234375 0.0640625 0.0234375
1 0.06328125 0.23046875 0.0828125 0.0328125
1 0.096875 0.32265625 0.0671875 0.0296875
1 0.10703125 0.3984375 0.0703125 0.0296875
1 0.14921875 0.45 0.0734375 0.0296875
1 0.14453125 0.38125 0.065625 0.021875
1 0.15 0.375 0.0578125 0.01875
1 0.1484375 0.32109375 0.0640625 0.0234375
1 0.14921875 0.3015625 0.0546875 0.021875
1 0.1578125 0.31015625 0.0578125 0.021875
1 0.18203125 0.3046875 0.065625 0.025
1 0.1890625 0.284375 0.0671875 0.0203125
1 0.1984375 0.28671875 0.0671875 0.01875
0 0.7078125 0.08828125 0.009375 0.00625
0 0.565625 0.2296875 0.0125 0.0078125
0 0.70078125 0.215625 0.0125 0.00625
0 0.7625 0.31171875 0.009375 0.00625
0 0.85859375 0.15390625 0.009375 0.00625
0 0.99609375 0.1703125 0.0078125 0.00625
0 0.97734375 0.00390625 0.009375 0.00625
0 0.82421875 0.37890625 0.009375 0.0078125
1 0.84921875 0.0125 0.053125 0.015625
1 0.86171875 0.11015625 0.0421875 0.0171875
1 0.925 0.1953125 0.0484375 0.015625
1 0.9640625 0.1125 0.0359375 0.0140625
1 0.990625 0.103125 0.01875 0.009375
1 0.80859375 0.1890625 0.0515625 0.0171875
1 0.88515625 0.225 0.0421875 0.0140625
1 0.97578125 0.23046875 0.03125 0.009375
1 0.93203125 0.3109375 0.0375 0.015625
1 0.92734375 0.36171875 0.0390625 0.0140625
1 0.95 0.46875 0.028125 0.0109375
1 0.4203125 0.49375 0.05 0.015625
1 0.409375 0.5484375 0.0515625 0.01875
1 0.37890625 0.59765625 0.05 0.015625
1 0.5078125 0.6109375 0.0328125 0.0140625
1 0.440625 0.69140625 0.04375 0.0109375
1 0.44140625 0.74375 0.0390625 0.0140625
1 0.47734375 0.74609375 0.0390625 0.0140625
1 0.3765625 0.7359375 0.0453125 0.0171875
1 0.34140625 0.71015625 0.053125 0.015625
1 0.40703125 0.76796875 0.040625 0.0125
1 0.42890625 0.7875 0.0484375 0.0171875
0 0.421875 0.57890625 0.0140625 0.009375
1 0.74375 0.509375 0.053125 0.01875
1 0.74609375 0.5921875 0.0453125 0.0171875
1 0.71640625 0.6421875 0.0390625 0.0125
1 0.78046875 0.675 0.0421875 0.0171875
1 0.575 0.6703125 0.05 0.015625
1 0.62734375 0.7234375 0.053125 0.0140625
1 0.6203125 0.72734375 0.0484375 0.015625
1 0.66484375 0.76875 0.0546875 0.01875
1 0.7109375 0.76796875 0.0484375 0.015625
1 0.65078125 0.84375 0.0546875 0.01875
1 0.6203125 0.98515625 0.05 0.015625
1 0.5796875 0.984375 0.059375 0.01875
1 0.7046875 0.984375 0.0484375 0.015625
1 0.5578125 0.58515625 0.015625 0.0171875