1 0.425 0.36875 0.03125 0.021875
1 0.36953125 0.35234375 0.0234375 0.0546875
1 0.3671875 0.35625 0.028125 0.046875
1 0.2828125 0.27734375 0.03125 0.0828125
1 0.20078125 0.33125 0.028125 0.0671875
1 0.12890625 0.35078125 0.0296875 0.0578125
1 0.15390625 0.36875 0.0203125 0.021875
1 0.1609375 0.37265625 0.01875 0.0140625
1 0.2125 0.3640625 0.021875 0.03125
1 0.23203125 0.36484375 0.0203125 0.0296875
1 0.225 0.36875 0.021875 0.021875
1 0.68203125 0.3515625 0.0296875 0.05625
1 0.56953125 0.23671875 0.0328125 0.0703125
1 0.55234375 0.20234375 0.025 0.075
1 0.828125 0.3171875 0.028125 0.0671875
1 0.8234375 0.34609375 0.0203125 0.0640625
0 0.29375 0.39453125 0.015625 0.0296875
1 0.51796875 0.53359375 0.0234375 0.0640625
1 0.434375 0.76484375 0.015625 0.0515625
1 0.33359375 0.703125 0.025 0.0609375
1 0.34296875 0.8375 0.015625 0.05625
1 0.275 0.80625 0.0203125 0.0546875
1 0.18828125 0.6890625 0.01875 0.0578125
1 0.11953125 0.54375 0.0203125 0.078125
1 0.10390625 0.5546875 0.0234375 0.078125
1 0.30703125 0.55 0.021875 0.0625
1 0.37734375 0.46484375 0.025 0.0703125
1 0.2 0.43828125 0.01875 0.0671875
1 0.17421875 0.459375 0.0203125 0.0734375
1 0.30703125 0.44609375 0.021875 0.0546875
1 0.00859375 0.91796875 0.0171875 0.0546875
1 0.97734375 0.915625 0.01875 0.053125
1 0.9734375 0.965625 0.021875 0.0640625
1 0.87578125 0.9765625 0.0171875 0.046875
1 0.83359375 0.99453125 0.0171875 0.0109375
1 0.77734375 0.98125 0.0171875 0.0375
1 0.71796875 0.97578125 0.0171875 0.0484375
1 0.69765625 0.959375 0.01875 0.0671875
1 0.64765625 0.9203125 0.01875 0.06875
1 0.82109375 0.9015625 0.01875 0.0640625
1 0.8390625 0.9078125 0.0203125 0.0671875