1 0.121875 0.62421875 0.059375 0.0109375
1 0.0390625 0.5703125 0.046875 0.028125
1 0.13046875 0.528125 0.05625 0.0328125
1 0.16015625 0.53671875 0.0609375 0.0359375
1 0.203125 0.49140625 0.0703125 0.0296875
1 0.19765625 0.4890625 0.0671875 0.034375
1 0.16328125 0.4 0.0640625 0.028125
1 0.309375 0.43515625 0.084375 0.0390625
1 0.2828125 0.33984375 0.06875 0.034375
1 0.28046875 0.2640625 0.071875 0.0359375
1 0.2421875 0.20859375 0.075 0.034375
1 0.24140625 0.278125 0.065625 0.0265625
1 0.23515625 0.28359375 0.0578125 0.0234375
1 0.23203125 0.3375 0.0640625 0.028125
1 0.22890625 0.35703125 0.0546875 0.0265625
1 0.221875 0.346875 0.0578125 0.0265625
1 0.196875 0.35078125 0.065625 0.0296875
1 0.18828125 0.3703125 0.0671875 0.0265625
1 0.17890625 0.3671875 0.0671875 0.025
1 0.96875 0.57109375 0.0625 0.0328125
1 0.96875 0.47890625 0.0625 0.0359375
1 0.81171875 0.59609375 0.0796875 0.03125
1 0.8203125 0.46953125 0.0796875 0.03125
1 0.78828125 0.37109375 0.0671875 0.0265625
1 0.7890625 0.32109375 0.0703125 0.028125
1 0.88984375 0.309375 0.078125 0.0375
1 0.87734375 0.28046875 0.0765625 0.034375
1 0.88046875 0.21015625 0.0671875 0.0296875
1 0.8734375 0.20859375 0.0640625 0.025
1 0.915625 0.17578125 0.0734375 0.0296875
1 0.82265625 0.16171875 0.0609375 0.025
1 0.91484375 0.12265625 0.0546875 0.0265625
1 0.9234375 0.1203125 0.0640625 0.025
1 0.96875 0.0796875 0.0609375 0.028125
1 0.0171875 0.77109375 0.034375 0.0234375
1 0.04453125 0.728125 0.059375 0.0265625
1 0.01640625 0.7265625 0.0328125 0.025
1 0.97578125 0.671875 0.0484375 0.028125
1 0.99140625 0.78046875 0.0171875 0.0265625
1 0.90625 0.81171875 0.0578125 0.025
1 0.91171875 0.8453125 0.0484375 0.01875
1 0.8484375 0.83515625 0.0578125 0.0265625
1 0.86953125 0.85234375 0.0515625 0.0203125
1 0.85546875 0.9046875 0.0515625 0.0203125
1 0.80625 0.95234375 0.0515625 0.025
1 0.8015625 0.96953125 0.05 0.021875
1 0.7546875 0.89296875 0.0421875 0.0171875
1 0.7625 0.88515625 0.046875 0.01875
1 0.9578125 0.97890625 0.06875 0.0234375
1 0.75859375 0.98828125 0.046875 0.021875