1 0.07109375 0.15703125 0.0546875 0.025
1 0.203125 0.23671875 0.0484375 0.0203125
1 0.2296875 0.275 0.05 0.0234375
1 0.2640625 0.28359375 0.0390625 0.0203125
1 0.30546875 0.3375 0.0421875 0.021875
1 0.30078125 0.346875 0.0453125 0.021875
1 0.32578125 0.38125 0.0328125 0.01875
1 0.17734375 0.3453125 0.0484375 0.025
1 0.24609375 0.3796875 0.0453125 0.021875
1 0.0765625 0.39609375 0.0609375 0.028125
1 0.90234375 0.1875 0.0765625 0.034375
1 0.84453125 0.128125 0.0765625 0.034375
1 0.8296875 0.1453125 0.0703125 0.03125
1 0.72578125 0.0765625 0.0828125 0.03125
1 0.715625 0.17734375 0.0765625 0.0328125
1 0.66171875 0.3109375 0.0859375 0.0375
1 0.88984375 0.3171875 0.0578125 0.025
1 0.83984375 0.31796875 0.0625 0.0296875
1 0.87109375 0.3765625 0.0640625 0.03125
1 0.203125 0.79453125 0.0359375 0.0140625
1 0.109375 0.85546875 0.0515625 0.0234375
1 0.0875 0.7921875 0.0546875 0.0265625
1 0.09296875 0.74609375 0.0484375 0.025
1 0.03203125 0.67421875 0.0578125 0.025
1 0.01328125 0.496875 0.0265625 0.03125
1 0.0671875 0.55703125 0.0625 0.0296875
1 0.09375 0.5359375 0.0625 0.03125
1 0.14296875 0.48515625 0.053125 0.0234375
1 0.1453125 0.53984375 0.053125 0.0234375
1 0.19609375 0.5703125 0.0453125 0.021875
1 0.13828125 0.6265625 0.0421875 0.0203125
1 0.18515625 0.69296875 0.0390625 0.0171875
1 0.58125 0.88203125 0.0546875 0.025
1 0.528125 0.89765625 0.0671875 0.0296875
1 0.47890625 0.79921875 0.0578125 0.028125
1 0.47109375 0.7875 0.0703125 0.028125
1 0.4640625 0.740625 0.0640625 0.03125
1 0.41328125 0.7125 0.0484375 0.03125
1 0.42578125 0.65703125 0.0703125 0.028125
1 0.45546875 0.55625 0.0703125 0.03125
1 0.45546875 0.52734375 0.0765625 0.034375
1 0.7046875 0.5578125 0.0453125 0.021875
1 0.6640625 0.47265625 0.0609375 0.028125
1 0.55703125 0.46640625 0.0640625 0.0296875
1 0.68046875 0.61328125 0.0515625 0.0203125
1 0.63046875 0.784375 0.0484375 0.021875
1 0.5421875 0.68515625 0.0625 0.0296875
1 0.57265625 0.63046875 0.0625 0.0265625