1 0.46953125 0.23515625 0.015625 0.0359375
1 0.4609375 0.3890625 0.021875 0.05
1 0.321875 0.534375 0.0265625 0.0609375
1 0.2703125 0.45546875 0.0234375 0.0625
1 0.36328125 0.38125 0.0203125 0.0484375
1 0.315625 0.3078125 0.015625 0.040625
1 0.1 0.428125 0.0203125 0.0453125
0 0.3328125 0.5578125 0.015625 0.0234375
1 0.946875 0.33046875 0.034375 0.08125
1 0.91875 0.16171875 0.021875 0.0515625
1 0.89296875 0.1921875 0.0265625 0.0546875
1 0.85 0.09921875 0.0203125 0.0421875
1 0.6984375 0.18203125 0.021875 0.0515625
1 0.79921875 0.28125 0.0265625 0.0703125
1 0.62109375 0.18984375 0.01875 0.05625
1 0.60078125 0.10625 0.01875 0.0421875
1 0.5921875 0.15 0.0171875 0.0421875
1 0.57578125 0.20703125 0.01875 0.046875
1 0.55390625 0.28046875 0.0234375 0.0578125
1 0.5359375 0.26015625 0.028125 0.0609375
1 0.49453125 0.303125 0.021875 0.0484375
1 0.2546875 0.93125 0.034375 0.06875
1 0.14296875 0.78046875 0.0296875 0.0609375
1 0.20546875 0.7296875 0.0296875 0.0609375
1 0.24375 0.62890625 0.028125 0.0203125
1 0.27890625 0.6296875 0.0296875 0.021875
1 0.3390625 0.71953125 0.028125 0.0640625
1 0.32578125 0.728125 0.03125 0.0625
1 0.321875 0.7875 0.0265625 0.0578125
1 0.13984375 0.6390625 0.0265625 0.040625
1 0.109375 0.6421875 0.025 0.046875
1 0.0234375 0.75390625 0.0265625 0.0546875
0 0.1921875 0.93828125 0.0140625 0.0234375
1 0.51953125 0.8125 0.0265625 0.0640625
1 0.50546875 0.696875 0.01875 0.0484375
1 0.571875 0.69296875 0.01875 0.0453125
1 0.57734375 0.65546875 0.015625 0.0375
1 0.625 0.64921875 0.015625 0.034375
1 0.63515625 0.66875 0.015625 0.03125
1 0.68515625 0.69609375 0.0125 0.0328125
1 0.6515625 0.73046875 0.0171875 0.046875
1 0.6546875 0.771875 0.021875 0.0515625
1 0.69609375 0.73671875 0.021875 0.0453125
1 0.74375 0.7703125 0.021875 0.059375
1 0.74375 0.696875 0.021875 0.05
1 0.7625 0.68671875 0.01875 0.0484375
1 0.7734375 0.70703125 0.021875 0.05
1 0.809375 0.76015625 0.021875 0.0515625
1 0.8578125 0.73984375 0.0265625 0.053125
1 0.9171875 0.803125 0.01875 0.0625
1 0.9015625 0.82109375 0.025 0.0546875
1 0.73203125 0.63203125 0.0171875 0.0265625
0 0.89921875 0.8140625 0.009375 0.0171875