1 0.22421875 0.61015625 0.071875 0.034375
1 0.37265625 0.59453125 0.0546875 0.025
1 0.5046875 0.51484375 0.0484375 0.0203125
1 0.53125 0.4765625 0.05 0.0234375
1 0.565625 0.46796875 0.0390625 0.0203125
1 0.60703125 0.4140625 0.0421875 0.021875
1 0.60234375 0.4046875 0.0453125 0.021875
1 0.62734375 0.3703125 0.0328125 0.01875
1 0.47890625 0.40625 0.0484375 0.025
1 0.54765625 0.371875 0.0453125 0.021875
1 0.559375 0.30546875 0.0359375 0.0203125
1 0.57890625 0.29765625 0.0421875 0.01875
1 0.62421875 0.26484375 0.0359375 0.0171875
1 0.4703125 0.25859375 0.05 0.0234375
1 0.378125 0.35546875 0.0609375 0.028125
1 0.32265625 0.121875 0.0609375 0.0265625
1 0.4 0.06953125 0.0625 0.025
1 0.47578125 0.1609375 0.0484375 0.021875
1 0.5484375 0.11171875 0.040625 0.0171875
0 0.2984375 0.13359375 0.0234375 0.015625
1 0.97578125 0.04921875 0.0484375 0.0234375
1 0.9109375 0.21015625 0.0640625 0.0265625
1 0.984375 0.58125 0.03125 0.025
1 0.90234375 0.5328125 0.0640625 0.0328125
1 0.815625 0.46875 0.0578125 0.028125
1 0.9109375 0.4140625 0.0578125 0.025
1 0.9 0.7390625 0.0609375 0.025
1 0.96015625 0.75625 0.0640625 0.025
1 0.44453125 0.953125 0.053125 0.0203125
1 0.30703125 0.890625 0.0734375 0.028125
1 0.26796875 0.97265625 0.0859375 0.0375
1 0.1515625 0.96796875 0.0921875 0.0390625