0 0.321875 0.35546875 0.025 0.0140625
1 0.32421875 0.0578125 0.053125 0.0234375
1 0.14453125 0.0078125 0.0703125 0.015625
1 0.0734375 0.0390625 0.0765625 0.0234375
1 0.165625 0.06640625 0.075 0.0265625
1 0.19140625 0.08046875 0.0671875 0.0234375
1 0.30703125 0.1328125 0.0671875 0.0203125
1 0.22109375 0.25859375 0.0671875 0.0265625
1 0.15 0.27890625 0.0671875 0.0234375
1 0.11640625 0.28125 0.0734375 0.0234375
1 0.22109375 0.34765625 0.0734375 0.0203125
1 0.321875 0.33515625 0.0640625 0.0171875
1 0.35390625 0.33671875 0.053125 0.015625
1 0.24609375 0.490625 0.05625 0.015625
1 0.19140625 0.496875 0.0703125 0.0234375
1 0.165625 0.53203125 0.0671875 0.021875
1 0.03828125 0.540625 0.0734375 0.0296875
1 0.66015625 0.01640625 0.0703125 0.0234375
1 0.809375 0.009375 0.0546875 0.0171875
1 0.95234375 0.06640625 0.046875 0.0125
1 0.9796875 0.1 0.040625 0.015625
1 0.94375 0.178125 0.0484375 0.01875
1 0.9578125 0.32578125 0.0484375 0.015625
1 0.8515625 0.24375 0.0609375 0.0203125
1 0.83359375 0.48359375 0.0609375 0.01875
1 0.91875 0.5234375 0.0609375 0.015625
1 0.97734375 0.42109375 0.0453125 0.0140625
0 0.80859375 0.47578125 0.021875 0.0125
1 0.01640625 0.97734375 0.0328125 0.0140625
1 0.00703125 0.81640625 0.0140625 0.0140625
1 0.04609375 0.75703125 0.05 0.015625
1 0.10234375 0.759375 0.05 0.0171875
1 0.11640625 0.80703125 0.04375 0.0125
1 0.159375 0.80234375 0.0375 0.0125
1 0.11953125 0.90078125 0.0453125 0.015625
1 0.05390625 0.94140625 0.040625 0.0125
1 0.06953125 0.978125 0.046875 0.0125
1 0.14375 0.996875 0.04375 0.00625
1 0.19765625 0.71796875 0.040625 0.009375
1 0.078125 0.65078125 0.05 0.0125
0 0.7546875 0.63203125 0.021875 0.0046875
1 0.940625 0.63359375 0.040625 0.0078125
1 0.85078125 0.88046875 0.0484375 0.0140625
1 0.8109375 0.9859375 0.0578125 0.01875
1 0.66640625 0.7625 0.0734375 0.0203125
1 0.79921875 0.80625 0.0578125 0.0171875
1 0.74609375 0.68359375 0.0734375 0.0234375
1 0.696875 0.64921875 0.0703125 0.01875
1 0.66171875 0.64296875 0.0734375 0.0203125
1 0.78671875 0.6375 0.0640625 0.015625