0 0.01796875 0.18671875 0.025 0.0171875
1 0.13046875 0.5578125 0.0734375 0.021875
1 0.20703125 0.54140625 0.0765625 0.0359375
1 0.12109375 0.49921875 0.0765625 0.0390625
1 0.0984375 0.48046875 0.06875 0.034375
1 0.01328125 0.4078125 0.0265625 0.03125
1 0.1 0.3 0.06875 0.0375
1 0.1734375 0.2921875 0.06875 0.034375
1 0.20703125 0.29609375 0.075 0.0359375
1 0.115625 0.21171875 0.0734375 0.0328125
1 0.0234375 0.20625 0.046875 0.028125
1 0.00546875 0.2 0.0109375 0.025
1 0.11640625 0.0671875 0.0578125 0.025
1 0.17109375 0.0703125 0.071875 0.034375
1 0.20234375 0.040625 0.0671875 0.0328125
1 0.3296875 0.05390625 0.0765625 0.0421875
0 0.63046875 0.34609375 0.0234375 0.0140625
1 0.57890625 0.0828125 0.05 0.021875
1 0.740625 0.23046875 0.0734375 0.0328125
1 0.61640625 0.1640625 0.0578125 0.0265625
1 0.64765625 0.29453125 0.075 0.0359375
1 0.690625 0.33671875 0.0703125 0.0296875
1 0.72421875 0.34921875 0.0734375 0.0328125
1 0.9390625 0.5125 0.103125 0.0484375
1 0.6734375 0.44609375 0.0828125 0.034375
1 0.5375 0.54921875 0.0609375 0.0234375
1 0.51640625 0.36640625 0.0546875 0.0265625
1 0.55859375 0.3578125 0.0578125 0.025
1 0.57578125 0.34765625 0.0578125 0.025
1 0.6 0.33359375 0.065625 0.028125
0 0.45546875 0.771875 0.0140625 0.009375
0 0.39765625 0.8625 0.0125 0.0078125
0 0.38515625 0.98671875 0.0140625 0.009375
0 0.17578125 0.96171875 0.0140625 0.009375
0 0.2734375 0.9109375 0.0125 0.0078125
0 0.021875 0.8765625 0.0109375 0.00625
0 0.0234375 0.7765625 0.0140625 0.009375
0 0.121875 0.7421875 0.0140625 0.009375
0 0.2390625 0.796875 0.0125 0.0078125
0 0.128125 0.840625 0.0140625 0.009375
1 0.09765625 0.99140625 0.0484375 0.0171875
1 0.0296875 0.9421875 0.046875 0.015625
1 0.075 0.90390625 0.0453125 0.0203125
1 0.12421875 0.8078125 0.0484375 0.0203125
1 0.225 0.75703125 0.0515625 0.021875
1 0.25078125 0.7625 0.04375 0.01875
1 0.18125 0.725 0.046875 0.025
1 0.04921875 0.69296875 0.0453125 0.0203125
1 0.109375 0.665625 0.046875 0.01875
1 0.2890625 0.7109375 0.05625 0.0234375
1 0.38203125 0.7421875 0.0625 0.0234375
1 0.38671875 0.70390625 0.05625 0.0234375
1 0.96796875 0.98828125 0.0640625 0.0234375
1 0.8234375 0.9765625 0.0546875 0.0265625
1 0.69296875 0.89453125 0.0484375 0.0203125
1 0.6671875 0.85625 0.05 0.0234375
1 0.6328125 0.846875 0.0390625 0.021875
1 0.5921875 0.7921875 0.0421875 0.021875
1 0.596875 0.7828125 0.0453125 0.0234375
1 0.57265625 0.74765625 0.0328125 0.0203125
1 0.72109375 0.78671875 0.05 0.0265625
1 0.65234375 0.75078125 0.0453125 0.0234375
1 0.6421875 0.68359375 0.0359375 0.0203125
1 0.621875 0.67578125 0.0421875 0.01875
1 0.578125 0.6421875 0.0359375 0.0171875
1 0.73203125 0.6390625 0.05 0.0234375
1 0.82265625 0.7375 0.0609375 0.0296875