0 0.0078125 0.1609375 0.015625 0.025
1 0.00234375 0.19453125 0.0046875 0.0546875
1 0.12890625 0.06484375 0.025 0.0578125
1 0.1265625 0.02265625 0.034375 0.0453125
1 0.5 0.53125 0.0203125 0.0484375
1 0.5734375 0.3546875 0.0265625 0.0640625
1 0.81484375 0.48125 0.0234375 0.05
1 0.840625 0.56171875 0.021875 0.0359375
1 0.990625 0.4953125 0.01875 0.05
1 0.95390625 0.45390625 0.025 0.0484375
0 0.37109375 0.58828125 0.0140625 0.0171875
1 0.396875 0.659375 0.025 0.053125
1 0.34453125 0.615625 0.0296875 0.065625
1 0.3921875 0.74375 0.021875 0.0453125
1 0.321875 0.715625 0.0203125 0.0453125
1 0.26953125 0.6953125 0.0265625 0.0546875
1 0.18046875 0.7125 0.0203125 0.046875
1 0.15234375 0.64375 0.028125 0.0625
1 0.0640625 0.6421875 0.034375 0.071875
1 0.41328125 0.72265625 0.0078125 0.0546875
1 0.46875 0.753125 0.025 0.0484375
1 0.496875 0.68359375 0.025 0.0609375
1 0.54453125 0.76484375 0.01875 0.0453125
1 0.60234375 0.775 0.0171875 0.0390625
1 0.64140625 0.78046875 0.0140625 0.0328125
1 0.6265625 0.7625 0.015625 0.0328125
1 0.6140625 0.7453125 0.015625 0.04375
1 0.6515625 0.75703125 0.0171875 0.0375
1 0.6109375 0.690625 0.0203125 0.0515625
1 0.70703125 0.6890625 0.0203125 0.0484375
1 0.7296875 0.61328125 0.0234375 0.0546875
1 0.840625 0.66484375 0.028125 0.0578125
1 0.87734375 0.65 0.0265625 0.0515625