1 0.24609375 0.35703125 0.08125 0.03125
1 0.38359375 0.4515625 0.0921875 0.0359375
1 0.3671875 0.30546875 0.0859375 0.028125
1 0.42109375 0.30546875 0.096875 0.0375
1 0.325 0.23671875 0.0953125 0.0390625
1 0.3640625 0.1796875 0.09375 0.0375
1 0.265625 0.1046875 0.0734375 0.0234375
1 0.1875 0.11171875 0.0703125 0.0234375
1 0.39765625 0.01328125 0.0953125 0.0265625
0 0.7984375 0.4078125 0.01875 0.009375
0 0.953125 0.4265625 0.01875 0.0125
0 0.99453125 0.26875 0.0109375 0.009375
0 0.88984375 0.2015625 0.015625 0.0109375
0 0.63203125 0.30234375 0.015625 0.009375
0 0.784375 0.07265625 0.0140625 0.0078125
0 0.91796875 0.078125 0.0171875 0.0109375
1 0.753125 0.0765625 0.05 0.03125
1 0.88984375 0.05703125 0.0703125 0.0265625
1 0.6515625 0.3828125 0.0640625 0.025
1 0.94921875 0.31640625 0.075 0.0328125
1 0.2921875 0.52265625 0.0484375 0.0203125
1 0.30859375 0.9859375 0.0515625 0.0203125
1 0.34140625 0.93828125 0.0515625 0.0171875
1 0.21328125 0.9203125 0.0328125 0.015625
1 0.2828125 0.8421875 0.04375 0.0125
1 0.28359375 0.78984375 0.0390625 0.015625
1 0.2484375 0.7859375 0.0390625 0.015625
1 0.3484375 0.8 0.0453125 0.01875
1 0.38203125 0.8265625 0.0546875 0.0171875
1 0.31875 0.7671875 0.040625 0.0140625
1 0.29765625 0.74609375 0.0484375 0.01875
0 0.29765625 0.9546875 0.0140625 0.009375
0 0.7890625 0.9890625 0.0109375 0.0078125
0 0.871875 0.90390625 0.0125 0.00625
0 0.76953125 0.83671875 0.0109375 0.0078125
0 0.9 0.66015625 0.009375 0.00625
0 0.91171875 0.5328125 0.0125 0.00625
0 0.75234375 0.5890625 0.009375 0.00625
0 0.61328125 0.5671875 0.009375 0.00625
0 0.62734375 0.734375 0.009375 0.00625
1 0.65546875 0.8453125 0.0453125 0.015625
1 0.6734375 0.7984375 0.0484375 0.0171875
1 0.75625 0.73046875 0.0546875 0.0171875
1 0.74765625 0.6328125 0.0421875 0.01875
1 0.68671875 0.5453125 0.0484375 0.0171875
1 0.64453125 0.6265625 0.0359375 0.0140625
1 0.61328125 0.63359375 0.0265625 0.0109375
1 0.60390625 0.6796875 0.0078125 0.0125
1 0.61015625 0.85234375 0.0203125 0.0109375
1 0.90859375 0.80859375 0.0640625 0.0234375
1 0.803125 0.55625 0.0515625 0.01875
1 0.728125 0.5171875 0.0421875 0.015625
1 0.6375 0.50859375 0.03125 0.0109375