0 0.1625 0.2796875 0.0125 0.0296875
1 0.3390625 0.30546875 0.0234375 0.0703125
1 0.36875 0.44765625 0.021875 0.0953125
1 0.29765625 0.43046875 0.0390625 0.096875
1 0.2734375 0.3578125 0.025 0.08125
1 0.28125 0.35546875 0.0265625 0.0859375
1 0.24375 0.37109375 0.0265625 0.0890625
1 0.06796875 0.46171875 0.0359375 0.09375
1 0.05859375 0.41171875 0.0296875 0.0921875
1 0.1453125 0.29296875 0.028125 0.0734375
1 0.13828125 0.23359375 0.021875 0.0578125
1 0.0140625 0.28046875 0.028125 0.0859375
0 0.87109375 0.5875 0.0078125 0.003125
0 0.8421875 0.43203125 0.0078125 0.009375
0 0.77734375 0.4328125 0.0078125 0.0078125
0 0.690625 0.48359375 0.0078125 0.0125
0 0.73125 0.359375 0.00625 0.0140625
0 0.6703125 0.29140625 0.00625 0.009375
0 0.6 0.31484375 0.0078125 0.0078125
0 0.57578125 0.4234375 0.0046875 0.0046875
0 0.4609375 0.4859375 0.00625 0.0078125
0 0.4390625 0.3484375 0.0046875 0.0125
0 0.4921875 0.23671875 0.0078125 0.009375
0 0.578125 0.25 0.0046875 0.009375
0 0.66484375 0.16953125 0.0078125 0.009375
0 0.4125 0.20703125 0.0046875 0.009375
1 0.90234375 0.42265625 0.0203125 0.0484375
1 0.85703125 0.50546875 0.0203125 0.0484375
1 0.95 0.3421875 0.015625 0.0390625
1 0.915625 0.2875 0.0171875 0.046875
1 0.9578125 0.29140625 0.015625 0.0328125
1 0.85859375 0.271875 0.0140625 0.040625
1 0.85390625 0.23828125 0.015625 0.0359375
1 0.71796875 0.19296875 0.0125 0.0328125
1 0.765625 0.34296875 0.01875 0.0453125
1 0.6578125 0.4015625 0.0203125 0.0546875
1 0.57421875 0.5703125 0.0265625 0.0375
1 0.4296875 0.54375 0.025 0.0734375
1 0.5359375 0.334375 0.01875 0.0578125
1 0.58515625 0.18203125 0.0140625 0.0390625
1 0.53515625 0.16875 0.0140625 0.0421875
0 0.996875 0.4265625 0.00625 0.009375
1 0.02890625 0.88671875 0.028125 0.0859375
1 0.09765625 0.8640625 0.034375 0.1046875
1 0.16484375 0.86953125 0.0265625 0.0828125
1 0.340625 0.653125 0.0234375 0.0609375
1 0.32109375 0.646875 0.0171875 0.0578125
1 0.27734375 0.70625 0.0265625 0.0625
1 0.2390625 0.7484375 0.025 0.0734375
1 0.20078125 0.67890625 0.0203125 0.0625
1 0.15625 0.728125 0.0234375 0.0828125
1 0.1109375 0.71953125 0.03125 0.0890625
0 0.6921875 0.65859375 0.0078125 0.015625
1 0.815625 0.721875 0.021875 0.0484375
1 0.91171875 0.809375 0.025 0.0609375
1 0.89453125 0.8109375 0.0234375 0.0640625
1 0.98125 0.88828125 0.028125 0.0796875
1 0.80625 0.9703125 0.03125 0.059375
1 0.71953125 0.91875 0.025 0.0796875
1 0.6625 0.80546875 0.01875 0.0546875
1 0.65703125 0.7171875 0.01875 0.0515625
1 0.6421875 0.7234375 0.021875 0.0484375
1 0.65390625 0.6875 0.0171875 0.0421875
1 0.5765625 0.68828125 0.0140625 0.0453125
1 0.546875 0.71484375 0.0140625 0.046875
1 0.54609375 0.7546875 0.0171875 0.053125
1 0.5328125 0.6796875 0.0171875 0.0421875
1 0.42578125 0.76015625 0.01875 0.0578125
1 0.3875 0.7390625 0.015625 0.065625
1 0.4109375 0.71640625 0.01875 0.053125
1 0.41484375 0.70546875 0.015625 0.05625