0 0.3609375 0.26484375 0.0296875 0.0125
1 0.3390625 0.0875 0.0703125 0.0234375
1 0.19765625 0.05 0.0953125 0.03125
1 0.2125 0.1265625 0.096875 0.0375
1 0.28515625 0.15234375 0.08125 0.0234375
1 0.2875 0.14453125 0.0859375 0.0265625
1 0.271875 0.18125 0.0890625 0.025
1 0.17734375 0.35625 0.0921875 0.034375
1 0.22734375 0.365625 0.0921875 0.028125
1 0.34765625 0.28125 0.0734375 0.0265625
1 0.40703125 0.28984375 0.0578125 0.021875
1 0.35703125 0.40390625 0.0859375 0.0109375
1 0.94296875 0.134375 0.0609375 0.0234375
1 0.7734375 0.28046875 0.06875 0.0265625
1 0.8484375 0.3921875 0.0796875 0.028125
1 0.99140625 0.3890625 0.0171875 0.01875
1 0.30234375 0.4828125 0.0359375 0.0125
1 0.44375 0.946875 0.025 0.009375
1 0.38125 0.93515625 0.028125 0.009375
1 0.34375 0.96171875 0.0265625 0.009375
1 0.30078125 0.925 0.034375 0.009375
1 0.26953125 0.8875 0.028125 0.009375
1 0.1359375 0.9015625 0.04375 0.0140625
1 0.26953125 0.86953125 0.03125 0.009375
1 0.40625 0.79140625 0.028125 0.009375
1 0.3578125 0.76484375 0.0375 0.0125
1 0.334375 0.7546875 0.03125 0.009375
1 0.2375 0.71953125 0.034375 0.0109375
1 0.3375 0.81796875 0.028125 0.0078125
1 0.3375 0.8515625 0.025 0.009375
1 0.346875 0.86953125 0.0296875 0.009375
1 0.3875 0.87421875 0.025 0.009375
1 0.40625 0.86484375 0.028125 0.009375
1 0.41875 0.871875 0.028125 0.009375
1 0.34765625 0.89453125 0.0328125 0.0125
0 0.33515625 0.878125 0.009375 0.00625
1 0.971875 0.95078125 0.05625 0.0234375