1 0.28515625 0.23125 0.05 0.0140625
1 0.34921875 0.15390625 0.065625 0.0125
1 0.346875 0.190625 0.05625 0.0140625
1 0.39296875 0.171875 0.059375 0.0140625
1 0.46171875 0.1703125 0.06875 0.0125
1 0.4671875 0.1328125 0.0640625 0.0171875
1 0.525 0.38203125 0.071875 0.0171875
1 0.45390625 0.375 0.075 0.01875
1 0.4359375 0.33828125 0.06875 0.0140625
1 0.3390625 0.32734375 0.0609375 0.0125
1 0.34140625 0.3484375 0.0625 0.0109375
1 0.27578125 0.32265625 0.05 0.0125
1 0.29453125 0.42734375 0.0453125 0.0046875
0 0.79375 0.06328125 0.021875 0.0109375
1 0.659375 0.02421875 0.01875 0.0171875
1 0.65859375 0.16875 0.0171875 0.0125
1 0.6984375 0.115625 0.046875 0.01875
1 0.70078125 0.09921875 0.059375 0.0203125
1 0.7375 0.0703125 0.053125 0.0203125
1 0.8046875 0.12578125 0.0625 0.0296875
1 0.66875 0.21171875 0.0375 0.0171875
1 0.66875 0.321875 0.0375 0.015625
1 0.71484375 0.3171875 0.05 0.015625
1 0.696875 0.35078125 0.04375 0.009375
1 0.66171875 0.35078125 0.0234375 0.0109375
1 0.67578125 0.409375 0.04375 0.0125
1 0.09921875 0.990625 0.071875 0.0140625
1 0.1546875 0.91875 0.084375 0.0203125
1 0.2671875 0.946875 0.090625 0.0203125
1 0.11171875 0.784375 0.0765625 0.0171875
1 0.05859375 0.675 0.065625 0.0171875
1 0.17734375 0.63125 0.0890625 0.0171875
1 0.2171875 0.5953125 0.084375 0.0203125
1 0.1328125 0.5171875 0.075 0.0171875
1 0.1375 0.50234375 0.078125 0.0140625
1 0.1421875 0.47109375 0.0734375 0.0203125
1 0.08359375 0.47734375 0.075 0.0171875
1 0.078125 0.540625 0.053125 0.0078125
1 0.12265625 0.546875 0.065625 0.0234375
1 0.07890625 0.56171875 0.059375 0.0140625
1 0.084375 0.57890625 0.065625 0.0171875
1 0.1125 0.57109375 0.06875 0.0140625
1 0.11015625 0.59296875 0.06875 0.0109375
1 0.109375 0.6 0.078125 0.0109375
1 0.92265625 0.4484375 0.05 0.0140625
1 0.88046875 0.4484375 0.0375 0.009375
1 0.990625 0.61796875 0.01875 0.0109375
1 0.971875 0.60546875 0.05625 0.0140625
1 0.96484375 0.590625 0.0609375 0.0140625
1 0.9296875 0.58671875 0.053125 0.0109375
1 0.9125 0.56171875 0.04375 0.009375
1 0.8953125 0.5703125 0.040625 0.009375
1 0.93515625 0.65703125 0.05 0.0140625
1 0.96875 0.67890625 0.05625 0.0125
1 0.96953125 0.70859375 0.0578125 0.0109375