0 0.39140625 0.378125 0.0234375 0.0125
1 0.63984375 0.05234375 0.0203125 0.0296875
1 0.49765625 0.08359375 0.0734375 0.025
1 0.428125 0.0671875 0.0765625 0.0265625
1 0.415625 0.028125 0.0703125 0.0203125
1 0.3203125 0.00625 0.0625 0.0125
1 0.3203125 0.025 0.0625 0.0171875
1 0.26328125 0.103125 0.046875 0.0203125
1 0.35234375 0.228125 0.0640625 0.021875
1 0.371875 0.28359375 0.0703125 0.0234375
1 0.375 0.3890625 0.0671875 0.0234375
1 0.44140625 0.396875 0.0765625 0.025
1 0.28359375 0.44609375 0.059375 0.0203125
1 0.20078125 0.32109375 0.0484375 0.015625
1 0.73515625 0.221875 0.0609375 0.025
1 0.90859375 0.371875 0.0828125 0.028125
1 0.82421875 0.48203125 0.0796875 0.0296875
1 0.6671875 0.3296875 0.034375 0.021875
1 0.6703125 0.47578125 0.040625 0.0203125
0 0.6296875 0.6953125 0.015625 0.0109375
0 0.50234375 0.79375 0.01875 0.0078125
0 0.64765625 0.81796875 0.0046875 0.0109375
0 0.6484375 0.98125 0.003125 0.009375
0 0.3125 0.8484375 0.015625 0.009375
0 0.2328125 0.75546875 0.015625 0.0078125
0 0.1578125 0.78203125 0.021875 0.0125
0 0.11328125 0.740625 0.0171875 0.0109375
0 0.053125 0.9671875 0.0140625 0.0140625
1 0.1875 0.98515625 0.0578125 0.021875
1 0.35390625 0.77734375 0.0640625 0.0234375
1 0.6171875 0.921875 0.065625 0.03125
1 0.81953125 0.7453125 0.053125 0.0140625
1 0.92734375 0.8515625 0.0734375 0.021875
1 0.97421875 0.7875 0.0515625 0.028125
1 0.9640625 0.6484375 0.071875 0.025