1 0.24140625 0.12109375 0.0125 0.05
1 0.16484375 0.18671875 0.0109375 0.065625
1 0.2015625 0.18359375 0.0125 0.05625
1 0.18359375 0.23046875 0.0125 0.059375
1 0.18359375 0.29921875 0.0109375 0.06875
1 0.14609375 0.30546875 0.015625 0.0640625
0 0.0109375 0.80703125 0.00625 0.0078125
0 0.090625 0.86796875 0.00625 0.0125
0 0.1296875 0.9984375 0.003125 0.003125
0 0.065625 0.7390625 0.0046875 0.0140625
0 0.134375 0.6796875 0.0046875 0.009375
0 0.20078125 0.7109375 0.00625 0.0078125
0 0.21171875 0.821875 0.0046875 0.0046875
0 0.23046875 0.64921875 0.003125 0.009375
0 0.1546875 0.559375 0.00625 0.009375
1 0.0984375 0.57578125 0.0078125 0.0328125
1 0.03359375 0.71875 0.0140625 0.04375
1 0.1328125 0.78984375 0.0140625 0.053125
1 0.19375 0.975 0.01875 0.05
1 0.2625 0.73828125 0.0125 0.05625
1 0.23203125 0.58125 0.009375 0.0375
1 0.2828125 0.57421875 0.009375 0.040625
0 0.50078125 0.83828125 0.003125 0.00625
1 0.78515625 0.8421875 0.009375 0.05
1 0.5796875 0.8421875 0.009375 0.05
1 0.52265625 0.7140625 0.00625 0.025
1 0.5046875 0.75234375 0.00625 0.03125
1 0.49765625 0.7890625 0.0078125 0.03125
1 0.5015625 0.81484375 0.00625 0.03125
1 0.496875 0.83671875 0.009375 0.034375
1 0.48515625 0.928125 0.0125 0.0515625
1 0.39921875 0.73984375 0.00625 0.03125
1 0.440625 0.7734375 0.009375 0.0359375
1 0.46484375 0.83125 0.009375 0.046875
1 0.32734375 0.7828125 0.00625 0.034375
1 0.30703125 0.821875 0.0078125 0.04375
1 0.39453125 0.80078125 0.0078125 0.0359375
1 0.56484375 0.76796875 0.00625 0.0296875
1 0.6421875 0.79921875 0.009375 0.0375
1 0.675 0.7484375 0.00625 0.034375
1 0.7515625 0.7828125 0.009375 0.0375