1 0.4828125 0.6359375 0.015625 0.046875
1 0.440625 0.5734375 0.0140625 0.059375
1 0.4109375 0.66328125 0.009375 0.04375
1 0.35703125 0.6859375 0.009375 0.0375
1 0.31875 0.69921875 0.0078125 0.03125
1 0.33046875 0.678125 0.009375 0.03125
1 0.33828125 0.65859375 0.00625 0.04375
1 0.3046875 0.67734375 0.009375 0.0359375
1 0.33046875 0.6046875 0.0109375 0.05
1 0.2359375 0.6234375 0.0109375 0.046875
1 0.1984375 0.55390625 0.0140625 0.053125
1 0.1859375 0.43671875 0.0140625 0.0671875
1 0.10078125 0.62734375 0.0171875 0.05625
1 0.06171875 0.6203125 0.0171875 0.05
1 0.86875 0.94765625 0.01875 0.06875
1 0.80703125 0.94765625 0.0203125 0.0640625
1 0.8375 0.6671875 0.0296875 0.115625
1 0.74296875 0.82109375 0.0234375 0.08125
1 0.72265625 0.8921875 0.0171875 0.0640625
1 0.6484375 0.94140625 0.01875 0.065625
1 0.62421875 0.9875 0.0234375 0.025
1 0.58828125 0.940625 0.01875 0.06875
1 0.525 0.97109375 0.0125 0.0578125
0 0.76484375 0.99296875 0.0109375 0.0140625