0 0.05703125 0.159375 0.015625 0.0203125
1 0.03359375 0.13671875 0.0296875 0.0625
1 0.2359375 0.1046875 0.025 0.0703125
1 0.36875 0.08125 0.0234375 0.0609375
1 0.434375 0.0546875 0.0234375 0.0609375
1 0.45390625 0.015625 0.0234375 0.03125
1 0.48203125 0.03125 0.0234375 0.0546875
1 0.57890625 0.1671875 0.0265625 0.0765625
1 0.66875 0.03125 0.025 0.0625
1 0.6765625 0.0265625 0.021875 0.053125
1 0.65078125 0.0203125 0.0203125 0.040625
1 0.62734375 0.02109375 0.0234375 0.0421875
1 0.7984375 0.18828125 0.0140625 0.04375
1 0.921875 0.21484375 0.021875 0.0515625
1 0.80078125 0.23828125 0.01875 0.0515625
1 0.98359375 0.3828125 0.0265625 0.08125
1 0.728125 0.36015625 0.01875 0.0671875
1 0.03359375 0.69296875 0.0234375 0.0625
1 0.053125 0.7890625 0.0265625 0.0578125
1 0.23671875 0.79375 0.021875 0.0671875
1 0.31015625 0.64609375 0.0234375 0.0578125
1 0.325 0.6328125 0.03125 0.065625
1 0.5484375 0.7 0.0265625 0.0765625
1 0.60625 0.85546875 0.03125 0.0890625