1 0.2578125 0.06875 0.059375 0.0171875
1 0.23984375 0.1375 0.059375 0.0171875
1 0.1890625 0.16328125 0.059375 0.0171875
1 0.22265625 0.1875 0.053125 0.0171875
1 0.35 0.26796875 0.0375 0.0171875
1 0.29453125 0.46328125 0.06875 0.0171875
1 0.32109375 0.4921875 0.075 0.0140625
1 0.2421875 0.37421875 0.065625 0.0171875
1 0.2328125 0.38203125 0.06875 0.0140625
1 0.22421875 0.3578125 0.05625 0.0140625
1 0.2234375 0.334375 0.053125 0.0171875
1 0.190625 0.3390625 0.059375 0.0109375
1 0.19453125 0.35546875 0.05625 0.0109375
1 0.165625 0.30546875 0.059375 0.0109375
1 0.153125 0.29453125 0.0625 0.0140625
1 0.1671875 0.26328125 0.053125 0.0109375
0 0.78671875 0.44296875 0.0140625 0.00625
0 0.8109375 0.32265625 0.0109375 0.00625
0 0.72890625 0.2765625 0.0125 0.00625
0 0.625 0.2390625 0.015625 0.00625
0 0.7890625 0.19375 0.0125 0.00625
0 0.70078125 0.1953125 0.0109375 0.0046875
0 0.62421875 0.140625 0.0109375 0.00625
0 0.60859375 0.04296875 0.0109375 0.00625
0 0.6875 0.03984375 0.0171875 0.00625
0 0.8125 0.0828125 0.0125 0.00625
0 0.690625 0.3546875 0.0125 0.00625
1 0.6328125 0.41796875 0.059375 0.0140625
1 0.70546875 0.396875 0.053125 0.0171875
1 0.759375 0.36328125 0.0265625 0.01875
1 0.64140625 0.3546875 0.053125 0.0171875
1 0.52890625 0.2921875 0.04375 0.0125
1 0.5765625 0.1375 0.04375 0.009375
1 0.68125 0.16171875 0.046875 0.0109375
1 0.67890625 0.13671875 0.053125 0.015625
1 0.76015625 0.065625 0.065625 0.0140625
1 0.975 0.15703125 0.05 0.0171875
0 0.26484375 0.8171875 0.015625 0.00625
1 0.23203125 0.93515625 0.0375 0.009375
1 0.19609375 0.93515625 0.034375 0.0078125
1 0.121875 0.81015625 0.0375 0.0109375
1 0.21875 0.7515625 0.046875 0.0171875
1 0.315625 0.65625 0.059375 0.0125
1 0.25078125 0.78046875 0.0453125 0.0125
1 0.2 0.8609375 0.0375 0.0125
1 0.28828125 0.884375 0.03125 0.0125
1 0.30703125 0.82578125 0.040625 0.0125
1 0.66328125 0.9125 0.06875 0.015625
1 0.51875 0.76796875 0.0515625 0.0109375
1 0.48046875 0.70234375 0.05 0.009375
1 0.46171875 0.68125 0.040625 0.0078125
1 0.4375 0.653125 0.0375 0.00625
1 0.39140625 0.6609375 0.0296875 0.00625
1 0.38671875 0.67578125 0.03125 0.00625
1 0.43046875 0.71015625 0.03125 0.00625
1 0.4265625 0.76796875 0.034375 0.0078125
1 0.428125 0.8484375 0.04375 0.0078125
1 0.575 0.5015625 0.053125 0.003125
1 0.38203125 0.55390625 0.025 0.00625