1 0.0078125 0.1171875 0.015625 0.025
1 0.05859375 0.16328125 0.059375 0.015625
1 0.071875 0.15 0.0515625 0.0140625
1 0.0890625 0.02890625 0.053125 0.0140625
1 0.1140625 0.090625 0.05625 0.01875
1 0.13828125 0.11640625 0.05625 0.0140625
1 0.1828125 0.00390625 0.053125 0.0078125
1 0.2046875 0.2078125 0.0453125 0.009375
1 0.20078125 0.278125 0.0453125 0.0109375
1 0.13671875 0.35546875 0.05625 0.0109375
1 0.05078125 0.25859375 0.05625 0.0140625
1 0.04921875 0.3203125 0.0640625 0.0140625
1 0.1234375 0.4453125 0.053125 0.0125
1 0.2296875 0.42421875 0.0515625 0.0109375
1 0.0296875 0.52734375 0.059375 0.0171875
1 0.01796875 0.640625 0.0359375 0.015625
1 0.0109375 0.64375 0.021875 0.0125
0 0.86484375 0.22265625 0.0140625 0.009375
1 0.85390625 0.58203125 0.053125 0.0109375
1 0.80546875 0.5703125 0.059375 0.0171875
1 0.72890625 0.53515625 0.0609375 0.0109375
1 0.7984375 0.484375 0.05625 0.0140625
1 0.86015625 0.4265625 0.040625 0.0125
1 0.90859375 0.43984375 0.0375 0.0109375
1 0.8859375 0.48828125 0.040625 0.0125
1 0.8875 0.5359375 0.04375 0.0140625
1 0.7 0.375 0.0609375 0.0203125
1 0.82109375 0.209375 0.05625 0.0140625
1 0.85 0.178125 0.040625 0.0140625
1 0.89140625 0.215625 0.0359375 0.009375
1 0.93125 0.1796875 0.0390625 0.0078125
1 0.9 0.1140625 0.0359375 0.0078125
1 0.871875 0.1078125 0.046875 0.0171875
0 0.2609375 0.7359375 0.009375 0.00625
0 0.425 0.740625 0.0140625 0.00625
1 0.55546875 0.715625 0.040625 0.0109375
1 0.11875 0.7421875 0.0734375 0.03125
1 0.1390625 0.87578125 0.06875 0.0171875
1 0.49765625 0.875 0.0484375 0.0140625
1 0.5109375 0.8953125 0.040625 0.0078125
1 0.40234375 0.92421875 0.053125 0.0125
1 0.2890625 0.9515625 0.059375 0.0171875
1 0.34765625 0.94296875 0.0609375 0.0171875
1 0.6375 0.8515625 0.075 0.028125
1 0.8546875 0.65625 0.06875 0.0125
1 0.96875 0.74765625 0.0625 0.0140625
1 0.9859375 0.92890625 0.028125 0.0234375
1 0.9234375 0.9875 0.06875 0.025
1 0.67109375 0.91171875 0.0890625 0.028125