1 0.1125 0.365625 0.0265625 0.0703125
1 0.15859375 0.36953125 0.03125 0.0625
1 0.2515625 0.3328125 0.0359375 0.075
1 0.28359375 0.24765625 0.0265625 0.0609375
1 0.2671875 0.23671875 0.0234375 0.053125
1 0.1453125 0.240625 0.0234375 0.0546875
1 0.2015625 0.20546875 0.028125 0.059375
1 0.22265625 0.17734375 0.0234375 0.0578125
1 0.1015625 0.15234375 0.0234375 0.0546875
1 0.3015625 0.09609375 0.0171875 0.0453125
1 0.371875 0.0875 0.01875 0.046875
1 0.378125 0.23828125 0.0234375 0.0578125
0 0.4015625 0.0265625 0.003125 0.009375
0 0.58125 0.05546875 0.0078125 0.0109375
1 0.78046875 0.0359375 0.025 0.0671875
1 0.8140625 0.2609375 0.0359375 0.1
1 0.40859375 0.17421875 0.0171875 0.0734375
1 0.4171875 0.103125 0.034375 0.075
1 0.4625 0.1265625 0.0296875 0.0734375
0 0.03828125 0.83828125 0.0078125 0.0109375
0 0.0015625 0.6828125 0.003125 0.009375
0 0.0125 0.60859375 0.0078125 0.0125
0 0.05859375 0.57421875 0.00625 0.009375
0 0.13046875 0.6984375 0.0078125 0.0125
0 0.1890625 0.65859375 0.0078125 0.0109375
0 0.2 0.5453125 0.009375 0.0140625
0 0.3 0.59375 0.0046875 0.009375
1 0.0328125 0.728125 0.025 0.0484375
1 0.03984375 0.64140625 0.01875 0.0453125
1 0.10546875 0.7734375 0.03125 0.0625
1 0.121875 0.60703125 0.021875 0.0515625
1 0.146875 0.64453125 0.0234375 0.0484375
1 0.221875 0.71171875 0.0234375 0.0546875
1 0.22578125 0.6453125 0.021875 0.0484375
1 0.253125 0.64140625 0.01875 0.0484375
1 0.2421875 0.61171875 0.015625 0.0390625
1 0.23359375 0.58515625 0.0140625 0.0375
1 0.3203125 0.59765625 0.0171875 0.046875
1 0.2921875 0.69140625 0.021875 0.059375
1 0.275 0.7296875 0.0265625 0.0671875
1 0.36484375 0.68828125 0.0203125 0.0546875
1 0.33984375 0.5515625 0.01875 0.0484375
1 0.0890625 0.80625 0.028125 0.0640625
1 0.4109375 0.86171875 0.021875 0.0609375
1 0.4921875 0.90625 0.0296875 0.0609375
1 0.54609375 0.83125 0.025 0.0546875
1 0.99765625 0.6890625 0.0046875 0.05625
1 0.98984375 0.69140625 0.0203125 0.0546875
1 0.97421875 0.6984375 0.0234375 0.0578125
1 0.91328125 0.80234375 0.025 0.065625
1 0.84765625 0.70546875 0.0203125 0.0546875
1 0.8 0.65234375 0.0140625 0.040625
1 0.7578125 0.7203125 0.01875 0.0453125
1 0.71953125 0.7125 0.01875 0.0453125