1 0.31171875 0.065625 0.075 0.0375
1 0.3875 0.09609375 0.04375 0.0265625
1 0.3953125 0.07890625 0.028125 0.0234375
1 0.39375 0.190625 0.03125 0.025
1 0.396875 0.25078125 0.025 0.0265625
1 0.71640625 0.034375 0.0609375 0.0265625
1 0.7171875 0.08046875 0.0609375 0.0234375
1 0.88359375 0.05625 0.0484375 0.0234375
1 0.92265625 0.0671875 0.0453125 0.0234375
1 0.86640625 0.19296875 0.0625 0.03125
1 0.64375 0.31875 0.075 0.034375
1 0.63203125 0.39765625 0.084375 0.0390625
1 0.8359375 0.3828125 0.0578125 0.028125
1 0.86875 0.44453125 0.0640625 0.0265625
1 0.2625 0.58984375 0.0671875 0.0265625
1 0.02265625 0.61953125 0.0453125 0.0421875
1 0.3984375 0.65 0.021875 0.028125
1 0.37734375 0.89140625 0.0640625 0.0328125
1 0.2328125 0.96328125 0.0890625 0.0375
0 0.5703125 0.846875 0.009375 0.0046875
0 0.45390625 0.58984375 0.0109375 0.00625
0 0.6109375 0.5296875 0.0109375 0.0078125
0 0.68671875 0.57734375 0.0109375 0.00625
0 0.625 0.6609375 0.009375 0.0046875
0 0.54375 0.65703125 0.009375 0.0078125
0 0.7046875 0.63046875 0.0078125 0.00625
0 0.6890625 0.7203125 0.00625 0.0046875
0 0.753125 0.73359375 0.00625 0.0046875
0 0.64921875 0.8765625 0.00625 0.0046875
1 0.540625 0.5546875 0.0546875 0.021875
1 0.5921875 0.5828125 0.0484375 0.0203125
1 0.60078125 0.63984375 0.046875 0.01875
1 0.5875 0.6953125 0.053125 0.0203125
1 0.71328125 0.6625 0.034375 0.0125
1 0.6828125 0.759375 0.04375 0.015625
1 0.69609375 0.8109375 0.0453125 0.01875
1 0.73359375 0.8015625 0.0390625 0.015625
1 0.67578125 0.84453125 0.046875 0.01875
1 0.696875 0.85625 0.04375 0.015625
1 0.63203125 0.8234375 0.046875 0.01875
1 0.5953125 0.81171875 0.0546875 0.0234375
1 0.48515625 0.55625 0.0546875 0.021875