1 0.00703125 0.29921875 0.0140625 0.0484375
1 0.05546875 0.275 0.0203125 0.0453125
1 0.07890625 0.315625 0.0171875 0.040625
1 0.22421875 0.28671875 0.0171875 0.046875
1 0.24921875 0.34140625 0.0140625 0.034375
1 0.24375 0.3484375 0.0171875 0.0390625
1 0.45078125 0.27109375 0.01875 0.0546875
1 0.47890625 0.34375 0.015625 0.053125
1 0.503125 0.38125 0.01875 0.0484375
1 0.503125 0.33125 0.0125 0.053125
1 0.53203125 0.35390625 0.0140625 0.046875
1 0.52890625 0.3953125 0.0109375 0.028125
1 0.5515625 0.39375 0.0125 0.03125
1 0.56796875 0.3578125 0.0140625 0.0453125
1 0.59609375 0.39765625 0.0140625 0.0234375
1 0.7109375 0.31484375 0.015625 0.0484375
1 0.70625 0.40078125 0.015625 0.0171875
1 0.73984375 0.4015625 0.0140625 0.015625
1 0.78125 0.38828125 0.015625 0.0421875
1 0.80703125 0.3765625 0.0140625 0.046875
1 0.87421875 0.403125 0.0140625 0.0125
1 0.9546875 0.38203125 0.01875 0.0546875
1 0.9109375 0.28359375 0.0203125 0.059375
1 0.01171875 0.5140625 0.0234375 0.0875
1 0.1640625 0.6171875 0.0296875 0.0890625
1 0.26171875 0.75078125 0.0140625 0.0734375
1 0.2046875 0.75078125 0.0234375 0.0671875
1 0.18515625 0.74375 0.0234375 0.0703125
1 0.2046875 0.78515625 0.0203125 0.0671875
1 0.1515625 0.82109375 0.021875 0.0546875
1 0.06875 0.840625 0.015625 0.05
1 0.0578125 0.859375 0.01875 0.0453125
0 0.41484375 0.8921875 0.0109375 0.0203125
1 0.39453125 0.94609375 0.0203125 0.0546875
1 0.39921875 0.9078125 0.01875 0.0484375
1 0.41953125 0.73671875 0.028125 0.0828125
1 0.4546875 0.9 0.021875 0.0546875
1 0.51953125 0.9234375 0.0203125 0.0578125
1 0.51328125 0.965625 0.01875 0.0375
1 0.60546875 0.97109375 0.01875 0.0515625
1 0.63515625 0.81328125 0.025 0.0796875
1 0.79140625 0.86328125 0.0203125 0.0578125
1 0.78671875 0.909375 0.015625 0.0546875
1 0.76953125 0.93984375 0.0203125 0.0640625
1 0.75234375 0.94921875 0.0203125 0.0625
1 0.74375 0.978125 0.015625 0.04375
1 0.71484375 0.98671875 0.0140625 0.0265625
1 0.8140625 0.98046875 0.01875 0.0390625
1 0.840625 0.9578125 0.0171875 0.0578125
1 0.86953125 0.9609375 0.015625 0.0578125
1 0.9109375 0.88984375 0.0203125 0.06875