0 0.31875 0.45234375 0.0125 0.0078125
1 0.27265625 0.3265625 0.053125 0.021875
1 0.2125 0.009375 0.065625 0.01875
1 0.31796875 0.0078125 0.0515625 0.015625
1 0.3734375 0.06484375 0.0484375 0.01875
1 0.33671875 0.10625 0.0453125 0.021875
1 0.36953125 0.1390625 0.040625 0.0171875
1 0.30390625 0.27265625 0.046875 0.01875
1 0.35078125 0.3109375 0.034375 0.0140625
1 0.35859375 0.30703125 0.0390625 0.0171875
1 0.371875 0.35625 0.040625 0.0140625
1 0.33359375 0.46875 0.0390625 0.01875
1 0.296875 0.46640625 0.0421875 0.015625
1 0.2828125 0.4921875 0.0484375 0.01875
1 0.8140625 0.0859375 0.0390625 0.0171875
1 0.7453125 0.046875 0.0390625 0.0171875
1 0.728125 0.08828125 0.0546875 0.0234375
1 0.7734375 0.1953125 0.0453125 0.015625
1 0.71484375 0.19765625 0.0546875 0.021875
1 0.6625 0.18515625 0.0515625 0.0203125
1 0.6765625 0.22109375 0.0453125 0.015625
1 0.7234375 0.22734375 0.0484375 0.015625
1 0.690625 0.28203125 0.0453125 0.01875
1 0.653125 0.3203125 0.0515625 0.01875
1 0.6609375 0.33359375 0.0515625 0.021875
1 0.68359375 0.4484375 0.0515625 0.0171875
0 0.23046875 0.60625 0.009375 0.0078125
0 0.1671875 0.64296875 0.009375 0.0078125
0 0.07265625 0.60078125 0.009375 0.0078125
0 0.09296875 0.646875 0.0109375 0.0078125
0 0.003125 0.78828125 0.00625 0.0078125
0 0.134375 0.72109375 0.009375 0.0046875
0 0.23671875 0.76875 0.0078125 0.0078125
0 0.16015625 0.80625 0.0078125 0.00625
0 0.2265625 0.84296875 0.0109375 0.0078125
0 0.24375 0.89765625 0.009375 0.00625
0 0.10234375 0.92265625 0.0109375 0.0078125
0 0.11953125 0.99140625 0.009375 0.0078125
1 0.025 0.53359375 0.05 0.0296875
1 0.23828125 0.6484375 0.0390625 0.0203125
1 0.06640625 0.73828125 0.0578125 0.0265625
1 0.1078125 0.8203125 0.0484375 0.021875
1 0.1859375 0.85703125 0.0453125 0.015625
1 0.040625 0.8734375 0.0609375 0.0265625
1 0.19140625 0.94609375 0.0515625 0.01875
1 0.146875 0.95625 0.0484375 0.0203125
1 0.05859375 0.996875 0.0546875 0.00625
1 0.02421875 0.571875 0.0484375 0.03125
1 0.0234375 0.84609375 0.046875 0.0234375
1 0.9859375 0.98984375 0.028125 0.0203125
1 0.95859375 0.99296875 0.0546875 0.0140625
1 0.9859375 0.82890625 0.028125 0.0234375
1 0.96328125 0.7359375 0.0609375 0.0171875
1 0.9734375 0.6453125 0.053125 0.021875