1 0.3828125 0.13984375 0.065625 0.028125
1 0.2734375 0.11953125 0.0515625 0.01875
1 0.2765625 0.14140625 0.0515625 0.01875
1 0.221875 0.19921875 0.0484375 0.01875
1 0.25859375 0.240625 0.0453125 0.021875
1 0.22578125 0.2734375 0.040625 0.0171875
1 0.29140625 0.40703125 0.046875 0.01875
1 0.49375 0.17578125 0.0578125 0.021875
1 0.6375 0.2109375 0.0703125 0.021875
1 0.50625 0.25625 0.0578125 0.0234375
1 0.4765625 0.38046875 0.034375 0.0171875
1 0.51015625 0.01171875 0.0671875 0.0234375
1 0.0609375 0.8015625 0.0640625 0.0203125
1 0.0171875 0.42578125 0.034375 0.0140625
1 0.09765625 0.48046875 0.0625 0.028125
1 0.178125 0.55234375 0.0578125 0.0234375
1 0.07890625 0.5984375 0.0578125 0.0203125
1 0.5328125 0.55078125 0.0734375 0.0296875
1 0.47109375 0.73046875 0.0234375 0.0265625
1 0.534375 0.7984375 0.0625 0.0203125
1 0.4671875 0.9546875 0.015625 0.01875
1 0.73046875 0.7078125 0.071875 0.03125
1 0.7765625 0.478125 0.0828125 0.03125