1 0.0546875 0.159375 0.021875 0.0640625
1 0.31171875 0.1953125 0.021875 0.0609375
1 0.44609375 0.02890625 0.0078125 0.0578125
1 0.421875 0.2671875 0.0203125 0.0515625
1 0.44453125 0.33828125 0.0109375 0.0578125
1 0.07265625 0.38203125 0.0171875 0.0140625
1 0.24296875 0.3140625 0.0234375 0.0546875
1 0.25625 0.33671875 0.0234375 0.0515625
1 0.48046875 0.1296875 0.0171875 0.059375
1 0.58125 0.11015625 0.015625 0.05625
1 0.53828125 0.16484375 0.015625 0.0453125
1 0.6 0.1953125 0.0171875 0.053125
1 0.68046875 0.21484375 0.015625 0.0453125
1 0.73515625 0.19609375 0.0109375 0.0390625
1 0.7546875 0.26640625 0.015625 0.0421875
1 0.59609375 0.04609375 0.015625 0.053125
1 0.7921875 0.0640625 0.0140625 0.0515625
1 0.834375 0.1265625 0.0125 0.053125
1 0.8390625 0.11953125 0.0140625 0.046875
1 0.8703125 0.171875 0.0171875 0.0546875
1 0.86015625 0.2171875 0.0140625 0.046875
1 0.946875 0.17421875 0.0171875 0.0546875
1 0.71796875 0.01875 0.0140625 0.0375
0 0.0921875 0.61796875 0.0078125 0.01875
0 0.1109375 0.46328125 0.0109375 0.0171875
0 0.275 0.46015625 0.009375 0.0109375
0 0.3140625 0.5796875 0.0109375 0.0140625
0 0.153125 0.80546875 0.009375 0.0140625
0 0.06328125 0.88828125 0.0078125 0.015625
0 0.09296875 0.9625 0.0109375 0.0203125
0 0.41328125 0.7125 0.0078125 0.0125
0 0.440625 0.58203125 0.0109375 0.015625
1 0.33359375 0.9890625 0.0140625 0.021875
1 0.29453125 0.92578125 0.0203125 0.0578125
1 0.40234375 0.7421875 0.028125 0.0484375
1 0.41953125 0.9453125 0.015625 0.053125
1 0.40625 0.9828125 0.0125 0.034375
1 0.4296875 0.990625 0.015625 0.01875
1 0.446875 0.978125 0.00625 0.04375
1 0.43828125 0.95703125 0.015625 0.05
1 0.44609375 0.61328125 0.0078125 0.0703125
1 0.08046875 0.76640625 0.0203125 0.0640625
1 0.21640625 0.49375 0.028125 0.0734375
0 0.76484375 0.57109375 0.0109375 0.0234375
1 0.6328125 0.96875 0.0375 0.0625
1 0.590625 0.8953125 0.0359375 0.0703125
1 0.57890625 0.8328125 0.028125 0.0734375
1 0.559375 0.67890625 0.025 0.0828125
1 0.7828125 0.596875 0.0359375 0.0859375
1 0.815625 0.6046875 0.034375 0.08125
1 0.86953125 0.503125 0.0390625 0.0875
1 0.8046875 0.7640625 0.0296875 0.0640625
1 0.8859375 0.965625 0.028125 0.06875
1 0.9203125 0.9796875 0.025 0.040625
1 0.721875 0.99296875 0.028125 0.0140625