1 0.0640625 0.2671875 0.0203125 0.0453125
1 0.06875 0.22109375 0.0171875 0.0484375
1 0.10078125 0.04296875 0.0265625 0.0546875
1 0.0890625 0.06640625 0.0265625 0.0515625
0 0.28984375 0.27890625 0.0171875 0.028125
1 0.95390625 0.47421875 0.0328125 0.071875
1 0.95625 0.35 0.028125 0.0609375
1 0.9640625 0.3859375 0.0234375 0.0546875
1 0.7140625 0.33984375 0.028125 0.0640625
1 0.803125 0.15625 0.0359375 0.090625
1 0.73046875 0.13984375 0.0328125 0.0890625
1 0.51796875 0.1078125 0.0390625 0.08125
1 0.46875 0.4671875 0.0234375 0.0609375
1 0.64453125 0.38359375 0.028125 0.0671875
1 0.50078125 0.29375 0.025 0.0640625
1 0.31484375 0.35078125 0.021875 0.0671875
1 0.28828125 0.31796875 0.03125 0.0859375
1 0.11953125 0.96484375 0.0140625 0.0359375
1 0.19296875 0.775 0.021875 0.0609375
1 0.0859375 0.665625 0.0265625 0.0671875
1 0.14140625 0.8015625 0.01875 0.0453125
0 0.99296875 0.5203125 0.0078125 0.003125
0 0.96953125 0.67578125 0.0078125 0.0109375
0 0.90390625 0.67734375 0.0078125 0.009375
0 0.815625 0.62890625 0.0078125 0.0140625
0 0.86015625 0.75234375 0.00625 0.0140625
0 0.8015625 0.821875 0.00625 0.009375
0 0.73125 0.8015625 0.0078125 0.009375
0 0.703125 0.69375 0.0046875 0.0046875
0 0.5859375 0.63515625 0.00625 0.0078125
0 0.56875 0.7734375 0.0046875 0.0125
0 0.6265625 0.8828125 0.0078125 0.0109375
0 0.71171875 0.8671875 0.0046875 0.009375
0 0.80078125 0.94375 0.0078125 0.0109375
0 0.54765625 0.91640625 0.0046875 0.009375
1 0.98125 0.60234375 0.021875 0.0484375
1 0.990625 0.8359375 0.015625 0.040625
1 0.9875 0.86953125 0.015625 0.0359375
1 0.853125 0.91875 0.0125 0.034375
1 0.8953125 0.76796875 0.0203125 0.0453125
1 0.7859375 0.71328125 0.021875 0.0546875
1 0.6953125 0.5421875 0.028125 0.046875
1 0.55234375 0.578125 0.0265625 0.0734375
1 0.665625 0.784375 0.021875 0.0578125
1 0.7203125 0.934375 0.015625 0.0390625
1 0.671875 0.94921875 0.015625 0.0421875
1 0.446875 0.8109375 0.0203125 0.0640625
1 0.42890625 0.80625 0.015625 0.05625
1 0.37890625 0.965625 0.0171875 0.046875
1 0.384375 0.909375 0.01875 0.05625