1 0.1875 0.02421875 0.025 0.0484375
1 0.0796875 0.09375 0.021875 0.0515625
1 0.0546875 0.165625 0.021875 0.0578125
1 0.11953125 0.28984375 0.0203125 0.0546875
1 0.215625 0.35703125 0.01875 0.0453125
1 0.221875 0.31015625 0.015625 0.0484375
1 0.45 0.24296875 0.021875 0.0484375
1 0.43203125 0.2125 0.01875 0.0453125
1 0.26015625 0.134375 0.025 0.0546875
1 0.24765625 0.15703125 0.025 0.0515625
1 0.00703125 0.38828125 0.0140625 0.0484375
1 0.025 0.296875 0.021875 0.0546875
1 0.68046875 0.028125 0.0296875 0.05625
1 0.978125 0.09765625 0.01875 0.0609375
1 0.9453125 0.08203125 0.01875 0.040625
1 0.94921875 0.10078125 0.01875 0.053125
1 0.875 0.09921875 0.0203125 0.0546875
1 0.89375 0.15546875 0.015625 0.0484375
1 0.82734375 0.2265625 0.015625 0.0484375
1 0.79375 0.2703125 0.0140625 0.0421875
1 0.77734375 0.23515625 0.01875 0.053125
1 0.7140625 0.21875 0.015625 0.0484375
1 0.69921875 0.221875 0.01875 0.053125
1 0.63828125 0.18359375 0.01875 0.0578125
0 0.9234375 0.00703125 0.015625 0.0140625
1 0.38203125 0.80625 0.015625 0.0359375
1 0.4140625 0.7328125 0.0109375 0.0484375
1 0.35703125 0.6375 0.015625 0.0484375
1 0.25546875 0.66484375 0.0171875 0.0484375
1 0.3765625 0.6015625 0.015625 0.05
0 0.60625 0.7953125 0.0125 0.0265625
1 0.6640625 0.7953125 0.0203125 0.0609375
1 0.63984375 0.6640625 0.015625 0.05625
1 0.6625 0.671875 0.0203125 0.053125
1 0.859375 0.70703125 0.015625 0.05625
1 0.84765625 0.8203125 0.01875 0.053125
1 0.86484375 0.8359375 0.021875 0.05
1 0.984375 0.8265625 0.0171875 0.040625
1 0.9921875 0.77578125 0.015625 0.0453125
1 0.86484375 0.64921875 0.0171875 0.0453125