0 0.22421875 0.5203125 0.0171875 0.0265625
1 0.18125 0.01875 0.03125 0.0375
1 0.31640625 0.0734375 0.034375 0.078125
1 0.2515625 0.3890625 0.0390625 0.0796875
1 0.3578125 0.3671875 0.0421875 0.0828125
1 0.159375 0.4953125 0.046875 0.0890625
1 0.12421875 0.48125 0.0390625 0.071875
1 0.11328125 0.584375 0.0453125 0.06875
1 0.0921875 0.6015625 0.040625 0.034375
1 0.2125 0.59375 0.04375 0.05
1 0.0046875 0.51328125 0.009375 0.1109375
1 0.03203125 0.53125 0.0484375 0.10625
1 0.00703125 0.265625 0.0140625 0.0875
1 0.0296875 0.1328125 0.03125 0.0734375
0 0.92734375 0.159375 0.01875 0.03125
1 0.98359375 0.27734375 0.0328125 0.1046875
1 0.4234375 0.28203125 0.009375 0.0890625
1 0.42890625 0.06015625 0.0203125 0.0671875
1 0.471875 0.03984375 0.0296875 0.0703125
1 0.525 0.1265625 0.0375 0.078125
1 0.54609375 0.103125 0.034375 0.0765625
1 0.6109375 0.07578125 0.0296875 0.0671875
1 0.609375 0.06953125 0.0265625 0.0640625
1 0.65703125 0.09375 0.03125 0.0734375
1 0.6296875 0.01640625 0.025 0.0328125
1 0.70546875 0.0703125 0.0265625 0.0546875
1 0.7109375 0.07734375 0.0265625 0.0640625
1 0.7671875 0.10078125 0.028125 0.0609375
1 0.771875 0.16015625 0.028125 0.0734375
1 0.79375 0.16484375 0.0359375 0.0828125
1 0.34921875 0.734375 0.0234375 0.0484375
1 0.18671875 0.69765625 0.025 0.0484375
1 0.20625 0.83515625 0.0234375 0.0484375
1 0.2203125 0.86640625 0.01875 0.0453125
1 0.30078125 0.90078125 0.0296875 0.0640625
1 0.3515625 0.8578125 0.025 0.0578125
1 0.05078125 0.73671875 0.021875 0.0421875
0 0.346875 0.875 0.0140625 0.021875
1 0.97734375 0.97734375 0.0328125 0.0453125
1 0.903125 0.88046875 0.025 0.0640625
1 0.77578125 0.83359375 0.028125 0.0625
1 0.76484375 0.8484375 0.0203125 0.05
1 0.75546875 0.846875 0.0234375 0.065625
1 0.74609375 0.8640625 0.028125 0.0578125
1 0.7296875 0.8703125 0.025 0.0578125
1 0.73828125 0.90078125 0.03125 0.0609375
1 0.71171875 0.91953125 0.0328125 0.06875
1 0.71015625 0.97421875 0.0328125 0.0515625
1 0.6734375 0.975 0.034375 0.05
1 0.65546875 0.98359375 0.0265625 0.0328125
1 0.659375 0.9875 0.028125 0.025
1 0.8015625 0.97421875 0.03125 0.0515625
1 0.47578125 0.94921875 0.0328125 0.0671875
0 0.8546875 0.9234375 0.0140625 0.025