1 0.08828125 0.184375 0.0734375 0.009375
1 0.79375 0.09765625 0.0609375 0.0265625
1 0.621875 0.11171875 0.0796875 0.03125
0 0.80703125 0.42734375 0.0171875 0.009375
1 0.73984375 0.30546875 0.0484375 0.0234375
1 0.64921875 0.2125 0.0609375 0.0265625
1 0.6484375 0.23046875 0.0640625 0.025
1 0.48046875 0.32421875 0.084375 0.034375
1 0.546875 0.40859375 0.0796875 0.028125
1 0.66171875 0.46171875 0.0546875 0.0203125
1 0.75 0.4640625 0.0515625 0.0203125
1 0.74453125 0.47890625 0.0484375 0.0234375
1 0.7796875 0.46640625 0.0421875 0.01875
1 0.78125 0.54375 0.0453125 0.015625
1 0.75625 0.57421875 0.046875 0.015625
1 0.71640625 0.57578125 0.053125 0.01875
1 0.79140625 0.58671875 0.0421875 0.01875
1 0.71484375 0.696875 0.0578125 0.021875
1 0.6953125 0.75078125 0.059375 0.025
1 0.73671875 0.73671875 0.065625 0.021875
1 0.759375 0.71015625 0.053125 0.0203125
1 0.7703125 0.70625 0.05625 0.01875