1 0.0046875 0.29375 0.009375 0.0625
1 0.29765625 0.13671875 0.0296875 0.0578125
1 0.29375 0.09453125 0.0328125 0.059375
1 0.15703125 0.0359375 0.0359375 0.071875
1 0.9953125 0.27421875 0.009375 0.0390625
1 0.953125 0.246875 0.0234375 0.046875
1 0.8359375 0.29609375 0.0234375 0.046875
1 0.809375 0.30078125 0.0203125 0.0421875
1 0.79296875 0.23671875 0.0171875 0.040625
1 0.7765625 0.27109375 0.0234375 0.0484375
1 0.77578125 0.3125 0.0234375 0.053125
1 0.740625 0.278125 0.025 0.05
1 0.65703125 0.31796875 0.0234375 0.0453125
1 0.64453125 0.3328125 0.025 0.05
1 0.61953125 0.3296875 0.01875 0.04375
1 0.609375 0.33359375 0.025 0.05
1 0.56796875 0.31796875 0.0265625 0.046875
1 0.58984375 0.26640625 0.0234375 0.046875
1 0.90234375 0.15 0.0265625 0.0609375
1 0.50390625 0.28125 0.021875 0.0484375
1 0.74296875 0.15625 0.0109375 0.0140625
1 0.7953125 0.11484375 0.009375 0.0140625
0 0.76640625 0.2109375 0.00625 0.0109375
0 0.67734375 0.2296875 0.009375 0.0140625
0 0.7078125 0.1359375 0.009375 0.0109375
0 0.63671875 0.2734375 0.00625 0.0109375
0 0.90390625 0.21171875 0.009375 0.0140625
0 0.99296875 0.17890625 0.0046875 0.00625
0 0.9015625 0.05390625 0.0078125 0.0140625
1 0.45390625 0.45390625 0.0296875 0.0703125
1 0.40859375 0.453125 0.0328125 0.0625
1 0.3171875 0.49453125 0.0390625 0.075
1 0.290625 0.58125 0.0296875 0.0609375
1 0.30703125 0.59140625 0.025 0.053125
1 0.428125 0.58046875 0.0265625 0.0546875
1 0.37421875 0.61875 0.03125 0.059375
1 0.35390625 0.64765625 0.0265625 0.0578125
1 0.465625 0.66640625 0.00625 0.0546875
1 0.28046875 0.73359375 0.01875 0.0453125
1 0.2109375 0.7453125 0.0203125 0.046875
1 0.12109375 0.7 0.0234375 0.05625
1 0.19609375 0.59453125 0.0265625 0.0578125
1 0.13515625 0.60703125 0.028125 0.065625
1 0.03046875 0.70703125 0.025 0.0546875
1 0.075 0.80625 0.021875 0.0515625
1 0.66328125 0.50390625 0.0375 0.0765625
1 0.88359375 0.48203125 0.0390625 0.071875
1 0.9421875 0.475 0.0359375 0.071875
1 0.98984375 0.61640625 0.0203125 0.0546875
1 0.9765625 0.62421875 0.0328125 0.059375
1 0.878125 0.7359375 0.028125 0.0546875
1 0.8328125 0.68125 0.028125 0.0640625
1 0.81796875 0.67890625 0.028125 0.0546875
1 0.75703125 0.790625 0.0265625 0.0546875
1 0.7171875 0.80546875 0.0265625 0.0484375
1 0.6109375 0.90390625 0.025 0.05
1 0.58984375 0.8359375 0.0234375 0.046875
1 0.56484375 0.8453125 0.021875 0.0484375
1 0.50703125 0.878125 0.0203125 0.0453125