1 0.1703125 0.575 0.034375 0.009375
1 0.14453125 0.015625 0.028125 0.00625
1 0.08671875 0.096875 0.025 0.00625
1 0.146875 0.1171875 0.028125 0.00625
1 0.1875 0.0953125 0.0265625 0.00625
1 0.22578125 0.13671875 0.034375 0.00625
1 0.25234375 0.17734375 0.028125 0.00625
1 0.38671875 0.1796875 0.04375 0.009375
1 0.25 0.1953125 0.03125 0.00625
1 0.1046875 0.25625 0.028125 0.00625
1 0.14921875 0.28828125 0.0359375 0.009375
1 0.17109375 0.30078125 0.03125 0.00625
1 0.26328125 0.34765625 0.034375 0.0078125
1 0.1765625 0.2390625 0.028125 0.0046875
1 0.1796875 0.20546875 0.025 0.00625
1 0.1734375 0.1859375 0.0296875 0.00625
1 0.13359375 0.1765625 0.025 0.00625
1 0.1140625 0.18359375 0.028125 0.00625
1 0.10234375 0.175 0.028125 0.00625
1 0.175 0.1609375 0.03125 0.009375
0 0.1859375 0.17890625 0.009375 0.0046875
1 0.98515625 0.0234375 0.0296875 0.015625
1 0.97578125 0.11796875 0.0484375 0.0140625
1 0.9046875 0.125 0.040625 0.009375
1 0.89609375 0.0953125 0.0453125 0.0109375
1 0.846875 0.1421875 0.03125 0.0078125
1 0.89140625 0.015625 0.046875 0.0140625
1 0.9421875 0.00390625 0.05625 0.0078125
1 0.93984375 0.5359375 0.05 0.0125
1 0.9203125 0.45703125 0.05 0.0140625
1 0.88046875 0.43671875 0.040625 0.0125
1 0.828125 0.47421875 0.040625 0.0109375
1 0.96328125 0.33203125 0.05625 0.0109375
1 0.9375 0.184375 0.05625 0.0109375
1 0.11796875 0.9390625 0.05625 0.015625
1 0.071875 0.9375 0.0546875 0.0109375
1 0.03828125 0.95 0.0625 0.0140625
1 0.02890625 0.96484375 0.0578125 0.0140625
1 0.009375 0.96953125 0.01875 0.0109375
1 0.0109375 0.89921875 0.021875 0.0140625
1 0.03125 0.87734375 0.05625 0.0125
1 0.03203125 0.84765625 0.0578125 0.0109375
1 0.1078125 0.81640625 0.0671875 0.0140625
1 0.65 0.82265625 0.0515625 0.021875
1 0.72265625 0.90546875 0.065625 0.0171875
1 0.8453125 0.96015625 0.071875 0.025
1 0.890625 0.9 0.0609375 0.0203125
1 0.91015625 0.89140625 0.08125 0.0203125
1 0.8328125 0.8703125 0.06875 0.0265625
1 0.9015625 0.82734375 0.075 0.0203125
1 0.8078125 0.80546875 0.0734375 0.0234375
1 0.78125 0.79296875 0.065625 0.0203125
1 0.66328125 0.74609375 0.065625 0.0171875
1 0.7421875 0.61640625 0.065625 0.0234375
1 0.8125 0.5921875 0.065625 0.0203125
1 0.8453125 0.5890625 0.071875 0.01875