1 0.42421875 0.33828125 0.0109375 0.0234375
1 0.38828125 0.31171875 0.009375 0.028125
1 0.40625 0.178125 0.015625 0.0453125
1 0.36953125 0.3109375 0.0109375 0.03125
1 0.22109375 0.27421875 0.0125 0.034375
1 0.13046875 0.525 0.028125 0.0671875
1 0.140625 0.71328125 0.0171875 0.046875
1 0.2453125 0.4640625 0.025 0.0640625
1 0.3203125 0.47109375 0.021875 0.0640625
1 0.29921875 0.5859375 0.0203125 0.0515625
1 0.275 0.6765625 0.01875 0.0484375
1 0.37109375 0.734375 0.015625 0.0421875
1 0.44609375 0.68828125 0.01875 0.0515625
1 0.375 0.596875 0.015625 0.065625
1 0.47734375 0.6546875 0.01875 0.0515625
1 0.978125 0.3734375 0.034375 0.046875
1 0.796875 0.42109375 0.0328125 0.0828125
1 0.76328125 0.5328125 0.028125 0.0671875
1 0.8015625 0.609375 0.021875 0.0609375
1 0.66015625 0.7078125 0.0265625 0.0609375
1 0.63515625 0.7046875 0.0265625 0.0578125
1 0.59453125 0.75390625 0.028125 0.0671875
1 0.59765625 0.878125 0.0171875 0.0484375
1 0.60078125 0.9640625 0.015625 0.0515625
1 0.7421875 0.9296875 0.015625 0.0453125
1 0.84765625 0.78515625 0.0234375 0.0546875
1 0.875 0.75703125 0.0234375 0.0578125
1 0.93671875 0.74296875 0.021875 0.0609375
1 0.98359375 0.7390625 0.01875 0.0609375
1 0.9734375 0.90703125 0.01875 0.0484375
1 0.9875 0.9453125 0.0203125 0.0453125
0 0.65703125 0.76015625 0.015625 0.028125