1 0.06328125 0.078125 0.0328125 0.0140625
1 0.0375 0.3109375 0.028125 0.0125
1 0.071875 0.4046875 0.025 0.0125
1 0.0109375 0.4078125 0.021875 0.0125
1 0.009375 0.46875 0.01875 0.0125
1 0.0234375 0.48125 0.028125 0.0125
1 0.03671875 0.47578125 0.028125 0.0125
0 0.8078125 0.2265625 0.0234375 0.0140625
1 0.48671875 0.50234375 0.0890625 0.0140625
1 0.66640625 0.49921875 0.0734375 0.0203125
1 0.90234375 0.50546875 0.0484375 0.0078125
1 0.82890625 0.38046875 0.0640625 0.028125
1 0.815625 0.32265625 0.0703125 0.03125
1 0.82578125 0.21796875 0.0671875 0.03125
1 0.76015625 0.20234375 0.0765625 0.0328125
1 0.9234375 0.17265625 0.059375 0.028125
1 0.9828125 0.30703125 0.034375 0.0203125
1 0.28984375 0.94921875 0.0203125 0.0421875
1 0.14609375 0.840625 0.0890625 0.046875
1 0.19765625 0.625 0.08125 0.04375
1 0.24609375 0.57421875 0.090625 0.0453125
0 0.63046875 0.7015625 0.00625 0.0046875
1 0.47421875 0.53828125 0.0671875 0.03125
1 0.64609375 0.62421875 0.0515625 0.021875
1 0.75625 0.71015625 0.025 0.0125
1 0.71484375 0.71875 0.03125 0.0140625
1 0.67734375 0.71640625 0.0328125 0.015625
1 0.65390625 0.70625 0.03125 0.0140625
1 0.63125 0.70625 0.0359375 0.0171875
1 0.53984375 0.6953125 0.053125 0.025
1 0.7015625 0.82421875 0.03125 0.0140625
1 0.67890625 0.77578125 0.0375 0.0171875
1 0.62890625 0.73828125 0.0484375 0.0203125
1 0.6421875 0.88359375 0.034375 0.0140625
1 0.6 0.89375 0.04375 0.01875
1 0.5171875 0.9109375 0.05 0.0203125
1 0.64140625 0.8140625 0.0375 0.015625
1 0.7140625 0.65625 0.0296875 0.0125
1 0.703125 0.57421875 0.0390625 0.01875
1 0.76015625 0.5546875 0.034375 0.0140625