0 0.19765625 0.2453125 0.009375 0.0171875
1 0.07890625 0.3171875 0.025 0.0484375
1 0.01015625 0.41171875 0.0203125 0.0640625
1 0.10625 0.5515625 0.0375 0.034375
1 0.18828125 0.50703125 0.0296875 0.0796875
1 0.23828125 0.38984375 0.021875 0.0546875
1 0.23671875 0.3015625 0.021875 0.0515625
1 0.25234375 0.30703125 0.025 0.0484375
1 0.23828125 0.271875 0.0203125 0.0421875
1 0.315625 0.2671875 0.0171875 0.0453125
1 0.346875 0.29140625 0.0171875 0.046875
1 0.35 0.33125 0.0203125 0.053125
1 0.35859375 0.25546875 0.0203125 0.0421875
1 0.9875 0.140625 0.021875 0.0484375
0 0.978125 0.121875 0.0109375 0.0171875
1 0.98984375 0.1875 0.0203125 0.05625
1 0.9703125 0.16875 0.01875 0.0546875
1 0.97890625 0.15703125 0.021875 0.0546875
1 0.94921875 0.15390625 0.0203125 0.0453125
1 0.92265625 0.16015625 0.0203125 0.0546875
1 0.9140625 0.15234375 0.01875 0.05
1 0.90078125 0.1703125 0.0265625 0.0578125
1 0.88203125 0.15703125 0.021875 0.0546875
1 0.86953125 0.14296875 0.0234375 0.05625
1 0.8703125 0.1796875 0.0203125 0.0515625
1 0.85234375 0.14609375 0.01875 0.0546875
1 0.8359375 0.1515625 0.0234375 0.0578125
1 0.77265625 0.2546875 0.025 0.065625
1 0.709375 0.15625 0.0203125 0.05625
1 0.66328125 0.10234375 0.0140625 0.040625
1 0.61953125 0.1703125 0.0171875 0.0453125
1 0.58125 0.16171875 0.0171875 0.0453125
1 0.23359375 0.6828125 0.0125 0.0359375
1 0.32734375 0.74375 0.021875 0.0515625
1 0.278125 0.78984375 0.025 0.0546875
1 0.234375 0.803125 0.025 0.0484375
1 0.19296875 0.88828125 0.0234375 0.0578125
1 0.27734375 0.95546875 0.03125 0.0640625
1 0.37109375 0.9890625 0.0265625 0.021875
1 0.3828125 0.89921875 0.0234375 0.0578125
1 0.04609375 0.98046875 0.0296875 0.0390625
1 0.071875 0.90390625 0.028125 0.0625
1 0.0421875 0.88828125 0.0296875 0.0625
1 0.025 0.8390625 0.021875 0.053125
1 0.03125 0.78046875 0.0203125 0.0453125
1 0.10625 0.81015625 0.01875 0.0421875
1 0.1484375 0.740625 0.015625 0.0390625
1 0.93359375 0.67734375 0.0375 0.075
1 0.90546875 0.575 0.0234375 0.0125
1 0.4890625 0.60078125 0.0203125 0.0515625
1 0.5625 0.5796875 0.021875 0.021875
1 0.69296875 0.5890625 0.0203125 0.040625