0 0.2234375 0.43671875 0.009375 0.0171875
1 0.10546875 0.3625 0.025 0.0484375
1 0.0171875 0.2671875 0.0296875 0.0609375
1 0.03515625 0.2671875 0.028125 0.0640625
1 0.1375 0.10390625 0.0390625 0.084375
1 0.21796875 0.175 0.03125 0.0796875
1 0.265625 0.29296875 0.0234375 0.0546875
1 0.26328125 0.38125 0.021875 0.0515625
1 0.278125 0.37578125 0.025 0.0484375
1 0.2640625 0.4109375 0.0203125 0.0421875
1 0.340625 0.41640625 0.01875 0.0453125
1 0.3734375 0.39296875 0.01875 0.046875
1 0.3765625 0.353125 0.021875 0.053125
1 0.38359375 0.42890625 0.0203125 0.0421875
1 0.496875 0.3578125 0.0234375 0.0578125
1 0.55234375 0.340625 0.0265625 0.059375
1 0.5359375 0.38203125 0.025 0.065625
1 0.50859375 0.403125 0.0234375 0.053125
1 0.50390625 0.41328125 0.0203125 0.05625
1 0.80546875 0.19140625 0.025 0.0640625
1 0.7921875 0.26796875 0.01875 0.05
1 0.78046875 0.27421875 0.0234375 0.046875
1 0.89375 0.2953125 0.01875 0.0484375
1 0.85390625 0.25 0.0203125 0.05625
1 0.84375 0.2421875 0.021875 0.05
1 0.878125 0.22578125 0.0203125 0.0546875
1 0.9875 0.2765625 0.021875 0.0546875
1 0.98828125 0.24921875 0.021875 0.0578125
1 0.93828125 0.26953125 0.01875 0.0484375
1 0.921875 0.278125 0.015625 0.04375
1 0.928125 0.28359375 0.0203125 0.0546875
1 0.91640625 0.1796875 0.0234375 0.0640625
1 0.8984375 0.18125 0.021875 0.059375
1 0.00546875 0.63515625 0.0109375 0.0234375
1 0.24453125 0.725 0.0125 0.025
1 0.25703125 0.6890625 0.0078125 0.0265625
1 0.26796875 0.684375 0.0125 0.03125
1 0.29453125 0.690625 0.0140625 0.0296875
1 0.2921875 0.74375 0.0109375 0.025
1 0.3625 0.7640625 0.0109375 0.0234375
1 0.340625 0.63828125 0.0125 0.0328125
1 0.39296875 0.64765625 0.0125 0.034375
1 0.440625 0.63828125 0.0109375 0.0265625
1 0.475 0.69765625 0.015625 0.0296875
1 0.55078125 0.66875 0.015625 0.0390625
1 0.46796875 0.803125 0.0078125 0.021875
1 0.4359375 0.7828125 0.0140625 0.0296875
1 0.48671875 0.76484375 0.009375 0.021875
1 0.49375 0.76015625 0.0109375 0.0234375
1 0.5375 0.740625 0.0125 0.025
1 0.55234375 0.72734375 0.0125 0.0296875
1 0.3796875 0.7171875 0.0125 0.028125
0 0.3859375 0.7046875 0.00625 0.009375
0 0.728125 0.7828125 0.009375 0.0125
0 0.75234375 0.90625 0.0125 0.015625
0 0.87734375 0.9234375 0.0125 0.0171875
1 0.88671875 0.9578125 0.0296875 0.0703125
1 0.6765625 0.809375 0.015625 0.075