0 0.0453125 0.234375 0.015625 0.0078125
1 0.0859375 0.1015625 0.046875 0.01875
1 0.159375 0.00859375 0.0625 0.0171875
1 0.34375 0.065625 0.0828125 0.0265625
1 0.29609375 0.16171875 0.078125 0.0203125
1 0.19453125 0.23828125 0.053125 0.015625
1 0.10859375 0.25859375 0.05 0.015625
1 0.1171875 0.27265625 0.046875 0.01875
1 0.08046875 0.2671875 0.040625 0.0140625
1 0.09453125 0.34296875 0.04375 0.0109375
1 0.12578125 0.36796875 0.0453125 0.0125
1 0.16484375 0.36171875 0.0515625 0.0140625
1 0.09375 0.3875 0.040625 0.0140625
1 0.19140625 0.47890625 0.05625 0.015625
1 0.22265625 0.528125 0.0578125 0.01875
1 0.178125 0.52265625 0.0640625 0.015625
1 0.15078125 0.5015625 0.0515625 0.015625
1 0.13984375 0.5 0.05625 0.0125
0 0.92578125 0.684375 0.0296875 0.0140625
1 0.98203125 0.08515625 0.0359375 0.0234375
1 0.97109375 0.03203125 0.0578125 0.0234375
1 0.9125 0.06171875 0.08125 0.0203125
1 0.90078125 0.15390625 0.0890625 0.0234375
1 0.75078125 0.01171875 0.078125 0.0203125
1 0.73984375 0.13828125 0.078125 0.0203125
1 0.69296875 0.23046875 0.065625 0.015625
1 0.68515625 0.28046875 0.06875 0.0171875
1 0.7828125 0.30703125 0.0765625 0.025
1 0.76640625 0.33359375 0.0765625 0.021875
1 0.75859375 0.40390625 0.065625 0.01875
1 0.7515625 0.40390625 0.0625 0.015625
1 0.7875 0.44296875 0.071875 0.01875
1 0.69375 0.4421875 0.059375 0.015625
1 0.77890625 0.49609375 0.053125 0.01875
1 0.78671875 0.49921875 0.0625 0.015625
1 0.825 0.546875 0.059375 0.01875
1 0.88359375 0.53515625 0.071875 0.015625
1 0.89375 0.5546875 0.0828125 0.0234375
1 0.0953125 0.95390625 0.059375 0.015625
1 0.08515625 0.94140625 0.053125 0.0171875
1 0.1265625 0.93046875 0.05 0.0140625
1 0.153125 0.88828125 0.053125 0.015625
1 0.1515625 0.8734375 0.05625 0.015625
1 0.06484375 0.79375 0.04375 0.0078125
1 0.58046875 0.9546875 0.053125 0.0171875
1 0.6578125 0.91875 0.059375 0.015625
1 0.62890625 0.87421875 0.053125 0.0125
1 0.79296875 0.8625 0.0734375 0.0234375