1 0.38984375 0.13125 0.028125 0.0671875
1 0.33046875 0.309375 0.0234375 0.0609375
1 0.40546875 0.33828125 0.0234375 0.0609375
1 0.478125 0.43671875 0.0234375 0.0515625
1 0.5125 0.42734375 0.0234375 0.0546875
1 0.5359375 0.30703125 0.021875 0.0640625
1 0.5203125 0.303125 0.025 0.0609375
1 0.4984375 0.24765625 0.021875 0.0578125
1 0.453125 0.48359375 0.01875 0.0609375
1 0.3734375 0.453125 0.021875 0.0578125
1 0.37890625 0.5390625 0.0140625 0.021875
1 0.34375 0.46015625 0.01875 0.0640625
1 0.225 0.371875 0.0203125 0.0546875
1 0.17109375 0.38125 0.021875 0.0578125
1 0.00234375 0.34921875 0.0046875 0.0734375
0 0.32890625 0.14375 0.0109375 0.0234375
0 0.89921875 0.334375 0.0109375 0.021875
1 0.971875 0.228125 0.021875 0.0609375
1 0.9578125 0.2734375 0.01875 0.0609375
1 0.92578125 0.23046875 0.021875 0.0578125
1 0.9296875 0.2015625 0.0203125 0.0640625
1 0.77734375 0.2390625 0.015625 0.0625
1 0.740625 0.2515625 0.0203125 0.0640625
1 0.63671875 0.2703125 0.025 0.0640625
1 0.6484375 0.3125 0.01875 0.0609375
1 0.73125 0.01171875 0.03125 0.0234375
0 0.5078125 0.99453125 0.009375 0.009375
0 0.40703125 0.94375 0.0078125 0.0125
0 0.56328125 0.76171875 0.0078125 0.0125
0 0.42109375 0.759375 0.0078125 0.0125
1 0.58515625 0.9265625 0.0234375 0.0765625
1 0.23125 0.86640625 0.0359375 0.075
1 0.09921875 0.89609375 0.0203125 0.0703125
0 0.98203125 0.92578125 0.00625 0.0140625
0 0.82890625 0.9984375 0.0078125 0.003125
0 0.7640625 0.92890625 0.009375 0.009375
0 0.66328125 0.878125 0.0078125 0.0125
0 0.93515625 0.77421875 0.0109375 0.0140625
0 0.81953125 0.69609375 0.0078125 0.0125
0 0.67734375 0.69375 0.0078125 0.0125
1 0.98984375 0.984375 0.0203125 0.03125
1 0.915625 0.98125 0.025 0.0375
1 0.84140625 0.8609375 0.0234375 0.0765625
1 0.63984375 0.98046875 0.0171875 0.0390625