1 0.3390625 0.2765625 0.0671875 0.028125
1 0.16171875 0.33984375 0.0609375 0.021875
1 0.13203125 0.26484375 0.0609375 0.021875
1 0.03203125 0.19453125 0.0515625 0.0234375
1 0.04140625 0.16015625 0.0546875 0.0234375
1 0.1609375 0.134375 0.0640625 0.0203125
1 0.165625 0.14921875 0.0609375 0.0234375
1 0.22109375 0.17109375 0.0578125 0.0203125
1 0.0078125 0.21953125 0.015625 0.0171875
1 0.02265625 0.29921875 0.0453125 0.0203125
1 0.021875 0.32890625 0.04375 0.0171875
1 0.1015625 0.44609375 0.0546875 0.0203125
1 0.09296875 0.5 0.0578125 0.0203125
1 0.128125 0.67734375 0.0734375 0.021875
0 0.32734375 0.33828125 0.021875 0.0109375
0 0.7609375 0.34140625 0.0125 0.00625
1 0.6609375 0.62265625 0.0796875 0.01875
1 0.725 0.52734375 0.0703125 0.021875
1 0.6453125 0.471875 0.0671875 0.01875
1 0.60078125 0.41796875 0.0515625 0.0171875
1 0.63125 0.39296875 0.059375 0.0140625
1 0.65625 0.40390625 0.0625 0.0171875
1 0.6703125 0.35703125 0.0515625 0.0171875
1 0.64921875 0.35 0.0609375 0.0171875
1 0.709375 0.34375 0.0625 0.0140625
1 0.73671875 0.3390625 0.0609375 0.0171875
1 0.834375 0.35546875 0.0734375 0.025
1 0.83203125 0.39140625 0.0734375 0.021875
1 0.73359375 0.2734375 0.0625 0.0203125
1 0.68671875 0.290625 0.0609375 0.0171875
1 0.70078125 0.06953125 0.0703125 0.01875
1 0.671875 0.0703125 0.05625 0.0140625
1 0.74296875 0.0140625 0.0609375 0.0171875
1 0.96015625 0.0796875 0.0796875 0.03125
1 0.44453125 0.7109375 0.0296875 0.021875
1 0.2578125 0.75546875 0.0671875 0.01875
1 0.24375 0.80390625 0.0703125 0.0203125
1 0.33671875 0.84375 0.0765625 0.028125
1 0.31640625 0.86796875 0.0765625 0.025
1 0.2984375 0.93671875 0.0671875 0.021875
1 0.29140625 0.9359375 0.0640625 0.0171875
1 0.32265625 0.97890625 0.0734375 0.021875
1 0.2296875 0.965625 0.0609375 0.0171875
1 0.50390625 0.9921875 0.0859375 0.015625
1 0.4875 0.859375 0.05625 0.021875
1 0.5578125 0.7140625 0.090625 0.0234375