1 0.07734375 0.05703125 0.0609375 0.0296875
1 0.028125 0.0046875 0.05625 0.009375
1 0.05078125 0.1765625 0.0546875 0.0265625
1 0.05859375 0.23046875 0.0578125 0.0265625
1 0.14296875 0.38984375 0.0734375 0.0296875
1 0.284375 0.38671875 0.0765625 0.028125
0 0.23515625 0.0078125 0.0234375 0.0140625
1 0.8734375 0.48359375 0.05 0.0109375
1 0.934375 0.39140625 0.0609375 0.0296875
1 0.7625 0.1671875 0.0484375 0.021875
1 0.72265625 0.19921875 0.0390625 0.0203125
1 0.69609375 0.19140625 0.05 0.0203125
1 0.67734375 0.3125 0.040625 0.0234375
1 0.684375 0.38125 0.0375 0.021875
1 0.71484375 0.3796875 0.0421875 0.0203125
1 0.715625 0.434375 0.0453125 0.01875
1 0.65703125 0.4609375 0.0359375 0.0171875
0 0.68984375 0.3125 0.0171875 0.0109375
0 0.00390625 0.75703125 0.0078125 0.0171875
1 0.08125 0.64765625 0.06875 0.034375
1 0.1546875 0.6578125 0.06875 0.03125
1 0.18828125 0.65546875 0.0734375 0.0328125
1 0.09375 0.7359375 0.0734375 0.0296875
1 0.0125 0.7375 0.025 0.025
1 0.0890625 0.88046875 0.0578125 0.0234375
1 0.14375 0.8796875 0.071875 0.0328125
1 0.17421875 0.9109375 0.0671875 0.0296875
1 0.3015625 0.90078125 0.075 0.0390625
1 0.578125 0.853125 0.0765625 0.0328125
1 0.43984375 0.83359375 0.0625 0.03125
1 0.478125 0.77421875 0.0609375 0.0296875
1 0.515625 0.74921875 0.0546875 0.0265625
1 0.56015625 0.75234375 0.0703125 0.040625
1 0.8640625 0.796875 0.090625 0.0421875
1 0.65859375 0.6078125 0.08125 0.0375
1 0.56796875 0.63203125 0.0578125 0.0265625
1 0.51953125 0.5359375 0.0734375 0.0421875
1 0.49609375 0.57265625 0.065625 0.034375
1 0.41484375 0.61484375 0.0296875 0.0328125
1 0.53515625 0.5015625 0.0703125 0.025
1 0.5296875 0.95703125 0.0625 0.03125
1 0.5796875 0.990625 0.065625 0.01875
1 0.790625 0.928125 0.0875 0.0421875
0 0.82421875 0.5578125 0.0203125 0.009375
0 0.7375 0.615625 0.0125 0.0078125
0 0.69296875 0.58359375 0.015625 0.0125
0 0.546875 0.5515625 0.0203125 0.009375
0 0.42734375 0.59296875 0.015625 0.009375
0 0.4984375 0.78359375 0.0171875 0.009375
0 0.46328125 0.81015625 0.0109375 0.00625
0 0.58046875 0.73046875 0.01875 0.0109375
0 0.59765625 0.83359375 0.015625 0.009375
0 0.55390625 0.93671875 0.015625 0.009375
0 0.6 0.98046875 0.0203125 0.009375
0 0.796875 0.90390625 0.0109375 0.00625
0 0.88046875 0.771875 0.015625 0.0109375