0 0.146875 0.00859375 0.0125 0.0078125
0 0.0046875 0.32734375 0.009375 0.0078125
0 0.234375 0.18046875 0.0109375 0.0078125
1 0.26171875 0.2265625 0.034375 0.0171875
1 0.19453125 0.18515625 0.0421875 0.01875
1 0.17734375 0.18046875 0.046875 0.01875
1 0.1171875 0.13671875 0.0484375 0.0203125
1 0.04140625 0.09140625 0.040625 0.0234375
1 0.0390625 0.18046875 0.0453125 0.0234375
1 0.1390625 0.2265625 0.0453125 0.01875
1 0.11484375 0.2484375 0.0453125 0.01875
1 0.22578125 0.328125 0.0375 0.0171875
1 0.20859375 0.34140625 0.015625 0.0125
1 0.16875 0.3953125 0.0328125 0.015625
1 0.13203125 0.39609375 0.0421875 0.0203125
1 0.03046875 0.384375 0.046875 0.025
0 0.11640625 0.3828125 0.0046875 0.0046875
0 0.60703125 0.0671875 0.0140625 0.009375
1 0.653125 0.015625 0.0296875 0.015625
1 0.60625 0.0671875 0.0296875 0.0125
1 0.55234375 0.053125 0.034375 0.0140625
1 0.53984375 0.11796875 0.028125 0.0125
1 0.59375 0.15078125 0.0296875 0.0125
1 0.6234375 0.13125 0.0328125 0.0140625
1 0.64765625 0.08359375 0.028125 0.0125
1 0.66875 0.07578125 0.025 0.0125
1 0.69453125 0.08203125 0.0265625 0.0140625
1 0.6640625 0.10078125 0.028125 0.0125
1 0.65859375 0.178125 0.025 0.0109375
1 0.6109375 0.22890625 0.028125 0.0125
1 0.5453125 0.23203125 0.03125 0.0125
1 0.48359375 0.20703125 0.0375 0.0171875
1 0.36328125 0.5828125 0.034375 0.0140625
1 0.4 0.68671875 0.0328125 0.0140625
1 0.42265625 0.6796875 0.0140625 0.015625
1 0.39375 0.8796875 0.0265625 0.0125
1 0.325 0.9671875 0.03125 0.015625
1 0.2546875 0.86875 0.0421875 0.0203125
0 0.334375 0.71875 0.0140625 0.009375
1 0.40859375 0.453125 0.0328125 0.00625
1 0.6703125 0.57109375 0.0875 0.040625
1 0.6875 0.6859375 0.075 0.0375
1 0.8671875 0.86328125 0.059375 0.021875
1 0.721875 0.83125 0.065625 0.0328125
1 0.77578125 0.86640625 0.0578125 0.0265625
1 0.46171875 0.64375 0.0640625 0.0375
1 0.45234375 0.72421875 0.0453125 0.0390625
1 0.58046875 0.9484375 0.075 0.034375