0 0.428125 0.5046875 0.0125 0.00625
0 0.278125 0.00625 0.0125 0.00625
0 0.5921875 0.265625 0.0125 0.0078125
0 0.5421875 0.071875 0.0109375 0.00625
0 0.45859375 0.15546875 0.009375 0.0078125
0 0.28984375 0.36953125 0.009375 0.0078125
1 0.2484375 0.3359375 0.034375 0.0125
1 0.32578125 0.353125 0.040625 0.0140625
1 0.34375 0.3515625 0.046875 0.0125
1 0.4140625 0.3734375 0.046875 0.0140625
1 0.50078125 0.39140625 0.0390625 0.01875
1 0.47421875 0.30625 0.0453125 0.01875
1 0.3640625 0.29609375 0.04375 0.0140625
1 0.38046875 0.2671875 0.04375 0.0140625
1 0.24921875 0.228125 0.0375 0.0125
1 0.2609375 0.209375 0.015625 0.0109375
1 0.28203125 0.1453125 0.0328125 0.0125
1 0.315625 0.1328125 0.0421875 0.015625
1 0.23828125 0.08203125 0.0375 0.0125
1 0.35859375 0.01953125 0.0421875 0.015625
1 0.415625 0.1109375 0.0453125 0.0203125
1 0.490625 0.18203125 0.0484375 0.015625
0 0.30859375 0.071875 0.009375 0.00625
0 0.334375 0.140625 0.0046875 0.003125
0 0.51171875 0.56640625 0.0078125 0.00625
1 0.08828125 0.634375 0.0546875 0.009375
1 0.103125 0.653125 0.0578125 0.021875
1 0.0921875 0.69921875 0.05 0.01875
1 0.040625 0.74375 0.0546875 0.0203125
1 0.1140625 0.809375 0.0578125 0.01875
1 0.13515625 0.82734375 0.0609375 0.0171875
1 0.09453125 0.8609375 0.0546875 0.01875
1 0.075 0.8703125 0.053125 0.015625
1 0.10078125 0.87890625 0.0625 0.01875
1 0.18046875 0.9234375 0.0625 0.0171875
1 0.2671875 0.93828125 0.0734375 0.021875
1 0.3328125 0.9828125 0.0859375 0.0296875
1 0.4421875 0.96875 0.090625 0.025
1 0.1359375 0.9828125 0.0609375 0.01875
1 0.1328125 0.975 0.0640625 0.015625
1 0.86484375 0.98984375 0.0453125 0.0203125
1 0.95625 0.65625 0.0671875 0.0203125