0 0.05859375 0.1890625 0.00625 0.0125
0 0.57734375 0.22265625 0.00625 0.0125
0 0.55703125 0.06015625 0.00625 0.0125
0 0.39140625 0.08046875 0.0078125 0.009375
0 0.22109375 0.29375 0.0078125 0.009375
1 0.26328125 0.32578125 0.0140625 0.034375
1 0.2296875 0.2546875 0.0140625 0.0421875
1 0.2265625 0.23671875 0.0140625 0.046875
1 0.18984375 0.17265625 0.015625 0.0484375
1 0.15234375 0.09296875 0.0203125 0.0390625
1 0.24140625 0.1 0.01875 0.0453125
1 0.27578125 0.20390625 0.0140625 0.0453125
1 0.30078125 0.18203125 0.0140625 0.0453125
1 0.36796875 0.30078125 0.0140625 0.0375
1 0.38359375 0.28515625 0.0109375 0.015625
1 0.44140625 0.25078125 0.0125 0.0328125
1 0.4453125 0.21484375 0.015625 0.0421875
1 0.5125 0.27890625 0.0140625 0.0390625
1 0.546875 0.14765625 0.015625 0.0421875
1 0.640625 0.159375 0.0140625 0.0390625
1 0.6375 0.034375 0.015625 0.0515625
1 0.4453125 0.1125 0.0203125 0.0453125
1 0.35859375 0.05546875 0.0171875 0.0484375
0 0.50703125 0.2078125 0.00625 0.009375
0 0.434375 0.1984375 0.003125 0.0046875
1 0.89140625 0.00859375 0.0203125 0.0171875
1 0.90078125 0.190625 0.01875 0.0546875
1 0.9390625 0.24453125 0.03125 0.05625
1 0.7140625 0.27734375 0.0171875 0.0484375
1 0.73125 0.28515625 0.0234375 0.0546875
0 0.91796875 0.2359375 0.0078125 0.0125
0 0.54609375 0.84921875 0.0078125 0.0125
1 0.03828125 0.7953125 0.025 0.0546875
1 0.0515625 0.82890625 0.01875 0.0578125
1 0.05 0.91875 0.0171875 0.0484375
1 0.0875 0.94375 0.0140625 0.046875
1 0.20234375 0.96328125 0.015625 0.0390625
1 0.55390625 0.86328125 0.0171875 0.0328125
1 0.26171875 0.8640625 0.0171875 0.0484375
1 0.30859375 0.76875 0.0125 0.05
1 0.29296875 0.8578125 0.0171875 0.0453125
1 0.23203125 0.99140625 0.0109375 0.0171875
1 0.3859375 0.871875 0.0140625 0.053125
1 0.45390625 0.93359375 0.0140625 0.0421875
1 0.62109375 0.77265625 0.01875 0.0546875
1 0.47265625 0.62265625 0.0234375 0.0640625
0 0.94609375 0.93203125 0.0140625 0.0171875
1 0.93203125 0.903125 0.01875 0.05625
1 0.928125 0.9375 0.0203125 0.0609375
1 0.8390625 0.8859375 0.0234375 0.0703125
1 0.8140625 0.6453125 0.0234375 0.0921875
1 0.68984375 0.8703125 0.01875 0.06875
1 0.7796875 0.95703125 0.01875 0.0578125
1 0.77734375 0.9890625 0.0203125 0.021875