1 0.3890625 0.25859375 0.015625 0.053125
1 0.24765625 0.23203125 0.0203125 0.0546875
1 0.24140625 0.33203125 0.021875 0.0578125
1 0.2671875 0.37734375 0.0140625 0.04375
1 0.3390625 0.39296875 0.0140625 0.04375
1 0.23828125 0.43671875 0.0140625 0.040625
1 0.18984375 0.43203125 0.015625 0.0359375
1 0.11796875 0.34921875 0.0171875 0.0515625
1 0.390625 0.31171875 0.01875 0.0484375
1 0.93984375 0.171875 0.01875 0.0578125
1 0.909375 0.26328125 0.0203125 0.05
1 0.878125 0.2046875 0.028125 0.0578125
1 0.725 0.23046875 0.01875 0.053125
1 0.73203125 0.28046875 0.0140625 0.04375
1 0.72578125 0.28125 0.0171875 0.0453125
1 0.696875 0.178125 0.01875 0.0671875
1 0.6328125 0.1390625 0.028125 0.0609375
1 0.5234375 0.05703125 0.0203125 0.0546875
1 0.4296875 0.27265625 0.0140625 0.05
1 0.4671875 0.20078125 0.021875 0.0609375
1 0.5265625 0.178125 0.0171875 0.059375
1 0.54765625 0.26171875 0.0171875 0.0484375
1 0.609375 0.32265625 0.0125 0.0375
1 0.62421875 0.396875 0.0125 0.0375
1 0.74453125 0.37734375 0.0125 0.0328125
1 0.7765625 0.38125 0.0125 0.0328125
1 0.8171875 0.34296875 0.0140625 0.0390625
0 0.8875 0.28046875 0.0125 0.0234375
1 0.57890625 0.19375 0.021875 0.0578125
1 0.28671875 0.990625 0.0234375 0.01875
1 0.2484375 0.95234375 0.028125 0.075
1 0.04375 0.95390625 0.025 0.0609375
1 0.725 0.984375 0.028125 0.03125
1 0.6140625 0.9671875 0.028125 0.065625
1 0.5921875 0.90234375 0.0296875 0.0859375
1 0.4359375 0.978125 0.025 0.04375
1 0.4140625 0.98671875 0.015625 0.0265625
1 0.40859375 0.96328125 0.0171875 0.0734375