1 0.015625 0.00625 0.03125 0.0125
1 0.05859375 0.009375 0.0484375 0.01875
1 0.11015625 0.04296875 0.05 0.015625
1 0.11328125 0.0984375 0.0515625 0.01875
1 0.0953125 0.153125 0.05 0.015625
1 0.22265625 0.13515625 0.0328125 0.0140625
1 0.178125 0.2296875 0.04375 0.0109375
1 0.19140625 0.28046875 0.0390625 0.0140625
1 0.2265625 0.27421875 0.0390625 0.0140625
1 0.12578125 0.28828125 0.0453125 0.0171875
1 0.0859375 0.271875 0.053125 0.015625
1 0.16328125 0.31171875 0.040625 0.0125
1 0.18984375 0.32578125 0.0484375 0.0171875
0 0.13203125 0.125 0.0140625 0.009375
0 0.45 0.009375 0.0125 0.0078125
0 0.61015625 0.0390625 0.009375 0.0078125
0 0.609375 0.10390625 0.0078125 0.0078125
0 0.55859375 0.190625 0.0125 0.0078125
0 0.43046875 0.246875 0.0078125 0.0046875
0 0.6828125 0.15 0.0140625 0.00625
0 0.75078125 0.2109375 0.009375 0.00625
0 0.72734375 0.28125 0.0078125 0.0078125
0 0.61875 0.30546875 0.0046875 0.0046875
0 0.55625 0.4203125 0.0078125 0.00625
0 0.69375 0.4421875 0.0125 0.0046875
0 0.80546875 0.3890625 0.009375 0.0078125
0 0.7921875 0.303125 0.009375 0.0046875
0 0.87265625 0.21640625 0.009375 0.0078125
0 0.834375 0.4671875 0.009375 0.003125
1 0.53671875 0.02421875 0.0484375 0.0203125
1 0.7703125 0.02265625 0.040625 0.0140625
1 0.80390625 0.02734375 0.0359375 0.015625
1 0.84921875 0.16328125 0.0328125 0.0125
1 0.69921875 0.115625 0.0453125 0.01875
1 0.640625 0.2234375 0.0546875 0.0203125
1 0.4578125 0.30703125 0.065625 0.0265625
1 0.4984375 0.4515625 0.0734375 0.025
1 0.7078125 0.3453125 0.0578125 0.01875
1 0.86015625 0.29609375 0.0390625 0.0140625
1 0.8734375 0.34609375 0.0421875 0.0140625
1 0.26484375 0.99140625 0.05 0.015625
1 0.3125 0.990625 0.0125 0.015625
1 0.29453125 0.871875 0.0484375 0.015625
1 0.30546875 0.8703125 0.0265625 0.015625
1 0.25703125 0.92421875 0.05 0.015625
1 0.20859375 0.81796875 0.0578125 0.0203125
1 0.2140625 0.76484375 0.053125 0.0203125
1 0.26953125 0.771875 0.0484375 0.015625
1 0.290625 0.76171875 0.0546875 0.01875
1 0.30546875 0.771875 0.0265625 0.015625
1 0.3 0.7203125 0.0375 0.015625
1 0.3015625 0.71015625 0.034375 0.0203125
1 0.1734375 0.65 0.0609375 0.0234375
1 0.26171875 0.58515625 0.0546875 0.01875
1 0.8734375 0.50546875 0.046875 0.0140625
1 0.815625 0.5875 0.05625 0.015625
1 0.72265625 0.4984375 0.0578125 0.01875
1 0.72578125 0.56015625 0.065625 0.0203125
1 0.81015625 0.678125 0.0546875 0.0171875
1 0.91484375 0.6484375 0.0515625 0.015625
1 0.84765625 0.9359375 0.0578125 0.021875
1 0.7234375 0.76875 0.065625 0.0234375
1 0.70703125 0.88359375 0.0703125 0.0203125
1 0.6953125 0.8890625 0.0671875 0.0203125