1 0.21015625 0.334375 0.053125 0.0140625
1 0.1859375 0.47578125 0.0546875 0.0203125
1 0.2859375 0.48046875 0.0578125 0.0203125
1 0.33046875 0.45390625 0.04375 0.0125
1 0.3453125 0.38125 0.04375 0.0125
1 0.390625 0.48203125 0.040625 0.0125
1 0.38671875 0.5296875 0.0359375 0.015625
1 0.30546875 0.6015625 0.0515625 0.015625
1 0.2640625 0.3296875 0.0484375 0.0203125
1 0.31328125 0.29296875 0.05 0.0140625
1 0.3140625 0.2375 0.0515625 0.0171875
1 0.29453125 0.18359375 0.05 0.0140625
1 0.42265625 0.196875 0.0328125 0.0140625
1 0.37421875 0.10390625 0.04375 0.009375
1 0.3859375 0.053125 0.0375 0.0125
1 0.421875 0.0578125 0.0375 0.0125
1 0.32109375 0.04765625 0.0453125 0.015625
1 0.28125 0.06484375 0.053125 0.0140625
1 0.3578125 0.02265625 0.040625 0.0109375
1 0.3828125 0.00703125 0.046875 0.0140625
0 0.33203125 0.21015625 0.0125 0.009375
0 0.57890625 0.196875 0.015625 0.0078125
0 0.49296875 0.25390625 0.0078125 0.0078125
0 0.5359375 0.425 0.0125 0.0078125
0 0.6375 0.46953125 0.015625 0.0078125
0 0.55859375 0.5078125 0.0109375 0.00625
0 0.63125 0.5671875 0.0109375 0.0078125
0 0.5796875 0.35 0.0125 0.0078125
1 0.6421875 0.28984375 0.0609375 0.0171875
1 0.56796875 0.30625 0.0546875 0.0203125
1 0.51171875 0.3359375 0.028125 0.0203125
1 0.62890625 0.353125 0.0546875 0.0203125
1 0.7359375 0.4234375 0.0453125 0.015625
1 0.678125 0.57421875 0.04375 0.0125
1 0.575 0.54296875 0.046875 0.0140625
1 0.5765625 0.5671875 0.0546875 0.01875
0 0.56328125 0.07890625 0.0125 0.0078125
0 0.61484375 0.07265625 0.0125 0.00625
1 0.65234375 0.0296875 0.0578125 0.01875
0 0.32109375 0.64375 0.01875 0.0109375
1 0.34609375 0.62109375 0.0921875 0.0234375
1 0.4609375 0.7234375 0.05625 0.021875
1 0.80390625 0.6875 0.0703125 0.0234375
1 0.66171875 0.88125 0.0734375 0.025
1 0.92734375 0.83828125 0.0484375 0.015625
1 0.92734375 0.82421875 0.05625 0.0140625
1 0.86484375 0.96328125 0.0546875 0.01875
1 0.81875 0.93203125 0.0671875 0.021875