1 0.29296875 0.0671875 0.0234375 0.0609375
1 0.19921875 0.30546875 0.025 0.0734375
1 0.121875 0.32265625 0.028125 0.0734375
1 0.109375 0.1234375 0.0203125 0.0578125
1 0.04375 0.09921875 0.0171875 0.0640625
1 0.4390625 0.175 0.0125 0.053125
1 0.3421875 0.28671875 0.00625 0.0734375
1 0.40234375 0.33203125 0.0265625 0.0546875
1 0.540625 0.3203125 0.021875 0.078125
1 0.65546875 0.27890625 0.021875 0.0671875
1 0.803125 0.34453125 0.021875 0.0296875
1 0.81875 0.34765625 0.01875 0.0234375
1 0.8484375 0.32265625 0.021875 0.0734375
1 0.7859375 0.3125 0.0109375 0.053125
1 0.775 0.340625 0.028125 0.0375
1 0.765625 0.3109375 0.0171875 0.0609375
1 0.74765625 0.31484375 0.021875 0.0671875
1 0.753125 0.33359375 0.01875 0.0515625
1 0.73125 0.33203125 0.015625 0.0546875
1 0.7234375 0.32890625 0.015625 0.0609375
1 0.23828125 0.81953125 0.025 0.0671875
1 0.21875 0.63203125 0.015625 0.0453125
1 0.12734375 0.8859375 0.021875 0.0640625
1 0.0515625 0.8828125 0.01875 0.0640625
1 0.06640625 0.76640625 0.01875 0.0515625
1 0.08671875 0.675 0.0171875 0.0484375
0 0.79453125 0.6640625 0.009375 0.015625
1 0.3828125 0.6671875 0.01875 0.0578125
1 0.434375 0.63125 0.0140625 0.0484375
1 0.46328125 0.5859375 0.0125 0.040625
1 0.44609375 0.728125 0.0203125 0.0546875
1 0.60703125 0.6671875 0.0203125 0.0546875
1 0.5953125 0.62109375 0.0140625 0.05
1 0.59921875 0.5671875 0.0125 0.046875
1 0.57578125 0.5984375 0.0140625 0.053125
1 0.53984375 0.58828125 0.015625 0.046875
1 0.45546875 0.53671875 0.009375 0.0375
1 0.38203125 0.5734375 0.0140625 0.0421875
1 0.38828125 0.54765625 0.0125 0.034375
1 0.7984375 0.80390625 0.0234375 0.0671875
1 0.8078125 0.64140625 0.015625 0.0515625
1 0.7078125 0.6265625 0.0140625 0.046875
1 0.66796875 0.5578125 0.009375 0.040625