1 0.71171875 0.35234375 0.090625 0.0375
1 0.590625 0.2 0.084375 0.0359375
1 0.4734375 0.20234375 0.0671875 0.0296875
1 0.4125 0.2625 0.0609375 0.0234375
1 0.275 0.15859375 0.0625 0.028125
1 0.2703125 0.134375 0.059375 0.028125
1 0.2109375 0.11015625 0.0671875 0.0296875
1 0.09375 0.1515625 0.0484375 0.01875
1 0.01875 0.18046875 0.0375 0.0171875
1 0.0890625 0.3046875 0.0453125 0.0171875
1 0.259375 0.36015625 0.0546875 0.025
1 0.29453125 0.37734375 0.0578125 0.0234375
0 0.22421875 0.17109375 0.028125 0.0171875
1 0.9328125 0.00546875 0.034375 0.0109375
1 0.96796875 0.00546875 0.0359375 0.0109375
1 0.96640625 0.034375 0.0421875 0.01875
1 0.99375 0.0875 0.0125 0.01875
1 0.96796875 0.16328125 0.03125 0.0109375
1 0.99296875 0.2484375 0.0140625 0.0125
1 0.49296875 0.51875 0.034375 0.0125
1 0.3609375 0.5546875 0.025 0.0125
1 0.39921875 0.55234375 0.0265625 0.0078125
1 0.4078125 0.56171875 0.03125 0.0109375
1 0.41171875 0.58828125 0.0296875 0.0125
1 0.36171875 0.60625 0.025 0.0109375
1 0.36953125 0.67890625 0.021875 0.009375
1 0.478125 0.61171875 0.0328125 0.0125
1 0.4890625 0.6640625 0.034375 0.0125
1 0.51484375 0.7046875 0.0265625 0.0109375
1 0.47265625 0.75859375 0.0296875 0.0140625
1 0.52890625 0.81796875 0.0390625 0.0140625
1 0.37265625 0.79140625 0.021875 0.00625
1 0.37890625 0.75390625 0.0296875 0.0125
1 0.41484375 0.79453125 0.021875 0.0078125
1 0.421875 0.79921875 0.021875 0.009375
1 0.45625 0.83203125 0.025 0.0125
1 0.47421875 0.840625 0.0296875 0.0109375
1 0.41875 0.67734375 0.028125 0.0109375
0 0.43359375 0.678125 0.009375 0.00625