1 0.55703125 0.14765625 0.0828125 0.028125
1 0.44296875 0.121875 0.0671875 0.0234375
1 0.36953125 0.16640625 0.0609375 0.01875
1 0.26171875 0.03203125 0.0609375 0.0234375
1 0.26171875 0.00859375 0.0578125 0.0171875
1 0.0453125 0.12890625 0.04375 0.0125
1 0.196875 0.2234375 0.0546875 0.01875
1 0.22734375 0.24921875 0.0578125 0.01875
1 0.24609375 0.31015625 0.0609375 0.01875
1 0.253125 0.35625 0.059375 0.015625
1 0.084375 0.3578125 0.046875 0.015625
1 0.046875 0.375 0.0453125 0.0171875
1 0.12265625 0.490625 0.0609375 0.0234375
1 0.3625 0.5796875 0.0734375 0.0234375
1 0.3859375 0.65625 0.0828125 0.0296875
1 0.18203125 0.6734375 0.0578125 0.01875
1 0.159375 0.7390625 0.0625 0.0171875
0 0.20859375 0.03203125 0.028125 0.0140625
1 0.7390625 0.83671875 0.08125 0.0046875
1 0.69921875 0.590625 0.065625 0.0171875
1 0.6046875 0.5140625 0.009375 0.0125
1 0.60390625 0.3375 0.0078125 0.015625
1 0.6140625 0.2859375 0.028125 0.0125
1 0.6234375 0.28203125 0.046875 0.0125
1 0.61484375 0.253125 0.0296875 0.015625
1 0.6640625 0.184375 0.046875 0.0140625
1 0.7 0.27578125 0.0578125 0.0203125
1 0.72421875 0.18359375 0.046875 0.015625
1 0.7546875 0.14765625 0.0609375 0.0203125
1 0.9453125 0.3484375 0.0921875 0.025
1 0.096875 0.8953125 0.0546875 0.01875
1 0.05078125 0.9078125 0.05 0.0125
1 0.01015625 0.90390625 0.0203125 0.0109375
1 0.02890625 0.928125 0.053125 0.0125
1 0.02109375 0.96328125 0.0421875 0.0140625
1 0.85859375 0.915625 0.0734375 0.028125
1 0.7453125 0.99453125 0.065625 0.0109375
1 0.73046875 0.90390625 0.05625 0.015625
1 0.65625 0.88984375 0.040625 0.0125
1 0.64609375 0.91875 0.0453125 0.0125
1 0.6078125 0.8671875 0.015625 0.009375
1 0.634375 0.9953125 0.046875 0.009375