1 0.03828125 0.00703125 0.0515625 0.0140625
1 0.0078125 0.01015625 0.015625 0.0140625
1 0.19765625 0.003125 0.0796875 0.00625
1 0.190625 0.15703125 0.0578125 0.021875
1 0.1453125 0.1640625 0.0546875 0.0171875
1 0.1109375 0.15546875 0.0640625 0.0203125
1 0.09765625 0.14140625 0.0625 0.0203125
1 0.0625 0.1421875 0.0546875 0.0171875
1 0.0421875 0.11875 0.0453125 0.015625
1 0.0265625 0.1296875 0.0421875 0.015625
1 0.0765625 0.2109375 0.0515625 0.01875
1 0.1125 0.22890625 0.0578125 0.01875
1 0.11640625 0.2578125 0.0578125 0.0171875
1 0.19609375 0.27890625 0.06875 0.021875
1 0.8828125 0.01171875 0.0359375 0.0171875
1 0.84375 0.1015625 0.0453125 0.0171875
1 0.84609375 0.1984375 0.03125 0.0140625
1 0.859375 0.23203125 0.040625 0.0125
1 0.8578125 0.24921875 0.0484375 0.015625
1 0.878125 0.26328125 0.0421875 0.01875
1 0.90859375 0.31796875 0.0453125 0.015625
1 0.9296875 0.184375 0.0484375 0.015625
1 0.88828125 0.196875 0.05 0.015625
1 0.88359375 0.22265625 0.0390625 0.0140625
1 0.8859375 0.17421875 0.0390625 0.0140625
1 0.93125 0.13515625 0.04375 0.0140625
1 0.9203125 0.134375 0.0390625 0.0140625
1 0.8921875 0.084375 0.0453125 0.0171875
1 0.96875 0.04375 0.0625 0.021875
1 0.20390625 0.715625 0.0796875 0.0296875
1 0.4578125 0.62734375 0.0625 0.0390625
1 0.13515625 0.65703125 0.0765625 0.028125
1 0.1328125 0.6890625 0.0859375 0.0265625
1 0.08203125 0.68984375 0.0609375 0.025
1 0.06015625 0.67109375 0.0609375 0.0265625
1 0.04453125 0.79921875 0.065625 0.0296875
1 0.06484375 0.84609375 0.0640625 0.0234375
1 0.02578125 0.9078125 0.0515625 0.021875
0 0.8703125 0.4796875 0.009375 0.00625
0 0.946875 0.72265625 0.0125 0.0078125
0 0.99609375 0.7953125 0.0078125 0.009375
0 0.90234375 0.94140625 0.0125 0.00625
0 0.8078125 0.9 0.009375 0.0078125
0 0.75859375 0.84765625 0.0140625 0.009375
0 0.72265625 0.628125 0.009375 0.0078125
0 0.7234375 0.44453125 0.0125 0.0078125
1 0.85 0.628125 0.075 0.03125
1 0.81015625 0.6953125 0.0734375 0.028125
1 0.74765625 0.659375 0.0609375 0.01875
1 0.7171875 0.6734375 0.0546875 0.0203125
1 0.66171875 0.64453125 0.0546875 0.0171875
1 0.66328125 0.55859375 0.05 0.01875
1 0.709375 0.5265625 0.0515625 0.0171875
1 0.74296875 0.5265625 0.0546875 0.0203125
1 0.71796875 0.5578125 0.0578125 0.0203125
1 0.77109375 0.74609375 0.0703125 0.021875
1 0.78984375 0.70546875 0.0625 0.0203125
1 0.7140625 0.76875 0.0546875 0.0203125
1 0.82109375 0.86171875 0.0765625 0.0234375
1 0.840625 0.946875 0.0734375 0.0234375
1 0.97265625 0.965625 0.0546875 0.025
1 0.6703125 0.6796875 0.0484375 0.01875
0 0.9734375 0.99921875 0.0125 0.0015625
0 0.875 0.7203125 0.0140625 0.00625