0 0.3453125 0.30625 0.009375 0.009375
1 0.29375 0.321875 0.053125 0.015625
1 0.32890625 0.32109375 0.0421875 0.0140625
1 0.334375 0.26640625 0.03125 0.0171875
1 0.32421875 0.2 0.0515625 0.015625
1 0.28515625 0.20234375 0.0359375 0.015625
1 0.2875 0.109375 0.05 0.0140625
1 0.2453125 0.11171875 0.0375 0.0109375
1 0.271875 0.0015625 0.04375 0.003125
1 0.40546875 0.36484375 0.0375 0.0140625
1 0.4578125 0.41640625 0.046875 0.01875
1 0.459375 0.42578125 0.059375 0.0078125
1 0.5625 0.40078125 0.0640625 0.0296875
1 0.41484375 0.321875 0.053125 0.0171875
1 0.36171875 0.22421875 0.0234375 0.0109375
1 0.409375 0.21171875 0.053125 0.015625
1 0.46328125 0.21484375 0.05 0.015625
1 0.44296875 0.18125 0.04375 0.0109375
1 0.39609375 0.184375 0.046875 0.0109375
1 0.41875 0.12421875 0.04375 0.0140625
1 0.44921875 0.0796875 0.05 0.0140625
1 0.4390625 0.06875 0.05 0.0171875
1 0.0828125 0.453125 0.071875 0.021875
1 0.040625 0.45390625 0.071875 0.0203125
1 0.0171875 0.5015625 0.034375 0.01875
1 0.01796875 0.62578125 0.0359375 0.0140625
1 0.0109375 0.55546875 0.021875 0.0171875
1 0.0953125 0.5203125 0.065625 0.0140625
1 0.11875 0.528125 0.0625 0.01875
1 0.009375 0.82734375 0.01875 0.0171875
1 0.67421875 0.96171875 0.046875 0.0109375
1 0.8671875 0.96015625 0.071875 0.015625
1 0.7671875 0.9 0.0546875 0.0171875
1 0.7171875 0.84453125 0.05625 0.0140625
1 0.71953125 0.821875 0.053125 0.0125
1 0.675 0.76953125 0.046875 0.015625
1 0.73515625 0.725 0.059375 0.0140625
1 0.64453125 0.7 0.04375 0.0109375
1 0.61875 0.646875 0.0375 0.0109375
1 0.60390625 0.609375 0.03125 0.009375
1 0.625 0.61953125 0.03125 0.0109375
1 0.64453125 0.62734375 0.04375 0.0078125
1 0.62421875 0.59375 0.0359375 0.0109375
1 0.6984375 0.61640625 0.05 0.0109375
1 0.675 0.52265625 0.046875 0.0109375
1 0.7421875 0.48125 0.053125 0.0140625
1 0.85859375 0.46328125 0.0671875 0.0140625