0 0.13828125 0.06484375 0.0109375 0.01875
1 0.1296875 0.0171875 0.01875 0.034375
1 0.12734375 0.04609375 0.0171875 0.0484375
1 0.1109375 0.21796875 0.025 0.0828125
1 0.1796875 0.06484375 0.0203125 0.0546875
1 0.24765625 0.05546875 0.01875 0.0578125
1 0.25078125 0.015625 0.0171875 0.03125
1 0.3421875 0.0265625 0.0171875 0.0515625
1 0.33828125 0.1875 0.021875 0.0796875
1 0.50078125 0.17109375 0.01875 0.0578125
1 0.50625 0.125 0.0140625 0.0546875
1 0.4953125 0.09140625 0.0171875 0.0640625
1 0.48125 0.07890625 0.0171875 0.0625
1 0.47890625 0.04375 0.0140625 0.053125
1 0.4546875 0.025 0.0125 0.04375
1 0.4640625 0.0140625 0.0125 0.028125
1 0.54921875 0.0546875 0.0171875 0.0515625
1 0.56484375 0.0890625 0.0078125 0.05625
1 0.975 0.2671875 0.028125 0.0703125
1 0.9734375 0.1890625 0.01875 0.0671875
1 0.99375 0.18828125 0.0125 0.0546875
1 0.915625 0.1109375 0.015625 0.0421875
1 0.86875 0.11875 0.0140625 0.05
1 0.81796875 0.1453125 0.015625 0.05
1 0.74296875 0.23828125 0.0203125 0.0515625
1 0.7859375 0.2515625 0.01875 0.0703125
0 0.8296875 0.1953125 0.0078125 0.0109375
0 0.90390625 0.1765625 0.0078125 0.0109375
1 0.09921875 0.5046875 0.0171875 0.0640625
1 0.109375 0.42734375 0.0140625 0.0484375
1 0.1 0.41796875 0.0171875 0.046875
1 0.21484375 0.43125 0.0140625 0.046875
1 0.16328125 0.4625 0.0140625 0.05625
1 0.1515625 0.4671875 0.0171875 0.05
1 0.17890625 0.49296875 0.0140625 0.053125
1 0.353125 0.58515625 0.01875 0.0609375
1 0.440625 0.47265625 0.0140625 0.0484375
1 0.5390625 0.57109375 0.01875 0.0578125
1 0.3515625 0.44765625 0.0125 0.04375
1 0.32578125 0.46953125 0.0171875 0.05625
1 0.2984375 0.4765625 0.015625 0.053125
1 0.29140625 0.50234375 0.015625 0.05625
1 0.24921875 0.46875 0.0140625 0.046875
1 0.2359375 0.45546875 0.009375 0.04375
1 0.24375 0.45234375 0.0140625 0.053125
1 0.20234375 0.5484375 0.015625 0.0625
1 0.18515625 0.54140625 0.0140625 0.059375
0 0.6234375 0.753125 0.0078125 0.0125
0 0.7109375 0.6171875 0.0078125 0.0171875
0 0.75 0.66875 0.0078125 0.009375
0 0.76640625 0.7421875 0.009375 0.0125
0 0.775 0.83515625 0.0078125 0.0171875
0 0.8796875 0.76796875 0.0078125 0.0125
0 0.90546875 0.66875 0.00625 0.0109375
0 0.99140625 0.68125 0.0078125 0.0109375
1 0.72265625 0.50390625 0.0140625 0.053125
1 0.6875 0.540625 0.015625 0.046875
1 0.62578125 0.640625 0.01875 0.0484375
1 0.65078125 0.69296875 0.0265625 0.0609375
1 0.87265625 0.66640625 0.0203125 0.0671875
1 0.76953125 0.6078125 0.0203125 0.0515625
1 0.7890625 0.56328125 0.0171875 0.0484375
1 0.78984375 0.54453125 0.0109375 0.04375
1 0.759375 0.53203125 0.0140625 0.053125
1 0.74609375 0.5328125 0.0140625 0.05625
1 0.82109375 0.51015625 0.015625 0.05
1 0.82421875 0.52265625 0.0171875 0.0484375
1 0.84921875 0.4875 0.0125 0.040625
1 0.9328125 0.56640625 0.0171875 0.0484375
1 0.97421875 0.56484375 0.0203125 0.0578125