1 0.325 0.33984375 0.0703125 0.01875
1 0.16796875 0.20859375 0.0515625 0.0125
1 0.125 0.14609375 0.05 0.0109375
1 0.10390625 0.1265625 0.040625 0.0109375
1 0.07734375 0.1015625 0.0375 0.009375
1 0.03203125 0.11328125 0.0296875 0.0078125
1 0.02890625 0.128125 0.03125 0.0078125
1 0.07578125 0.15859375 0.03125 0.0078125
1 0.0765625 0.21640625 0.034375 0.0109375
1 0.08515625 0.29609375 0.04375 0.0109375
1 0.01328125 0.00703125 0.025 0.0078125
0 0.60546875 0.05859375 0.009375 0.0046875
0 0.6828125 0.22421875 0.009375 0.00625
0 0.63359375 0.2921875 0.009375 0.0046875
1 0.59140625 0.36328125 0.059375 0.0171875
1 0.74765625 0.01875 0.0734375 0.0234375
1 0.6828125 0.0515625 0.0734375 0.0296875
1 0.71796875 0.090625 0.0734375 0.0203125
1 0.57890625 0.1890625 0.0390625 0.015625
1 0.56796875 0.2171875 0.0171875 0.0125
1 0.09921875 0.39296875 0.021875 0.0125
1 0.21484375 0.62734375 0.034375 0.009375
1 0.07890625 0.64921875 0.0234375 0.009375
1 0.11796875 0.65078125 0.0265625 0.0046875
1 0.12578125 0.6609375 0.03125 0.0078125
1 0.1265625 0.68828125 0.028125 0.009375
1 0.075 0.7 0.025 0.0078125
1 0.07421875 0.7734375 0.021875 0.0078125
1 0.18984375 0.71796875 0.0328125 0.0078125
1 0.1953125 0.77109375 0.034375 0.009375
1 0.21640625 0.8140625 0.0265625 0.0078125
1 0.16953125 0.86328125 0.028125 0.0109375
1 0.21875 0.928125 0.0375 0.0109375
1 0.065625 0.8859375 0.021875 0.0046875
1 0.0765625 0.84921875 0.028125 0.009375
1 0.1078125 0.89296875 0.021875 0.00625
1 0.11484375 0.8984375 0.021875 0.0078125
1 0.1453125 0.93515625 0.0234375 0.009375
1 0.16171875 0.9453125 0.0296875 0.0078125
1 0.12421875 0.77734375 0.028125 0.0078125
0 0.13828125 0.7796875 0.009375 0.0046875
0 0.94453125 0.815625 0.0125 0.0078125
0 0.9109375 0.4609375 0.015625 0.0078125
0 0.85078125 0.4125 0.0109375 0.00625
0 0.83515625 0.58359375 0.0125 0.0078125
1 0.76015625 0.590625 0.040625 0.0125
0 0.76015625 0.7265625 0.0109375 0.0046875
0 0.8453125 0.7453125 0.009375 0.0046875
0 0.778125 0.87265625 0.0109375 0.003125
0 0.7625 0.97109375 0.0125 0.0078125
0 0.978125 0.9890625 0.0125 0.00625
0 0.8765625 0.9265625 0.0125 0.0078125
0 0.96953125 0.6875 0.0125 0.00625
1 0.83203125 0.3984375 0.05 0.0140625
1 0.88984375 0.4140625 0.053125 0.0125
1 0.884375 0.61015625 0.05625 0.0125
1 0.8921875 0.66953125 0.053125 0.0125
1 0.8734375 0.76953125 0.046875 0.0140625
1 0.796875 0.809375 0.046875 0.0078125
1 0.6875 0.79140625 0.04375 0.009375
1 0.8359375 0.8546875 0.04375 0.0125
1 0.8671875 0.95859375 0.046875 0.0125