1 0.35625 0.0390625 0.0109375 0.053125
1 0.33984375 0.0453125 0.0109375 0.05
1 0.009375 0.875 0.015625 0.046875
1 0.1234375 0.778125 0.0125 0.05625
1 0.14453125 0.73984375 0.00625 0.034375
1 0.10234375 0.6390625 0.0109375 0.05
1 0.1453125 0.575 0.009375 0.040625
1 0.25 0.7296875 0.009375 0.0375
1 0.3359375 0.8890625 0.0140625 0.05
1 0.00234375 0.653125 0.0046875 0.046875
1 0.32265625 0.95234375 0.0140625 0.05
0 0.03515625 0.7578125 0.00625 0.009375
0 0.05859375 0.94296875 0.00625 0.0109375
0 0.159375 0.9953125 0.00625 0.009375
0 0.2203125 0.9453125 0.00625 0.009375
0 0.29765625 0.75859375 0.00625 0.00625
0 0.25 0.59453125 0.00625 0.0140625
0 0.34296875 0.61796875 0.00625 0.0109375
0 0.37421875 0.73984375 0.003125 0.0109375
0 0.41015625 0.8515625 0.00625 0.0140625
0 0.47421875 0.80078125 0.00625 0.0125
0 0.43046875 0.68125 0.00625 0.0109375
1 0.57109375 0.41171875 0.0234375 0.0640625
1 0.62265625 0.40234375 0.0171875 0.0453125
1 0.63046875 0.39921875 0.0140625 0.0390625
1 0.64140625 0.3953125 0.0203125 0.03125
1 0.6703125 0.396875 0.01875 0.034375
1 0.7265625 0.3953125 0.01875 0.03125
1 0.69921875 0.446875 0.0171875 0.05625
1 0.77421875 0.4078125 0.0140625 0.05625
1 0.7828125 0.459375 0.0171875 0.059375
1 0.91015625 0.509375 0.015625 0.06875
1 0.99140625 0.46328125 0.0140625 0.06875
1 0.896875 0.390625 0.01875 0.021875
1 0.8734375 0.6078125 0.0234375 0.084375