1 0.13828125 0.38046875 0.0109375 0.0515625
1 0.2046875 0.4171875 0.009375 0.05
1 0.2265625 0.4359375 0.009375 0.040625
1 0.2546875 0.459375 0.0078125 0.0375
1 0.24765625 0.50546875 0.0078125 0.0296875
1 0.2328125 0.5109375 0.0078125 0.03125
1 0.19765625 0.46796875 0.0078125 0.03125
1 0.13984375 0.47265625 0.009375 0.034375
1 0.059375 0.47265625 0.009375 0.04375
1 0.40703125 0.31953125 0.0109375 0.053125
1 0.42265625 0.3125 0.0109375 0.05
1 0.41015625 0.4078125 0.0109375 0.05
1 0.4375 0.415625 0.0125 0.040625
1 0.45703125 0.403125 0.0109375 0.040625
1 0.45625 0.44296875 0.0109375 0.0390625
1 0.41796875 0.46875 0.0109375 0.034375
1 0.3546875 0.5140625 0.0078125 0.025
1 0.64921875 0.29296875 0.0109375 0.034375
1 0.96875 0.1875 0.0078125 0.0265625
1 0.92421875 0.23984375 0.0109375 0.028125
1 0.8546875 0.19765625 0.009375 0.0375
1 0.91328125 0.3453125 0.003125 0.021875
1 0.9484375 0.33046875 0.009375 0.028125
1 0.9015625 0.30390625 0.0046875 0.021875
1 0.8953125 0.29765625 0.00625 0.021875
1 0.85625 0.27109375 0.009375 0.0234375
1 0.84375 0.25625 0.0078125 0.0296875
0 0.765625 0.68046875 0.0140625 0.0234375
1 0.9859375 0.64296875 0.0171875 0.065625
1 0.7625 0.6078125 0.01875 0.015625
1 0.7859375 0.678125 0.0140625 0.0640625
1 0.78828125 0.71015625 0.0140625 0.053125
1 0.62265625 0.6234375 0.0140625 0.046875