0 0.3609375 0.33515625 0.0296875 0.0140625
1 0.1796875 0.59921875 0.05625 0.015625
1 0.1875 0.53515625 0.0640625 0.021875
1 0.04921875 0.32578125 0.0609375 0.021875
1 0.08515625 0.18515625 0.05625 0.015625
1 0.23984375 0.13984375 0.0765625 0.0171875
1 0.23203125 0.121875 0.0765625 0.0203125
1 0.2046875 0.3234375 0.0609375 0.01875
1 0.278125 0.40625 0.0703125 0.0203125
1 0.396875 0.421875 0.08125 0.025
1 0.33125 0.23515625 0.065625 0.015625
1 0.31484375 0.20703125 0.071875 0.015625
1 0.30703125 0.33984375 0.0546875 0.0203125
1 0.96796875 0.234375 0.0640625 0.025
1 0.94375 0.653125 0.065625 0.0125
1 0.73671875 0.63203125 0.046875 0.0125
1 0.75234375 0.615625 0.053125 0.015625
1 0.6921875 0.54453125 0.0390625 0.0109375
1 0.84453125 0.51640625 0.059375 0.0140625
1 0.865625 0.4859375 0.0390625 0.015625
1 0.846875 0.48671875 0.0515625 0.015625
1 0.8609375 0.41328125 0.053125 0.0171875
1 0.80234375 0.42265625 0.046875 0.0125
1 0.74375 0.3453125 0.046875 0.0125
1 0.70703125 0.30390625 0.040625 0.0109375
1 0.74453125 0.29375 0.0515625 0.015625
1 0.771875 0.234375 0.046875 0.0125
1 0.77109375 0.21953125 0.0515625 0.015625
1 0.81875 0.165625 0.05625 0.015625
0 0.94765625 0.47890625 0.021875 0.0140625
0 0.30625 0.83515625 0.025 0.0109375
1 0.28046875 0.83046875 0.0515625 0.025
1 0.14296875 0.9421875 0.05 0.015625
1 0.2796875 0.78046875 0.05 0.01875
1 0.39453125 0.715625 0.0640625 0.0203125
1 0.12734375 0.67578125 0.046875 0.01875
1 0.1609375 0.665625 0.04375 0.0125
0 0.9640625 0.72265625 0.025 0.0140625
1 0.8453125 0.66640625 0.078125 0.0140625
1 0.92265625 0.778125 0.0859375 0.0328125
1 0.89921875 0.80859375 0.0703125 0.028125
1 0.98125 0.84921875 0.0375 0.0328125
1 0.89140625 0.9484375 0.109375 0.0296875
1 0.921875 0.91015625 0.1046875 0.03125
1 0.68125 0.9390625 0.09375 0.0234375
1 0.65625 0.87265625 0.0859375 0.0265625
1 0.56171875 0.8015625 0.0234375 0.01875