0 0.046875 0.1734375 0.03125 0.01875
1 0.1734375 0.675 0.075 0.028125
1 0.1703125 0.55546875 0.08125 0.034375
1 0.378125 0.55859375 0.0796875 0.0390625
1 0.34453125 0.48125 0.059375 0.03125
1 0.275 0.39765625 0.0578125 0.025
1 0.2546875 0.33671875 0.065625 0.0328125
1 0.46640625 0.28671875 0.0453125 0.0265625
1 0.44375 0.178125 0.0515625 0.0234375
1 0.35078125 0.1046875 0.0625 0.0328125
1 0.4703125 0.06796875 0.0375 0.0234375
1 0.42734375 0.0140625 0.0546875 0.0265625
1 0.19765625 0.13203125 0.0625 0.0296875
1 0.14140625 0.22734375 0.0703125 0.0328125
1 0.034375 0.26484375 0.06875 0.0390625
1 0.05625 0.06953125 0.0671875 0.028125
1 0.0671875 0.0390625 0.0734375 0.0296875
1 0.1 0.1671875 0.05625 0.0296875
1 0.4953125 0.56640625 0.0125 0.0234375
1 0.49921875 0.53671875 0.0203125 0.0234375
1 0.60546875 0.4890625 0.0390625 0.021875
1 0.49921875 0.23125 0.0203125 0.025
1 0.51328125 0.203125 0.034375 0.0140625
1 0.62109375 0.22109375 0.0515625 0.021875
1 0.67421875 0.1640625 0.0421875 0.01875
1 0.50390625 0.096875 0.0296875 0.01875
1 0.59765625 0.46640625 0.04375 0.01875
1 0.5828125 0.4078125 0.0421875 0.01875
1 0.6796875 0.4078125 0.0390625 0.01875
1 0.63046875 0.325 0.0484375 0.0203125
0 0.5359375 0.4703125 0.015625 0.0109375
0 0.571875 0.55625 0.0140625 0.009375
0 0.70625 0.46640625 0.0140625 0.0078125
0 0.73515625 0.31953125 0.0171875 0.009375
0 0.52109375 0.3125 0.0109375 0.0078125
0 0.63125 0.0671875 0.015625 0.009375
1 0.43046875 0.96640625 0.0796875 0.0375
1 0.31796875 0.8578125 0.0875 0.0453125
1 0.440625 0.85390625 0.06875 0.034375
1 0.51171875 0.984375 0.0453125 0.03125
1 0.646875 0.96875 0.0546875 0.0265625
1 0.77734375 0.88671875 0.0484375 0.0203125
1 0.803125 0.8484375 0.05 0.0234375
1 0.8375 0.8390625 0.0390625 0.021875
1 0.878125 0.784375 0.0421875 0.021875
1 0.8734375 0.775 0.0453125 0.0234375
1 0.89765625 0.73984375 0.0328125 0.0203125
1 0.74921875 0.77890625 0.05 0.0265625
1 0.81796875 0.74296875 0.0453125 0.0234375
1 0.64765625 0.7296875 0.0609375 0.0296875