0 0.265625 0.33203125 0.03125 0.0171875
1 0.36640625 0.034375 0.0265625 0.021875
1 0.36875 0.09765625 0.021875 0.0296875
1 0.33046875 0.24453125 0.0703125 0.028125
1 0.2109375 0.25546875 0.08125 0.034375
1 0.31640625 0.42265625 0.0671875 0.0234375
1 0.3390625 0.446875 0.0734375 0.025
1 0.31640625 0.315625 0.0546875 0.0265625
0 0.42578125 0.31484375 0.021875 0.0125
1 0.93984375 0.275 0.0359375 0.0171875
1 0.8640625 0.246875 0.0484375 0.0125
1 0.771875 0.309375 0.0484375 0.0171875
1 0.8046875 0.409375 0.0484375 0.01875
1 0.73515625 0.29140625 0.05 0.0171875
1 0.66640625 0.52421875 0.053125 0.025
1 0.6 0.5234375 0.0515625 0.0171875
1 0.46015625 0.3140625 0.0671875 0.021875
1 0.48359375 0.25703125 0.0609375 0.025
1 0.38984375 0.15390625 0.0203125 0.0203125
1 0.4453125 0.06796875 0.046875 0.0234375
1 0.61484375 0.18203125 0.05 0.0203125
1 0.61875 0.2 0.046875 0.0234375
1 0.8453125 0.05234375 0.0359375 0.015625
1 0.83671875 0.14609375 0.0359375 0.0203125
1 0.75546875 0.09140625 0.0453125 0.0203125
1 0.74921875 0.03203125 0.0375 0.0171875
1 0.74453125 0.00703125 0.0421875 0.0140625
1 0.61875 0.01328125 0.0421875 0.01875
1 0.04921875 0.6734375 0.059375 0.0203125
1 0.07109375 0.6796875 0.05625 0.0234375
1 0.03671875 0.6984375 0.0609375 0.021875
1 0.15625 0.6875 0.0484375 0.0234375
1 0.19609375 0.671875 0.0453125 0.0171875
1 0.22109375 0.73046875 0.0390625 0.0171875
1 0.17265625 0.75 0.0546875 0.01875
1 0.178125 0.7890625 0.0453125 0.0171875
1 0.21953125 0.93046875 0.0484375 0.0171875
1 0.2875 0.97265625 0.040625 0.0125
1 0.29453125 0.96875 0.0453125 0.0171875
1 0.29921875 0.99453125 0.0296875 0.0109375
0 0.65859375 0.9734375 0.0140625 0.0078125
0 0.74296875 0.8140625 0.0140625 0.009375
0 0.81796875 0.959375 0.009375 0.0078125
0 0.79375 0.996875 0.0109375 0.00625
1 0.63359375 0.8109375 0.0515625 0.025
1 0.678125 0.9875 0.0515625 0.0234375
1 0.68359375 0.8546875 0.0453125 0.0234375
1 0.7140625 0.90234375 0.0390625 0.01875
1 0.6984375 0.7828125 0.0421875 0.0171875
1 0.5578125 0.7390625 0.0640625 0.0265625
1 0.765625 0.68125 0.0328125 0.0140625
1 0.78203125 0.85625 0.0359375 0.015625
1 0.80703125 0.875 0.0359375 0.015625
1 0.815625 0.92265625 0.0296875 0.0109375