1 0.21484375 0.3328125 0.03125 0.0625
1 0.1484375 0.31875 0.025 0.0625
1 0.1359375 0.51640625 0.0203125 0.0484375
1 0.01953125 0.4671875 0.021875 0.0484375
0 0.88828125 0.47890625 0.0125 0.015625
1 0.43125 0.24609375 0.0265625 0.0703125
1 0.453125 0.36328125 0.0203125 0.053125
1 0.54296875 0.38125 0.0203125 0.0546875
1 0.565625 0.33671875 0.028125 0.0609375
1 0.61796875 0.27109375 0.021875 0.0609375
1 0.65078125 0.35078125 0.0234375 0.0578125
1 0.69140625 0.425 0.01875 0.0421875
1 0.6671875 0.46875 0.0171875 0.0390625
1 0.62578125 0.43515625 0.01875 0.0421875
1 0.57890625 0.425 0.021875 0.0453125
1 0.78046875 0.28203125 0.03125 0.0640625
1 0.91171875 0.43984375 0.0234375 0.0578125
1 0.93515625 0.475 0.0203125 0.0421875
1 0.8890625 0.50625 0.015625 0.0375
1 0.9140625 0.55390625 0.0140625 0.0390625
1 0.98515625 0.5390625 0.0140625 0.0359375
1 0.9921875 0.51328125 0.015625 0.0484375
1 0.2015625 0.9640625 0.015625 0.0328125
1 0.39765625 0.98984375 0.0046875 0.0203125
1 0.396875 0.9828125 0.00625 0.025
1 0.92578125 0.971875 0.0390625 0.05625
1 0.903125 0.778125 0.04375 0.0875
1 0.68671875 0.7296875 0.040625 0.08125
1 0.82734375 0.978125 0.0328125 0.04375
1 0.48515625 0.9703125 0.0359375 0.059375
1 0.6203125 0.75078125 0.0421875 0.090625
1 0.4375 0.96875 0.03125 0.0625