0 0.203125 0.184375 0.0140625 0.021875
1 0.1046875 0.059375 0.01875 0.046875
1 0.11484375 0.071875 0.01875 0.05625
1 0.2859375 0.00625 0.01875 0.0125
1 0.2453125 0.11328125 0.01875 0.0484375
1 0.2484375 0.1453125 0.021875 0.0484375
1 0.28515625 0.11328125 0.015625 0.053125
1 0.33515625 0.215625 0.028125 0.0625
1 0.43359375 0.01484375 0.0140625 0.0296875
1 0.45703125 0.22890625 0.015625 0.0609375
1 0.46015625 0.01328125 0.0140625 0.0265625
1 0.4859375 0.08828125 0.021875 0.0640625
0 0.5921875 0.240625 0.00625 0.0125
0 0.66015625 0.03828125 0.0046875 0.009375
0 0.1 0.8015625 0.009375 0.0140625
0 0.21953125 0.6921875 0.0078125 0.01875
0 0.21640625 0.8484375 0.0109375 0.0171875
0 0.378125 0.87421875 0.0078125 0.0109375
0 0.43359375 0.76171875 0.009375 0.0140625
0 0.30625 0.515625 0.0078125 0.0140625
0 0.55078125 0.64375 0.00625 0.0125
0 0.559375 0.7765625 0.0109375 0.015625
1 0.54375 0.6125 0.0265625 0.0484375
1 0.57734375 0.74609375 0.01875 0.06875
1 0.22890625 0.54375 0.01875 0.0625
1 0.325 0.8328125 0.025 0.0734375
1 0.91484375 0.79140625 0.0140625 0.040625
1 0.60625 0.73828125 0.0109375 0.040625
1 0.6265625 0.740625 0.0078125 0.034375
1 0.6890625 0.78359375 0.0125 0.040625
1 0.7328125 0.821875 0.0125 0.0484375
1 0.76796875 0.86875 0.0125 0.046875
1 0.75703125 0.95234375 0.0125 0.05625
1 0.69453125 0.8625 0.0109375 0.046875
1 0.6984375 0.83828125 0.0109375 0.040625
1 0.59140625 0.8734375 0.0046875 0.046875