0 0.1203125 0.34375 0.021875 0.0140625
1 0.16171875 0.0203125 0.0609375 0.021875
1 0.159375 0.08828125 0.0609375 0.015625
1 0.35546875 0.06953125 0.046875 0.0140625
1 0.32578125 0.19296875 0.046875 0.015625
1 0.2453125 0.2453125 0.046875 0.01875
1 0.2328125 0.25546875 0.05625 0.01875
1 0.3796875 0.2796875 0.040625 0.0109375
1 0.43671875 0.3859375 0.040625 0.0140625
1 0.32109375 0.4265625 0.059375 0.01875
1 0.19140625 0.3859375 0.0484375 0.01875
1 0.159375 0.3890625 0.0484375 0.021875
1 0.19140625 0.42578125 0.053125 0.015625
1 0.0890625 0.47578125 0.0625 0.028125
1 0.496875 0.5109375 0.0359375 0.0109375
1 0.446875 0.5453125 0.046875 0.0125
1 0.30078125 0.575 0.0515625 0.0140625
1 0.07578125 0.59765625 0.0609375 0.015625
1 0.30625 0.60078125 0.05625 0.0140625
1 0.21640625 0.62265625 0.0640625 0.0140625
1 0.7328125 0.2796875 0.0359375 0.0125
1 0.15 0.9171875 0.05625 0.015625
1 0.24453125 0.9015625 0.0484375 0.01875
1 0.1921875 0.8609375 0.0578125 0.025
1 0.24140625 0.7140625 0.0515625 0.0171875
1 0.28984375 0.72890625 0.04375 0.0109375
1 0.29140625 0.72265625 0.04375 0.0140625
1 0.19375 0.678125 0.065625 0.015625
1 0.421875 0.640625 0.0359375 0.0109375
1 0.38359375 0.75625 0.03125 0.0109375
1 0.38203125 0.78828125 0.03125 0.0109375
1 0.3375 0.82265625 0.0375 0.0125
0 0.26484375 0.88203125 0.021875 0.0125
1 0.9859375 0.946875 0.028125 0.015625
1 0.94921875 0.65 0.06875 0.015625