1 0.11484375 0.13046875 0.03125 0.0703125
1 0.1265625 0.165625 0.028125 0.0734375
1 0.15546875 0.05703125 0.028125 0.0671875
1 0.25390625 0.0765625 0.0203125 0.059375
1 0.36953125 0.103125 0.0265625 0.0640625
1 0.371875 0.3203125 0.0328125 0.0734375
1 0.2625 0.45 0.0375 0.075
1 0.24609375 0.48515625 0.0421875 0.0296875
1 0.30078125 0.45234375 0.0390625 0.0921875
1 0.32109375 0.37421875 0.034375 0.0796875
1 0.425 0.415625 0.05625 0.0421875
1 0.5921875 0.0859375 0.025 0.0578125
1 0.60390625 0.0546875 0.021875 0.0515625
1 0.75625 0.16328125 0.0328125 0.06875
1 0.83203125 0.00703125 0.0203125 0.0140625
1 0.8421875 0.2609375 0.03125 0.0640625
1 0.9140625 0.28125 0.028125 0.0640625
1 0.9359375 0.16640625 0.025 0.0515625
1 0.9453125 0.07265625 0.0234375 0.0484375
0 0.0265625 0.85625 0.0171875 0.025
1 0.009375 0.95390625 0.01875 0.0734375
1 0.009375 0.853125 0.01875 0.065625
1 0.0125 0.821875 0.0234375 0.0546875
1 0.14765625 0.95234375 0.025 0.0578125
1 0.1453125 0.9859375 0.034375 0.028125
1 0.928125 0.9625 0.034375 0.075
1 0.98359375 0.87109375 0.028125 0.0734375
1 0.81484375 0.77265625 0.0375 0.071875
1 0.82421875 0.6953125 0.0265625 0.0671875
1 0.846875 0.6984375 0.0234375 0.0546875
1 0.87421875 0.6625 0.025 0.046875
1 0.91328125 0.6796875 0.025 0.0484375
1 0.909375 0.6078125 0.0171875 0.0390625
1 0.778125 0.609375 0.021875 0.0421875
1 0.7296875 0.6109375 0.0203125 0.0515625
1 0.6765625 0.6296875 0.021875 0.0515625
1 0.5890625 0.71171875 0.0265625 0.0515625
1 0.63046875 0.73046875 0.028125 0.0703125
1 0.503125 0.8421875 0.028125 0.08125
0 0.56640625 0.84453125 0.0109375 0.0140625
0 0.70390625 0.8703125 0.0125 0.015625
0 0.77734375 0.978125 0.009375 0.015625
0 0.68125 0.68125 0.0078125 0.0125
0 0.7578125 0.67265625 0.0078125 0.0125
0 0.84296875 0.77890625 0.0078125 0.0140625