1 0.32265625 0.03359375 0.0734375 0.0234375
1 0.17578125 0.009375 0.0921875 0.01875
1 0.25546875 0.00625 0.0796875 0.0125
1 0.24921875 0.11328125 0.0359375 0.053125
1 0.26484375 0.3390625 0.0890625 0.021875
1 0.49296875 0.2734375 0.0671875 0.01875
1 0.5296875 0.3015625 0.071875 0.015625
1 0.73984375 0.3140625 0.075 0.025
1 0.61171875 0.33515625 0.0796875 0.0234375
1 0.59609375 0.24140625 0.0546875 0.0234375
1 0.775 0.18359375 0.0546875 0.0171875
1 0.74765625 0.10234375 0.0609375 0.0203125
1 0.68828125 0.0875 0.0734375 0.0234375
1 0.5296875 0.78125 0.0578125 0.0171875
1 0.521875 0.715625 0.0515625 0.0171875
1 0.38515625 0.80234375 0.0703125 0.025
1 0.22265625 0.884375 0.0796875 0.028125
1 0.31875 0.52578125 0.0515625 0.021875
1 0.4125 0.47421875 0.0578125 0.025
1 0.528125 0.56640625 0.0421875 0.0140625
1 0.5359375 0.59375 0.046875 0.015625
0 0.45390625 0.38984375 0.0109375 0.0078125
0 0.53671875 0.4953125 0.009375 0.0078125
0 0.43515625 0.6421875 0.009375 0.00625
0 0.34453125 0.56640625 0.0125 0.0078125
0 0.22578125 0.48125 0.0109375 0.0109375
0 0.2734375 0.74140625 0.0125 0.009375
0 0.38671875 0.86015625 0.0109375 0.0046875
1 0.41171875 0.87109375 0.0546875 0.0234375
1 0.76875 0.96015625 0.078125 0.0203125
1 0.75390625 0.8734375 0.0796875 0.021875
1 0.8765625 0.815625 0.0625 0.015625
1 0.940625 0.69609375 0.0625 0.01875
1 0.92734375 0.68359375 0.0484375 0.0140625
1 0.93046875 0.67421875 0.065625 0.015625
1 0.91484375 0.6625 0.0578125 0.0203125
1 0.9109375 0.6453125 0.0578125 0.0171875
1 0.87890625 0.65 0.059375 0.0234375
1 0.86484375 0.6203125 0.0671875 0.025
1 0.796875 0.61015625 0.078125 0.021875
1 0.80390625 0.57421875 0.0703125 0.025
1 0.7921875 0.5546875 0.0640625 0.0171875
1 0.79140625 0.5578125 0.0484375 0.0234375
1 0.76171875 0.54453125 0.0671875 0.028125
1 0.753125 0.53125 0.06875 0.025
1 0.7890625 0.70078125 0.0703125 0.021875
1 0.86796875 0.3828125 0.065625 0.025
0 0.84140625 0.76171875 0.0234375 0.0109375