1 0.1609375 0.07578125 0.0640625 0.021875
1 0.378125 0.09375 0.0734375 0.028125
1 0.40625 0.04609375 0.025 0.0296875
1 0.790625 0.20234375 0.0609375 0.021875
1 0.96484375 0.17890625 0.0703125 0.0265625
1 0.375 0.80703125 0.05 0.01875
1 0.37890625 0.82109375 0.05625 0.01875
1 0.3984375 0.6703125 0.040625 0.021875
1 0.30546875 0.3390625 0.0453125 0.01875
1 0.35234375 0.25703125 0.0609375 0.025
1 0.32578125 0.3953125 0.0515625 0.0171875
1 0.3640625 0.5703125 0.0484375 0.01875
1 0.409375 0.4203125 0.01875 0.021875
0 0.96640625 0.70078125 0.0140625 0.0078125
0 0.9015625 0.35 0.0171875 0.009375
0 0.8375 0.3078125 0.0125 0.0078125
0 0.83671875 0.47890625 0.0140625 0.0078125
1 0.7625 0.49296875 0.0421875 0.015625
0 0.77421875 0.628125 0.0109375 0.00625
0 0.8609375 0.6390625 0.009375 0.00625
0 0.8046875 0.771875 0.0109375 0.0046875
0 0.79765625 0.87109375 0.0140625 0.0078125
0 0.89296875 0.91484375 0.0140625 0.0078125
0 0.9078125 0.81640625 0.0140625 0.0078125
0 0.9796875 0.5703125 0.0125 0.00625
1 0.8171875 0.29453125 0.0515625 0.01875
1 0.8765625 0.30546875 0.0546875 0.0171875
1 0.8875 0.50078125 0.05625 0.01875
1 0.90078125 0.56015625 0.0546875 0.0171875
1 0.89140625 0.6609375 0.0484375 0.01875
1 0.81875 0.7078125 0.046875 0.0125
1 0.7078125 0.69921875 0.04375 0.0125
1 0.8609375 0.74921875 0.0453125 0.015625
1 0.90078125 0.84921875 0.0484375 0.0171875
1 0.9859375 0.90859375 0.028125 0.0171875
1 0.95078125 0.93671875 0.0453125 0.021875
1 0.8171875 0.95703125 0.0453125 0.015625
1 0.87421875 0.98984375 0.046875 0.015625