1 0.271875 0.39375 0.01875 0.0421875
1 0.30703125 0.3328125 0.0234375 0.0484375
1 0.303125 0.28984375 0.025 0.0484375
1 0.3421875 0.184375 0.0265625 0.0578125
1 0.31953125 0.03828125 0.028125 0.0703125
1 0.26328125 0.16484375 0.028125 0.0578125
1 0.2515625 0.275 0.021875 0.0546875
1 0.190625 0.2640625 0.0234375 0.0515625
1 0.13515625 0.19375 0.021875 0.05625
1 0.09140625 0.22578125 0.0234375 0.0484375
1 0.0703125 0.1671875 0.028125 0.0609375
1 0.01171875 0.2234375 0.0234375 0.0515625
1 0.06953125 0.346875 0.021875 0.0453125
1 0.378125 0.38984375 0.01875 0.0484375
1 0.37734375 0.35546875 0.0171875 0.0453125
1 0.471875 0.5328125 0.021875 0.0125
1 0.6921875 0.40390625 0.025 0.0609375
1 0.60546875 0.26875 0.028125 0.0578125
1 0.7171875 0.46640625 0.0203125 0.053125
1 0.7546875 0.4671875 0.0234375 0.0515625
1 0.9921875 0.5296875 0.015625 0.01875
1 0.984375 0.3796875 0.0265625 0.0671875
1 0.94921875 0.45625 0.0265625 0.0578125
1 0.90625 0.19296875 0.034375 0.0765625
1 0.8625 0.16015625 0.034375 0.071875
1 0.35859375 0.61875 0.0203125 0.05
1 0.09921875 0.56015625 0.0234375 0.0421875
1 0.19296875 0.59609375 0.01875 0.046875
1 0.13984375 0.671875 0.01875 0.046875
0 0.35078125 0.59296875 0.0078125 0.0109375
0 0.27890625 0.6828125 0.0078125 0.0140625
0 0.1921875 0.56796875 0.0109375 0.0171875
0 0.92421875 0.54296875 0.0140625 0.0078125
1 0.85625 0.9296875 0.0328125 0.065625
1 0.86875 0.94296875 0.028125 0.0671875
1 0.98671875 0.79296875 0.0265625 0.0640625
1 0.84375 0.696875 0.03125 0.0609375
1 0.85546875 0.65390625 0.0328125 0.065625
1 0.8109375 0.775 0.03125 0.084375
1 0.7359375 0.778125 0.0296875 0.0734375
1 0.70703125 0.83046875 0.0328125 0.0796875
1 0.58984375 0.98125 0.0265625 0.0375
1 0.57265625 0.85703125 0.0234375 0.053125
1 0.53515625 0.8578125 0.028125 0.0640625
1 0.43203125 0.9515625 0.021875 0.0515625
1 0.60546875 0.56171875 0.0421875 0.0453125