1 0.21328125 0.5171875 0.0203125 0.0421875
1 0.17578125 0.45703125 0.0234375 0.0484375
1 0.178125 0.41484375 0.0265625 0.05
1 0.1359375 0.31015625 0.028125 0.0578125
1 0.153125 0.16328125 0.0296875 0.0703125
1 0.2140625 0.2875 0.0296875 0.0578125
1 0.22890625 0.39765625 0.025 0.0546875
1 0.28984375 0.384375 0.025 0.0515625
1 0.34296875 0.3125 0.0234375 0.05625
1 0.3875 0.34296875 0.0234375 0.0484375
1 0.40625 0.28359375 0.0296875 0.0609375
1 0.4671875 0.33828125 0.025 0.0515625
1 0.4140625 0.46328125 0.0234375 0.0453125
1 0.0390625 0.4359375 0.0234375 0.0484375
0 0.825 0.3515625 0.009375 0.0140625
1 0.6953125 0.32109375 0.0265625 0.053125
1 0.525 0.4390625 0.0125 0.040625
1 0.6453125 0.35859375 0.0234375 0.046875
1 0.6890625 0.40078125 0.0171875 0.034375
1 0.6859375 0.40859375 0.021875 0.0390625
1 0.73671875 0.41640625 0.01875 0.040625
1 0.84296875 0.3640625 0.0234375 0.040625
1 0.83671875 0.32890625 0.0203125 0.0421875
1 0.86015625 0.3109375 0.0234375 0.0484375
1 0.91484375 0.3375 0.025 0.053125
1 0.96640625 0.33984375 0.0203125 0.040625
1 0.990625 0.29609375 0.01875 0.0453125
1 0.97578125 0.23984375 0.0234375 0.05625
1 0.98984375 0.27265625 0.0203125 0.0484375
1 0.2171875 0.709375 0.0234375 0.0484375
1 0.33046875 0.66875 0.0234375 0.01875
1 0.428125 0.68984375 0.0203125 0.0421875
1 0.9796875 0.8125 0.0234375 0.0546875
1 0.9671875 0.83203125 0.028125 0.0609375
1 0.96875 0.78828125 0.0234375 0.053125
1 0.89140625 0.7328125 0.0296875 0.0703125
1 0.8125 0.8109375 0.0234375 0.0578125
1 0.59765625 0.66796875 0.0359375 0.0171875
1 0.65078125 0.82265625 0.0234375 0.0578125
1 0.60390625 0.89453125 0.025 0.0515625
1 0.61640625 0.94921875 0.0265625 0.05
1 0.665625 0.95390625 0.0203125 0.0453125
1 0.6703125 0.98828125 0.01875 0.0234375
1 0.75859375 0.9390625 0.0234375 0.046875
1 0.7859375 0.86640625 0.0203125 0.0421875
1 0.825 0.875 0.021875 0.0484375
1 0.859375 0.94375 0.01875 0.04375
1 0.93203125 0.91171875 0.021875 0.0484375