1 0.53671875 0.471875 0.034375 0.0734375
1 0.65390625 0.27421875 0.0109375 0.0578125
1 0.65390625 0.2546875 0.0109375 0.0625
1 0.35546875 0.01875 0.0203125 0.0375
1 0.35859375 0.0859375 0.0234375 0.0484375
1 0.33515625 0.121875 0.0265625 0.05
1 0.3203125 0.23359375 0.028125 0.0578125
1 0.23125 0.35234375 0.0296875 0.0703125
1 0.24140625 0.2140625 0.0296875 0.0578125
1 0.28359375 0.1109375 0.025 0.0546875
1 0.2234375 0.0921875 0.025 0.0515625
1 0.1421875 0.128125 0.0234375 0.05625
1 0.11875 0.0796875 0.0234375 0.0484375
1 0.07265625 0.12109375 0.0296875 0.0609375
1 0.04765625 0.04375 0.025 0.0515625
1 0.46640625 0.1734375 0.0234375 0.0484375
1 0.465625 0.31484375 0.0328125 0.0671875
1 0.571875 0.2921875 0.0296875 0.0609375
0 0.83046875 0.059375 0.0078125 0.0140625
1 0.8359375 0.01953125 0.025 0.0390625
1 0.83671875 0.0359375 0.028125 0.0609375
1 0.80390625 0.12890625 0.0359375 0.075
1 0.76875 0.1203125 0.034375 0.0734375
1 0.9015625 0.04375 0.03125 0.0625
1 0.8921875 0.0125 0.028125 0.025
1 0.0109375 0.640625 0.021875 0.05625
1 0.03359375 0.63515625 0.0265625 0.053125
1 0.23359375 0.628125 0.0234375 0.05625
1 0.496875 0.58515625 0.025 0.0109375
1 0.37734375 0.590625 0.0265625 0.021875
1 0.55 0.6890625 0.0265625 0.0546875
1 0.56015625 0.7734375 0.028125 0.0609375
1 0.6109375 0.759375 0.0234375 0.053125
1 0.571875 0.91875 0.0375 0.075
1 0.4375 0.7734375 0.034375 0.0640625
1 0.34375 0.82265625 0.028125 0.0625
1 0.23125 0.68671875 0.0234375 0.0453125
1 0.0890625 0.78203125 0.0296875 0.0578125
1 0.9 0.83671875 0.03125 0.0625
1 0.86796875 0.9828125 0.0390625 0.034375
1 0.775 0.94296875 0.034375 0.06875
1 0.703125 0.71953125 0.021875 0.05
1 0.71640625 0.703125 0.025 0.0453125
1 0.77734375 0.73671875 0.025 0.0484375