1 0.53984375 0.3171875 0.028125 0.0609375
1 0.48203125 0.24140625 0.0296875 0.0625
1 0.4015625 0.28671875 0.025 0.0546875
1 0.05703125 0.1578125 0.0265625 0.065625
1 0.075 0.2734375 0.021875 0.0546875
1 0.0953125 0.34140625 0.015625 0.040625
1 0.1625 0.29765625 0.01875 0.0453125
1 0.19375 0.32109375 0.01875 0.0453125
0 0.95859375 0.128125 0.009375 0.0140625
0 0.95390625 0.259375 0.0078125 0.0140625
0 0.8734375 0.3015625 0.00625 0.0109375
0 0.815625 0.25625 0.0078125 0.009375
0 0.83046875 0.14609375 0.00625 0.00625
0 0.74375 0.0484375 0.00625 0.009375
0 0.67578125 0.16953125 0.00625 0.0125
0 0.68828125 0.29296875 0.0078125 0.0109375
0 0.77265625 0.31015625 0.0046875 0.009375
0 0.8265625 0.41484375 0.0078125 0.0109375
0 0.603125 0.29375 0.0046875 0.009375
1 0.88515625 0.4109375 0.015625 0.034375
1 0.98046875 0.28671875 0.0234375 0.0453125
1 0.9 0.1953125 0.025 0.0546875
1 0.88359375 0.01328125 0.0328125 0.0265625
1 0.7328125 0.009375 0.03125 0.01875
1 0.76171875 0.21640625 0.025 0.0578125
1 0.75625 0.37578125 0.0171875 0.0390625
1 0.70546875 0.37109375 0.01875 0.0421875
0 0.53203125 0.9890625 0.009375 0.015625
0 0.26171875 0.95234375 0.00625 0.0109375
0 0.26796875 0.8109375 0.0078125 0.0109375
0 0.33828125 0.76953125 0.0109375 0.015625
0 0.45390625 0.78359375 0.0125 0.01875
0 0.02578125 0.85546875 0.009375 0.0140625
1 0.4046875 0.9515625 0.0421875 0.084375
1 0.11171875 0.959375 0.0375 0.075
1 0.040625 0.978125 0.034375 0.04375
1 0.02890625 0.990625 0.0265625 0.01875
0 0.02265625 0.9265625 0.0078125 0.0140625
0 0.59453125 0.8328125 0.0125 0.0171875
1 0.8125 0.99375 0.015625 0.0125
1 0.79453125 0.99140625 0.0203125 0.0171875
1 0.7828125 0.9828125 0.021875 0.034375
1 0.73125 0.95078125 0.01875 0.0453125
1 0.865625 0.94140625 0.0203125 0.0484375
1 0.84921875 0.978125 0.0203125 0.04375
1 0.82265625 0.98203125 0.0171875 0.0359375
1 0.87109375 0.9828125 0.0171875 0.034375
1 0.91484375 0.94375 0.0171875 0.04375
1 0.9140625 0.9546875 0.0171875 0.0390625
1 0.96171875 0.98203125 0.0203125 0.0359375
1 0.62421875 0.8109375 0.021875 0.0578125