1 0.1953125 0.253125 0.0609375 0.0234375
1 0.125 0.18828125 0.0609375 0.025
1 0.17734375 0.1125 0.0546875 0.021875
0 0.59140625 0.0984375 0.015625 0.0078125
0 0.51796875 0.17578125 0.0140625 0.0078125
0 0.51328125 0.29765625 0.0109375 0.0078125
0 0.6015625 0.328125 0.0125 0.003125
0 0.6265625 0.24765625 0.0125 0.0078125
1 0.67421875 0.17578125 0.0609375 0.0203125
1 0.60546875 0.2078125 0.0546875 0.0234375
1 0.5578125 0.24921875 0.0296875 0.021875
1 0.675 0.23984375 0.0546875 0.0234375
1 0.79609375 0.28359375 0.0453125 0.01875
0 0.25078125 0.98125 0.021875 0.0125
1 0.375 0.63984375 0.028125 0.0140625
1 0.21953125 0.76484375 0.0609375 0.0203125
1 0.08359375 0.6953125 0.0671875 0.0265625
1 0.2296875 0.70859375 0.0453125 0.01875
1 0.259375 0.54140625 0.0484375 0.01875
1 0.2671875 0.5140625 0.0484375 0.015625
1 0.35078125 0.48203125 0.0390625 0.0171875
1 0.36796875 0.42734375 0.0421875 0.015625
1 0.38515625 0.45078125 0.0078125 0.0140625
1 0.3125 0.38046875 0.0546875 0.0203125
1 0.27265625 0.36875 0.0484375 0.01875
1 0.31640625 0.36328125 0.0484375 0.015625
1 0.1703125 0.35390625 0.0515625 0.01875
1 0.18984375 0.42890625 0.0484375 0.01875
1 0.21484375 0.44453125 0.0515625 0.021875
0 0.71875 0.92890625 0.0125 0.0078125
0 0.6328125 0.86796875 0.009375 0.0078125
0 0.54609375 0.82265625 0.0109375 0.009375
0 0.653125 0.7484375 0.0125 0.0078125
0 0.47265625 0.73671875 0.0125 0.0078125
0 0.49609375 0.56640625 0.009375 0.0078125
0 0.65703125 0.5328125 0.0140625 0.0078125
1 0.64375 0.95390625 0.0578125 0.0265625
1 0.49921875 0.91328125 0.0765625 0.0265625
1 0.775 0.92109375 0.0359375 0.015625
1 0.78359375 0.909375 0.0484375 0.0125
1 0.825 0.8265625 0.0375 0.0125
1 0.80703125 0.803125 0.040625 0.0125
1 0.71953125 0.74921875 0.0515625 0.01875
1 0.696875 0.65234375 0.05 0.021875
1 0.77265625 0.62890625 0.0421875 0.015625
1 0.78984375 0.53515625 0.0421875 0.015625
1 0.61640625 0.678125 0.0546875 0.0203125
1 0.571875 0.6890625 0.05 0.01875
1 0.70546875 0.38828125 0.05 0.01875
1 0.71484375 0.365625 0.040625 0.0125
1 0.60234375 0.35625 0.0546875 0.0171875
1 0.4859375 0.34921875 0.0609375 0.0234375
1 0.54609375 0.34765625 0.0625 0.0234375