1 0.2265625 0.01015625 0.025 0.0203125
1 0.83828125 0.02578125 0.0296875 0.0515625
1 0.63125 0.01328125 0.025 0.0265625
1 0.49765625 0.165625 0.0359375 0.08125
1 0.00390625 0.80390625 0.0078125 0.0515625
1 0.10390625 0.85625 0.0296875 0.0625
1 0.0828125 0.7234375 0.0203125 0.05625
1 0.15390625 0.74921875 0.0234375 0.0546875
1 0.24921875 0.8578125 0.0234375 0.0578125
1 0.33046875 0.978125 0.0265625 0.04375
1 0.34609375 0.97265625 0.0296875 0.0546875
1 0.14296875 0.9875 0.0265625 0.025
1 0.41015625 0.61328125 0.0234375 0.0546875
1 0.75625 0.7765625 0.015625 0.04375
1 0.88125 0.796875 0.025 0.0515625
1 0.7609375 0.8265625 0.021875 0.0515625
1 0.9515625 0.96015625 0.03125 0.0796875
1 0.69453125 0.953125 0.025 0.0671875
1 0.66796875 0.82421875 0.0203125 0.040625
1 0.60390625 0.85 0.01875 0.0484375
1 0.58203125 0.80625 0.015625 0.0359375
1 0.534375 0.78125 0.0125 0.03125
1 0.48515625 0.86328125 0.0109375 0.0421875