1 0.071875 0.17421875 0.075 0.015625
1 0.19453125 0.109375 0.0671875 0.015625
1 0.3671875 0.1015625 0.0625 0.0109375
1 0.31953125 0.1265625 0.065625 0.015625
1 0.29375 0.2140625 0.05625 0.0109375
1 0.3265625 0.2578125 0.05625 0.0125
1 0.48359375 0.22421875 0.040625 0.009375
1 0.48828125 0.1625 0.040625 0.0125
1 0.4875 0.14375 0.04375 0.009375
1 0.2203125 0.5078125 0.0671875 0.015625
1 0.4609375 0.5046875 0.040625 0.009375
1 0.40546875 0.51015625 0.0546875 0.0109375
1 0.84453125 0.0359375 0.059375 0.0125
1 0.7984375 0.10234375 0.0546875 0.0125
1 0.703125 0.13515625 0.0859375 0.01875
1 0.81328125 0.19453125 0.0578125 0.0125
1 0.67890625 0.0203125 0.08125 0.0203125
1 0.40078125 0.871875 0.0625 0.0125
1 0.48515625 0.828125 0.0484375 0.0125
1 0.475 0.73671875 0.053125 0.009375
1 0.99296875 0.5765625 0.0140625 0.0125
1 0.9921875 0.671875 0.015625 0.0125
1 0.91953125 0.64765625 0.0578125 0.009375
1 0.86796875 0.66640625 0.0625 0.009375
1 0.775 0.690625 0.059375 0.0109375
1 0.63984375 0.69765625 0.075 0.0140625
1 0.8484375 0.74375 0.0625 0.015625
1 0.971875 0.9 0.046875 0.0125
1 0.97890625 0.94765625 0.0421875 0.0109375
1 0.8 0.98046875 0.0625 0.00625
1 0.88203125 0.57890625 0.0515625 0.0125