1 0.02109375 0.040625 0.0421875 0.021875
1 0.02890625 0.34296875 0.0578125 0.0296875
1 0.02109375 0.5140625 0.0421875 0.025
1 0.3859375 0.6625 0.0421875 0.0203125
1 0.57109375 0.5421875 0.0578125 0.0234375
1 0.48359375 0.503125 0.05 0.025
1 0.54453125 0.478125 0.059375 0.0328125
1 0.53515625 0.3234375 0.053125 0.025
1 0.484375 0.32421875 0.0453125 0.01875
1 0.484375 0.31796875 0.0453125 0.021875
1 0.58984375 0.30078125 0.0671875 0.0265625
1 0.6359375 0.240625 0.0625 0.034375
1 0.728125 0.140625 0.0546875 0.0265625
1 0.5234375 0.02421875 0.0515625 0.0203125
1 0.59140625 0.0703125 0.0609375 0.028125
1 0.6078125 0.13125 0.059375 0.0234375
1 0.521875 0.14296875 0.0484375 0.021875
1 0.45546875 0.1984375 0.0390625 0.0171875
1 0.3796875 0.20546875 0.0375 0.0171875
1 0.38671875 0.3265625 0.0328125 0.015625
1 0.3796875 0.35859375 0.0328125 0.015625
1 0.41328125 0.403125 0.0390625 0.01875
0 0.46796875 0.47890625 0.0234375 0.015625
1 0.58671875 0.18203125 0.0578125 0.0265625
0 0.1109375 0.8625 0.0140625 0.0140625
0 0.08046875 0.92578125 0.0171875 0.0125
1 0.14921875 0.92109375 0.0390625 0.0203125
1 0.1546875 0.99296875 0.028125 0.0140625
1 0.13203125 0.98828125 0.0421875 0.01875
1 0.12734375 0.99453125 0.0484375 0.0109375
1 0.53046875 0.8734375 0.0453125 0.0203125
1 0.56875 0.771875 0.0421875 0.0203125
1 0.66484375 0.81875 0.0546875 0.025
1 0.6515625 0.92578125 0.05625 0.0234375
1 0.51640625 0.84296875 0.034375 0.015625
1 0.51640625 0.846875 0.0359375 0.01875
1 0.4890625 0.90390625 0.0328125 0.0203125
1 0.45078125 0.93046875 0.034375 0.015625
1 0.47265625 0.93125 0.034375 0.015625
1 0.5125 0.95234375 0.0390625 0.0203125