1 0.30703125 0.43359375 0.01875 0.0578125
1 0.32109375 0.58046875 0.0140625 0.0171875
1 0.071875 0.29765625 0.0234375 0.06875
1 0.04609375 0.53671875 0.0140625 0.0421875
1 0.046875 0.48125 0.0171875 0.05625
1 0.37734375 0.21484375 0.01875 0.053125
1 0.34609375 0.15859375 0.0140625 0.0546875
1 0.4328125 0.1546875 0.0234375 0.0640625
1 0.428125 0.11015625 0.0171875 0.0546875
1 0.48515625 0.209375 0.015625 0.05
1 0.53671875 0.2890625 0.0125 0.040625
1 0.5953125 0.146875 0.021875 0.0546875
1 0.68671875 0.109375 0.0171875 0.0609375
1 0.778125 0.11953125 0.0203125 0.0578125
1 0.72890625 0.1953125 0.015625 0.05625
1 0.66015625 0.2453125 0.015625 0.0515625
1 0.7359375 0.2953125 0.009375 0.03125
1 0.7375 0.3171875 0.0125 0.0328125
1 0.84453125 0.28203125 0.015625 0.0484375
1 0.87734375 0.18125 0.0234375 0.0625
1 0.9140625 0.17421875 0.028125 0.0265625
1 0.9734375 0.23515625 0.0234375 0.0609375
1 0.365625 0.11484375 0.028125 0.0578125
1 0.084375 0.975 0.021875 0.05
1 0.16796875 0.99453125 0.0203125 0.0109375
0 0.23359375 0.7703125 0.0078125 0.0125
0 0.11015625 0.8625 0.0046875 0.0109375
1 0.9421875 0.98046875 0.021875 0.0390625
1 0.85234375 0.8359375 0.0234375 0.0625
1 0.94609375 0.8265625 0.0265625 0.0796875
1 0.6515625 0.9640625 0.0203125 0.0640625
1 0.85859375 0.73828125 0.025 0.0578125
1 0.68203125 0.6859375 0.0203125 0.0671875
1 0.5734375 0.8109375 0.021875 0.0578125
1 0.55390625 0.81953125 0.0296875 0.0671875
1 0.4203125 0.98203125 0.021875 0.0359375
1 0.39609375 0.93046875 0.01875 0.0578125
1 0.3796875 0.88046875 0.0203125 0.0546875
1 0.35625 0.696875 0.025 0.0765625