0 0.403125 0.24765625 0.00625 0.0046875
1 0.4640625 0.521875 0.05 0.015625
1 0.42265625 0.32421875 0.0515625 0.0203125
1 0.2859375 0.29453125 0.025 0.0109375
1 0.31953125 0.26953125 0.03125 0.0125
1 0.35390625 0.2546875 0.0328125 0.0140625
1 0.3796875 0.253125 0.03125 0.0125
1 0.40078125 0.24375 0.0359375 0.015625
1 0.475 0.21328125 0.028125 0.0234375
1 0.28515625 0.16875 0.03125 0.0125
1 0.3265625 0.20234375 0.0375 0.0171875
1 0.38828125 0.2140625 0.0484375 0.01875
1 0.3125 0.0890625 0.034375 0.0125
1 0.34609375 0.06171875 0.04375 0.0171875
1 0.41328125 0.009375 0.05 0.01875
1 0.34375 0.1515625 0.0375 0.015625
1 0.34765625 0.325 0.0296875 0.0125
1 0.39375 0.39375 0.0390625 0.0171875
1 0.35078125 0.43671875 0.034375 0.0125
1 0.40078125 0.5046875 0.0390625 0.0171875
1 0.84453125 0.34375 0.0578125 0.0234375
1 0.83203125 0.2796875 0.0515625 0.021875
1 0.97578125 0.32109375 0.0484375 0.0328125
1 0.97109375 0.03828125 0.053125 0.0265625
1 0.86640625 0.01640625 0.059375 0.03125
1 0.5375 0.003125 0.0375 0.00625
1 0.63125 0.16328125 0.0421875 0.01875
1 0.7828125 0.13828125 0.0421875 0.01875
1 0.78359375 0.16640625 0.0484375 0.0203125
1 0.63203125 0.2390625 0.04375 0.0171875
0 0.75390625 0.07265625 0.0109375 0.0078125
0 0.70078125 0.1421875 0.0125 0.0078125
0 0.89375 0.1828125 0.009375 0.00625
0 0.95859375 0.084375 0.0140625 0.009375
0 0.815625 0.42734375 0.0125 0.0078125
1 0.97734375 0.39609375 0.0453125 0.0296875
1 0.78671875 0.51953125 0.0484375 0.0203125
1 0.02265625 0.88984375 0.0453125 0.0265625
1 0.753125 0.81953125 0.0578125 0.0234375
1 0.965625 0.75234375 0.0609375 0.0234375
1 0.98984375 0.846875 0.0203125 0.025
1 0.8828125 0.97890625 0.059375 0.021875
1 0.971875 0.96875 0.0484375 0.021875
0 0.640625 0.65703125 0.0109375 0.0078125
0 0.57734375 0.70390625 0.0078125 0.0078125
0 0.7796875 0.5453125 0.0109375 0.0078125
0 0.99765625 0.7515625 0.0046875 0.00625
0 0.99609375 0.9828125 0.0078125 0.009375
0 0.9171875 0.9796875 0.0109375 0.009375
1 0.753125 0.5421875 0.0609375 0.025