0 0.02421875 0.27421875 0.003125 0.00625
1 0.30859375 0.28984375 0.0125 0.05
1 0.1578125 0.09140625 0.0203125 0.0671875
1 0.103125 0.27578125 0.0125 0.05
1 0.03671875 0.39765625 0.0078125 0.0234375
1 0.02265625 0.36015625 0.0078125 0.03125
1 0.01796875 0.32265625 0.009375 0.03125
1 0.0234375 0.29765625 0.0078125 0.03125
1 0.0203125 0.27578125 0.0125 0.034375
1 0.01484375 0.18359375 0.015625 0.0515625
1 0.08359375 0.3484375 0.0078125 0.0296875
1 0.1625 0.32265625 0.0125 0.0375
1 0.1921875 0.37578125 0.009375 0.034375
1 0.27109375 0.346875 0.0125 0.0375
1 0.5234375 0.390625 0.009375 0.0375
1 0.8875 0.37265625 0.028125 0.0734375
1 0.0359375 0.9765625 0.01875 0.046875
1 0.03125 0.95390625 0.01875 0.0640625
1 0.18515625 0.97734375 0.0140625 0.0453125
1 0.221875 0.98203125 0.01875 0.0359375
1 0.32578125 0.98984375 0.0234375 0.0203125
1 0.471875 0.9578125 0.0234375 0.0703125
1 0.221875 0.71953125 0.0265625 0.1
1 0.96796875 0.88671875 0.01875 0.0578125
1 0.85078125 0.9359375 0.01875 0.0515625
1 0.64375 0.915625 0.021875 0.0671875