0 0.2453125 0.4 0.003125 0.00625
1 0.52734375 0.43828125 0.015625 0.05
1 0.3234375 0.41328125 0.015625 0.05
1 0.28203125 0.27890625 0.009375 0.025
1 0.26015625 0.31484375 0.009375 0.03125
1 0.2484375 0.35078125 0.0109375 0.03125
1 0.24921875 0.3765625 0.009375 0.03125
1 0.2421875 0.39765625 0.0140625 0.0359375
1 0.21875 0.48671875 0.01875 0.053125
1 0.15703125 0.28984375 0.009375 0.03125
1 0.19375 0.328125 0.0140625 0.0375
1 0.2109375 0.38828125 0.015625 0.0484375
1 0.08046875 0.3234375 0.0109375 0.034375
1 0.05546875 0.36015625 0.0125 0.04375
1 0.009375 0.43046875 0.015625 0.05
1 0.14453125 0.34921875 0.0125 0.0359375
1 0.31796875 0.3375 0.009375 0.0296875
1 0.390625 0.378125 0.0140625 0.0390625
1 0.4296875 0.33203125 0.0109375 0.034375
1 0.5015625 0.375 0.0140625 0.0390625
1 0.68984375 0.16640625 0.0296875 0.0703125
1 0.73046875 0.146875 0.0265625 0.0671875
1 0.93203125 0.00859375 0.0234375 0.0171875
1 0.92265625 0.21328125 0.0296875 0.0671875
1 0.93359375 0.1859375 0.021875 0.0640625
0 0.04453125 0.89765625 0.009375 0.015625
0 0.0171875 0.73125 0.0125 0.021875
0 0.41640625 0.97421875 0.0078125 0.009375
0 0.221875 0.67421875 0.0140625 0.0140625
0 0.2921875 0.665625 0.0109375 0.0171875
1 0.2625 0.73828125 0.015625 0.05625
1 0.20703125 0.80859375 0.021875 0.0578125
1 0.27421875 0.99296875 0.0296875 0.0140625
1 0.37578125 0.890625 0.025 0.0484375
1 0.33359375 0.815625 0.0171875 0.0546875
1 0.3296875 0.76875 0.0140625 0.05
1 0.334375 0.73515625 0.015625 0.0421875
1 0.34765625 0.7359375 0.01875 0.0484375
1 0.35625 0.7625 0.0171875 0.0421875
1 0.371875 0.78671875 0.015625 0.05
1 0.3546875 0.8078125 0.0171875 0.0515625
0 0.471875 0.85234375 0.009375 0.0234375
0 0.54296875 0.93671875 0.0078125 0.0109375
1 0.37890625 0.83515625 0.0171875 0.0484375
1 0.37578125 0.81015625 0.015625 0.05625
1 0.396875 0.8828125 0.021875 0.0546875
1 0.41015625 0.93828125 0.0203125 0.0453125
1 0.89375 0.74609375 0.01875 0.0515625
1 0.81015625 0.80234375 0.01875 0.0671875
1 0.846875 0.80390625 0.01875 0.0578125
1 0.8234375 0.84765625 0.0203125 0.0609375
1 0.81484375 0.91640625 0.01875 0.0703125
1 0.7765625 0.91796875 0.0234375 0.065625
1 0.984375 0.9078125 0.0203125 0.0703125
1 0.98359375 0.81015625 0.01875 0.0625
1 0.99765625 0.8140625 0.0046875 0.0625
1 0.9859375 0.746875 0.0171875 0.0515625