1 0.046875 0.3296875 0.0328125 0.015625
1 0.0515625 0.1078125 0.025 0.0109375
1 0.053125 0.11171875 0.025 0.0109375
1 0.075 0.1234375 0.025 0.0109375
1 0.07734375 0.12890625 0.028125 0.0125
1 0.06640625 0.13203125 0.025 0.0109375
1 0.05703125 0.08828125 0.025 0.0109375
1 0.0609375 0.06953125 0.03125 0.0125
1 0.04140625 0.03671875 0.025 0.0109375
1 0.0109375 0.0046875 0.021875 0.009375
1 0.0359375 0.0984375 0.0328125 0.0140625
1 0.9828125 0.47421875 0.034375 0.0109375
1 0.834375 0.46953125 0.06875 0.0203125
1 0.98515625 0.375 0.0296875 0.021875
1 0.85703125 0.34296875 0.0640625 0.025
1 0.784375 0.23828125 0.0796875 0.0328125
1 0.95703125 0.16015625 0.0640625 0.0296875
1 0.97421875 0.125 0.0515625 0.028125
1 0.7765625 0.09609375 0.0828125 0.0328125
1 0.96015625 0.00859375 0.0703125 0.0171875
1 0.484375 0.70078125 0.03125 0.0359375
0 0.89921875 0.5328125 0.0140625 0.0078125
0 0.78515625 0.61171875 0.0109375 0.0078125
0 0.7125 0.73515625 0.009375 0.00625
0 0.571875 0.73203125 0.0109375 0.0078125
0 0.52890625 0.66171875 0.015625 0.0109375
0 0.540625 0.54609375 0.01875 0.0125
0 0.6203125 0.97265625 0.0140625 0.009375
0 0.85 0.89375 0.0109375 0.0078125
0 0.86171875 0.71015625 0.0140625 0.009375
1 0.8890625 0.65078125 0.0578125 0.0265625
1 0.709375 0.59296875 0.084375 0.040625
1 0.72265625 0.88515625 0.075 0.0359375
1 0.7578125 0.95546875 0.0734375 0.0328125
1 0.8234375 0.9234375 0.0609375 0.0234375
1 0.85234375 0.9390625 0.0546875 0.0234375
1 0.909375 0.91484375 0.0546875 0.0203125
1 0.9140625 0.82890625 0.05 0.021875
1 0.8703125 0.79375 0.0515625 0.021875
1 0.83671875 0.79140625 0.0546875 0.0234375
1 0.859375 0.82421875 0.0578125 0.0234375
1 0.79296875 0.996875 0.0703125 0.00625
1 0.77734375 0.96640625 0.0625 0.025
1 0.8984375 0.94921875 0.0484375 0.021875
0 0.69140625 0.975 0.0140625 0.0078125