1 0.41796875 0.121875 0.03125 0.0125
1 0.78515625 0.3234375 0.0578125 0.0171875
1 0.87734375 0.29453125 0.05 0.0203125
1 0.81953125 0.2625 0.0578125 0.0265625
1 0.84765625 0.11015625 0.053125 0.01875
1 0.89765625 0.1171875 0.04375 0.0125
1 0.8984375 0.1109375 0.0453125 0.015625
1 0.7953125 0.08046875 0.0671875 0.01875
1 0.7578125 0.015625 0.0609375 0.0265625
1 0.9890625 0.13125 0.021875 0.0125
1 0.990625 0.1625 0.01875 0.0125
1 0.95859375 0.20390625 0.0390625 0.0140625
0 0.89453125 0.27265625 0.0234375 0.0125
1 0.37421875 0.53125 0.05625 0.0109375
1 0.228125 0.54765625 0.0796875 0.01875
1 0.43671875 0.73671875 0.0265625 0.0140625
1 0.41171875 0.79765625 0.053125 0.0125
1 0.40625 0.8140625 0.0546875 0.0171875
1 0.38515625 0.8359375 0.05 0.0140625
1 0.434375 0.865625 0.03125 0.0125
1 0.434375 0.878125 0.03125 0.0125
1 0.4265625 0.8921875 0.028125 0.0171875
1 0.434375 0.96953125 0.03125 0.0140625
1 0.44296875 0.98359375 0.0140625 0.0140625
1 0.34609375 0.96484375 0.05625 0.0140625
1 0.30859375 0.9453125 0.0671875 0.021875
1 0.6515625 0.4609375 0.0546875 0.01875
1 0.85234375 0.48203125 0.0515625 0.021875
1 0.834375 0.67890625 0.0578125 0.0203125
1 0.87265625 0.73984375 0.0546875 0.0203125
1 0.81328125 0.85390625 0.0671875 0.025
1 0.72421875 0.87265625 0.0734375 0.021875
1 0.68046875 0.8625 0.0765625 0.021875