1 0.0640625 0.028125 0.0328125 0.0171875
1 0.15703125 0.2296875 0.025 0.0125
1 0.15390625 0.22734375 0.025 0.0125
1 0.128125 0.22578125 0.025 0.0125
1 0.12421875 0.22109375 0.028125 0.0125
1 0.1328125 0.2140625 0.025 0.0125
1 0.175 0.23125 0.0328125 0.015625
1 0.22421875 0.21640625 0.034375 0.015625
1 0.309375 0.14609375 0.01875 0.0171875
1 0.98125 0.0828125 0.0375 0.034375
1 0.91640625 0.053125 0.0609375 0.028125
1 0.83359375 0.20390625 0.0625 0.0328125
1 0.8390625 0.22578125 0.059375 0.0265625
1 0.60390625 0.14609375 0.0453125 0.0203125
1 0.73671875 0.0265625 0.0546875 0.028125
1 0.76171875 0.0046875 0.0578125 0.009375
0 0.78203125 0.21328125 0.028125 0.01875
1 0.17109375 0.62890625 0.0609375 0.0265625
1 0.19921875 0.553125 0.05625 0.025
1 0.27890625 0.49765625 0.0796875 0.0390625
1 0.1625 0.4671875 0.059375 0.0265625
1 0.30546875 0.60390625 0.0265625 0.0390625
1 0.22109375 0.67578125 0.0546875 0.025
1 0.29609375 0.77421875 0.0453125 0.0296875
1 0.309375 0.78203125 0.01875 0.0359375
1 0.2984375 0.803125 0.040625 0.028125
1 0.309375 0.80625 0.01875 0.025
1 0.30390625 0.86171875 0.0296875 0.0328125
0 0.43359375 0.89921875 0.0203125 0.015625
1 0.521875 0.99609375 0.071875 0.0078125
1 0.5796875 0.9171875 0.08125 0.0390625
1 0.471875 0.871875 0.059375 0.034375
1 0.36875 0.85 0.046875 0.028125
1 0.43203125 0.771875 0.05625 0.034375
1 0.46328125 0.76640625 0.0609375 0.0375
1 0.48125 0.70703125 0.0703125 0.03125
1 0.47578125 0.70703125 0.0671875 0.0375
1 0.40546875 0.6421875 0.0640625 0.0296875
1 0.55234375 0.61015625 0.084375 0.0421875
1 0.48671875 0.5359375 0.06875 0.0375
1 0.45078125 0.46875 0.071875 0.0375
1 0.39296875 0.43515625 0.075 0.0375
1 0.421875 0.4984375 0.065625 0.0296875
1 0.41953125 0.50625 0.0578125 0.025
1 0.43984375 0.55546875 0.0640625 0.0296875
1 0.44609375 0.57421875 0.0546875 0.028125
1 0.43515625 0.56875 0.0578125 0.028125
1 0.4140625 0.5828125 0.065625 0.0328125
1 0.41484375 0.6046875 0.0671875 0.028125
1 0.40546875 0.60546875 0.065625 0.0265625