0 0.03515625 0.4265625 0.009375 0.00625
0 0.08828125 0.28359375 0.009375 0.00625
0 0.003125 0.08046875 0.00625 0.0046875
0 0.1609375 0.04609375 0.009375 0.0046875
0 0.3015625 0.05546875 0.009375 0.0046875
0 0.24921875 0.215625 0.009375 0.0046875
1 0.19765625 0.3171875 0.04375 0.0125
1 0.190625 0.2671875 0.046875 0.0125
1 0.125 0.1828125 0.053125 0.0125
1 0.15546875 0.0890625 0.040625 0.015625
1 0.234375 0.01796875 0.046875 0.0125
1 0.25703125 0.10625 0.034375 0.0125
1 0.2875 0.12109375 0.03125 0.0078125
1 0.2984375 0.17109375 0.0359375 0.009375
1 0.24765625 0.3359375 0.0375 0.0078125
1 0.11875 0.0046875 0.05 0.009375
0 0.8859375 0.4328125 0.0078125 0.00625
0 0.83125 0.34921875 0.0125 0.0078125
0 0.70078125 0.3 0.0078125 0.003125
0 0.9578125 0.3828125 0.0140625 0.00625
0 0.9953125 0.25 0.0078125 0.00625
0 0.88515625 0.23125 0.0046875 0.0046875
0 0.8171875 0.1203125 0.0078125 0.0046875
0 0.953125 0.090625 0.0125 0.0046875
1 0.97578125 0.41640625 0.0453125 0.0171875
1 0.91171875 0.3125 0.0546875 0.0171875
1 0.72421875 0.23828125 0.065625 0.0234375
1 0.75703125 0.09140625 0.0734375 0.0203125
1 0.971875 0.1859375 0.05625 0.015625
0 0.16953125 0.59609375 0.015625 0.0078125
0 0.23125 0.67890625 0.0109375 0.00625
0 0.28984375 0.57265625 0.0140625 0.0109375
0 0.20625 0.47890625 0.01875 0.0078125
0 0.41796875 0.6640625 0.0171875 0.00625
0 0.46328125 0.82109375 0.009375 0.00625
0 0.4015625 0.9359375 0.0125 0.0078125
0 0.28125 0.940625 0.0109375 0.00625
0 0.271875 0.84140625 0.0125 0.0078125
1 0.171875 0.89140625 0.0640625 0.0265625
1 0.40703125 0.96015625 0.053125 0.0125
1 0.3765625 0.81875 0.05625 0.015625
1 0.31796875 0.72890625 0.0609375 0.021875
1 0.23359375 0.6953125 0.0578125 0.0234375
1 0.446875 0.6125 0.04375 0.0125
1 0.53515625 0.65234375 0.0609375 0.021875
1 0.56640625 0.7265625 0.0609375 0.021875
1 0.6671875 0.7953125 0.0515625 0.021875
1 0.65859375 0.83046875 0.0546875 0.021875
1 0.53984375 0.8578125 0.0640625 0.0203125
1 0.53515625 0.84296875 0.0609375 0.0234375
1 0.48828125 0.821875 0.0390625 0.01875
1 0.71328125 0.76875 0.059375 0.0171875
1 0.68046875 0.690625 0.0578125 0.01875
1 0.78046875 0.69296875 0.05 0.0125
1 0.6859375 0.6609375 0.0625 0.0171875
1 0.59375 0.5453125 0.0546875 0.01875
1 0.60078125 0.490625 0.0578125 0.01875
1 0.85703125 0.5140625 0.040625 0.0125
1 0.80234375 0.57265625 0.04375 0.015625
1 0.81484375 0.871875 0.0484375 0.0171875