0 0.003125 0.23125 0.00625 0.00625
1 0.0828125 0.425 0.046875 0.0109375
1 0.04609375 0.39140625 0.040625 0.009375
1 0.13671875 0.3953125 0.03125 0.00625
1 0.1875 0.3734375 0.028125 0.0046875
1 0.1015625 0.3109375 0.0359375 0.0109375
1 0.10234375 0.26015625 0.0375 0.009375
1 0.13671875 0.15546875 0.028125 0.0078125
1 0.0203125 0.11640625 0.040625 0.0140625
1 0.0125 0.09296875 0.025 0.0171875
1 0.05234375 0.06953125 0.05 0.0125
1 0.12734375 0.11484375 0.034375 0.009375
1 0.85234375 0.32109375 0.071875 0.01875
1 0.703125 0.4015625 0.071875 0.0234375
1 0.63515625 0.40390625 0.0875 0.025
1 0.70859375 0.36328125 0.090625 0.0203125
1 0.78984375 0.359375 0.078125 0.01875
1 0.7703125 0.24921875 0.0328125 0.05
1 0.7625 0.01796875 0.0875 0.0234375
1 0.98125 0.06328125 0.0375 0.0140625
1 0.23203125 0.8625 0.065625 0.0140625
1 0.3671875 0.7671875 0.05625 0.0171875
1 0.378125 0.74921875 0.065625 0.0234375
1 0.2765625 0.53984375 0.075 0.0171875
1 0.11328125 0.5078125 0.0875 0.0203125
0 0.4421875 0.55546875 0.01875 0.009375
1 0.46953125 0.52421875 0.0796875 0.0296875
1 0.509375 0.91640625 0.078125 0.0203125
1 0.5703125 0.9828125 0.075 0.01875
1 0.5765625 0.9515625 0.084375 0.0171875
1 0.62734375 0.95703125 0.059375 0.01875
1 0.646875 0.978125 0.059375 0.0203125
1 0.67734375 0.853125 0.0625 0.0234375
1 0.66328125 0.80390625 0.0625 0.0171875
1 0.71171875 0.746875 0.053125 0.015625
1 0.7609375 0.746875 0.04375 0.0171875
1 0.7875 0.7890625 0.04375 0.0171875
1 0.7671875 0.88125 0.053125 0.0171875
1 0.74765625 0.8984375 0.053125 0.0140625
1 0.77421875 0.6234375 0.046875 0.0171875
1 0.82890625 0.64375 0.034375 0.0125
1 0.68828125 0.5296875 0.06875 0.0140625
1 0.596875 0.61953125 0.06875 0.0171875