0 0.2953125 0.234375 0.0046875 0.009375
0 0.1296875 0.12109375 0.0078125 0.0125
0 0.16875 0.25078125 0.00625 0.0125
0 0.08671875 0.33046875 0.0046875 0.009375
0 0.26015625 0.39375 0.0046875 0.009375
0 0.0328125 0.40390625 0.00625 0.009375
1 0.396875 0.3578125 0.0125 0.053125
1 0.303125 0.38828125 0.015625 0.040625
1 0.43828125 0.1921875 0.01875 0.0640625
1 0.21640625 0.3515625 0.0140625 0.05
1 0.1953125 0.42109375 0.0125 0.0171875
1 0.98515625 0.27890625 0.0140625 0.046875
1 0.96796875 0.28125 0.0171875 0.0484375
1 0.925 0.13984375 0.015625 0.05
1 0.87109375 0.11015625 0.015625 0.05625
1 0.8625 0.38828125 0.0140625 0.05625
1 0.8453125 0.41953125 0.009375 0.0203125
1 0.640625 0.2953125 0.015625 0.05
1 0.64921875 0.23125 0.015625 0.05
0 0.95234375 0.40078125 0.00625 0.009375
0 0.9125 0.21796875 0.00625 0.0109375
0 0.80703125 0.17265625 0.00625 0.0109375
0 0.7515625 0.2296875 0.00625 0.009375
0 0.690625 0.421875 0.00625 0.00625
0 0.5703125 0.3390625 0.0078125 0.0140625
0 0.5109375 0.3953125 0.0078125 0.0125
1 0.07109375 0.46953125 0.0125 0.053125
1 0.2125 0.45234375 0.01875 0.0453125
1 0.21640625 0.54765625 0.01875 0.0578125
1 0.18828125 0.5921875 0.0125 0.04375
1 0.115625 0.60625 0.0125 0.04375
1 0.215625 0.653125 0.0125 0.040625
1 0.2640625 0.64921875 0.015625 0.0359375
1 0.33828125 0.5703125 0.015625 0.05
1 0.065625 0.5234375 0.01875 0.0484375
1 0.028125 0.571875 0.0125 0.05
1 0.646875 0.8921875 0.0125 0.05625
1 0.628125 0.9890625 0.015625 0.021875
1 0.89375 0.9890625 0.01875 0.021875
1 0.778125 0.96875 0.01875 0.0453125
1 0.96875 0.89296875 0.0171875 0.0546875
1 0.99296875 0.8125 0.0140625 0.059375
1 0.87421875 0.78828125 0.0234375 0.0625
1 0.79140625 0.72265625 0.0171875 0.0609375
1 0.65546875 0.834375 0.015625 0.04375
1 0.53359375 0.7140625 0.01875 0.0578125
1 0.8390625 0.51171875 0.0265625 0.0703125