1 0.6125 0.08828125 0.01875 0.0484375
1 0.4078125 0.02265625 0.021875 0.0453125
1 0.39765625 0.1046875 0.0203125 0.0453125
1 0.290625 0.09609375 0.0203125 0.05
1 0.31640625 0.13984375 0.0234375 0.05
1 0.19765625 0.14921875 0.0203125 0.0484375
1 0.11484375 0.140625 0.0203125 0.05
1 0.09375 0.18046875 0.021875 0.0578125
1 0.07421875 0.0484375 0.025 0.059375
1 0.14609375 0.04375 0.0265625 0.0671875
1 0.165625 0.02109375 0.021875 0.0421875
1 0.21796875 0.0265625 0.0234375 0.053125
1 0.2125 0.09296875 0.0203125 0.05
1 0.18046875 0.0953125 0.0234375 0.0546875
1 0.19375 0.12734375 0.0171875 0.0453125
1 0.96328125 0.1578125 0.0234375 0.0640625
1 0.84296875 0.034375 0.025 0.0578125
1 0.82734375 0.04765625 0.0328125 0.06875
1 0.11875 0.67421875 0.01875 0.0421875
1 0.43125 0.65625 0.015625 0.0421875
1 0.4109375 0.6578125 0.0125 0.034375
1 0.33984375 0.63046875 0.0171875 0.0421875
1 0.2890625 0.603125 0.0171875 0.05
1 0.24453125 0.56484375 0.0171875 0.0484375
1 0.2359375 0.48125 0.01875 0.05625
1 0.3171875 0.5546875 0.015625 0.046875
1 0.31875 0.57890625 0.015625 0.0421875
1 0.44765625 0.5890625 0.015625 0.0421875
1 0.41796875 0.51953125 0.0171875 0.0484375
1 0.40625 0.4546875 0.021875 0.03125
1 0.53671875 0.53671875 0.0140625 0.040625
1 0.54296875 0.55 0.0140625 0.0390625
1 0.6296875 0.6125 0.0109375 0.0296875
1 0.61328125 0.540625 0.0171875 0.0484375
1 0.646875 0.45234375 0.021875 0.0265625
1 0.70859375 0.54765625 0.01875 0.0453125
0 0.4984375 0.57421875 0.00625 0.0109375
1 0.775 0.81640625 0.025 0.0578125
1 0.98359375 0.7140625 0.021875 0.0578125