1 0.25546875 0.33984375 0.021875 0.0734375
1 0.21328125 0.34296875 0.0296875 0.0703125
1 0.046875 0.3828125 0.021875 0.034375
0 0.18515625 0.3953125 0.0109375 0.009375
1 0.7078125 0.34453125 0.0203125 0.0578125
1 0.7734375 0.35234375 0.01875 0.0515625
1 0.71953125 0.2 0.028125 0.0703125
1 0.67578125 0.03125 0.0328125 0.0625
1 0.99609375 0.19609375 0.0078125 0.0515625
1 0.91796875 0.38515625 0.0171875 0.0296875
1 0.88828125 0.384375 0.0171875 0.03125
0 0.86484375 0.284375 0.00625 0.009375
0 0.95859375 0.2125 0.0078125 0.0125
0 0.80390625 0.1046875 0.009375 0.0140625
0 0.66328125 0.1875 0.0046875 0.0109375
0 0.6265625 0.37890625 0.0078125 0.0109375
1 0.646875 0.21015625 0.0265625 0.0546875
1 0.1984375 0.95703125 0.01875 0.0484375
1 0.19140625 0.91484375 0.021875 0.0484375
1 0.22109375 0.80625 0.021875 0.0578125
1 0.1859375 0.6625 0.021875 0.0703125
1 0.140625 0.79375 0.0234375 0.0578125
1 0.1390625 0.9046875 0.01875 0.0546875
1 0.0765625 0.89921875 0.01875 0.0515625
1 0.015625 0.83359375 0.0171875 0.05625
1 0.33203125 0.91953125 0.01875 0.0484375
1 0.38671875 0.7890625 0.0265625 0.0671875
1 0.98515625 0.9390625 0.021875 0.0671875
1 0.978125 0.9421875 0.0328125 0.075
1 0.94140625 0.978125 0.0265625 0.04375
1 0.884375 0.97890625 0.021875 0.0421875
1 0.6703125 0.990625 0.01875 0.01875
1 0.6171875 0.97734375 0.01875 0.0453125
1 0.60234375 0.959375 0.021875 0.0671875
1 0.56328125 0.90859375 0.0203125 0.0703125
1 0.73671875 0.9328125 0.0203125 0.0640625
1 0.75234375 0.94296875 0.0234375 0.0671875