1 0.4390625 0.23671875 0.0203125 0.0515625
1 0.359375 0.28671875 0.0171875 0.05625
1 0.32734375 0.36796875 0.015625 0.0453125
1 0.303125 0.221875 0.0265625 0.0609375
1 0.3296875 0.1984375 0.01875 0.0578125
1 0.22578125 0.33125 0.0171875 0.05
1 0.23984375 0.38046875 0.0203125 0.05
1 0.12265625 0.359375 0.0171875 0.0484375
1 0.0453125 0.3296875 0.0171875 0.05
1 0.0140625 0.3625 0.0171875 0.0578125
1 0.0296875 0.2296875 0.0203125 0.059375
1 0.10078125 0.24375 0.021875 0.0671875
1 0.12734375 0.21875 0.0171875 0.0609375
1 0.175 0.24453125 0.01875 0.0578125
1 0.1515625 0.30859375 0.0171875 0.05
1 0.11953125 0.30234375 0.01875 0.0546875
1 0.12421875 0.33671875 0.0125 0.04375
1 0.54609375 0.45546875 0.0140625 0.0484375
1 0.56015625 0.4296875 0.0203125 0.059375
1 0.625 0.43203125 0.0234375 0.059375
0 0.43671875 0.490625 0.0078125 0.0140625
0 0.3875 0.65234375 0.00625 0.0140625
0 0.2953125 0.54921875 0.0078125 0.009375
0 0.1640625 0.4921875 0.00625 0.009375
0 0.0234375 0.64765625 0.0078125 0.009375
0 0.20703125 0.63671875 0.0078125 0.0125
1 0.26953125 0.65625 0.0203125 0.0578125
1 0.3046875 0.49609375 0.03125 0.0328125
1 0.01640625 0.5203125 0.028125 0.0734375
1 0.01015625 0.709375 0.0140625 0.053125
1 0.09609375 0.703125 0.0171875 0.05
1 0.125 0.65546875 0.015625 0.05
1 0.1234375 0.621875 0.0171875 0.0546875
1 0.09375 0.6484375 0.0171875 0.0578125
0 0.53671875 0.99140625 0.0109375 0.0171875
1 0.8859375 0.925 0.0234375 0.0765625
1 0.93671875 0.859375 0.0234375 0.0765625
1 0.91796875 0.846875 0.021875 0.0703125
1 0.971875 0.73515625 0.0203125 0.0828125
1 0.8703125 0.73828125 0.021875 0.0765625
1 0.73046875 0.70390625 0.0265625 0.0859375
1 0.75625 0.93125 0.0171875 0.0578125
1 0.74765625 0.88125 0.021875 0.0609375
1 0.69453125 0.92109375 0.021875 0.0640625
1 0.628125 0.903125 0.0203125 0.0609375
1 0.60625 0.9453125 0.0171875 0.0609375
1 0.5828125 0.896875 0.0203125 0.0578125
1 0.59140625 0.86953125 0.01875 0.0640625