1 0.48359375 0.51796875 0.0109375 0.0609375
1 0.4734375 0.34609375 0.03125 0.0796875
1 0.3296875 0.28828125 0.0390625 0.0875
1 0.37578125 0.4015625 0.0296875 0.0671875
1 0.178125 0.39921875 0.034375 0.0890625
1 0.02734375 0.33828125 0.0375 0.09375
1 0.04140625 0.50625 0.025 0.0734375
1 0.0046875 0.48984375 0.009375 0.0765625
1 0.0375 0.54140625 0.021875 0.0671875
1 0.0828125 0.53828125 0.025 0.0734375
1 0.14375 0.534375 0.0265625 0.0671875
1 0.16328125 0.52734375 0.0265625 0.0703125
1 0.14609375 0.56875 0.0234375 0.0671875
1 0.2015625 0.60234375 0.025 0.0546875
1 0.28515625 0.6171875 0.0171875 0.0515625
1 0.296875 0.63515625 0.021875 0.0453125
1 0.36015625 0.6078125 0.021875 0.0484375
0 0.93125 0.2 0.0125 0.0203125
1 0.95625 0.0984375 0.0296875 0.0671875
1 0.96171875 0.4328125 0.0140625 0.0390625
1 0.915625 0.3890625 0.0171875 0.046875
1 0.96953125 0.33203125 0.0203125 0.0453125
1 0.96171875 0.29609375 0.0203125 0.0453125
1 0.95 0.29453125 0.021875 0.0546875
1 0.82578125 0.3140625 0.021875 0.0578125
1 0.8140625 0.2234375 0.021875 0.0546875
1 0.75390625 0.26328125 0.0171875 0.059375
1 0.79296875 0.3375 0.0203125 0.0515625
1 0.7984375 0.39765625 0.0234375 0.0484375
1 0.7671875 0.4640625 0.015625 0.040625
1 0.74921875 0.44140625 0.015625 0.0390625
1 0.6828125 0.38125 0.0171875 0.0546875
1 0.6546875 0.34609375 0.021875 0.0640625
1 0.68515625 0.26796875 0.0265625 0.0640625
1 0.75703125 0.33359375 0.021875 0.05
1 0.140625 0.6765625 0.025 0.034375
1 0.20390625 0.759375 0.01875 0.053125
1 0.29375 0.74296875 0.01875 0.0546875
1 0.2984375 0.69296875 0.025 0.0609375
1 0.3828125 0.68125 0.021875 0.04375
1 0.4484375 0.72734375 0.0171875 0.0421875
1 0.4421875 0.77734375 0.015625 0.0390625
1 0.390625 0.76171875 0.0171875 0.0421875
1 0.34375 0.76953125 0.0203125 0.0453125
1 0.55 0.90078125 0.0234375 0.053125
1 0.83671875 0.74375 0.0296875 0.065625
1 0.890625 0.84140625 0.0203125 0.0515625
1 0.86796875 0.8453125 0.0203125 0.0515625
1 0.83046875 0.915625 0.0203125 0.0484375
1 0.7796875 0.89375 0.0234375 0.0453125
1 0.75859375 0.93515625 0.01875 0.040625
1 0.6109375 0.9140625 0.0203125 0.046875
1 0.58984375 0.9703125 0.015625 0.034375
1 0.5953125 0.9765625 0.01875 0.0390625
1 0.5515625 0.9921875 0.015625 0.015625