0 0.18671875 0.68046875 0.0171875 0.0171875
1 0.1734375 0.6640625 0.034375 0.05
1 0.16328125 0.44140625 0.0359375 0.090625
1 0.07734375 0.25703125 0.028125 0.0609375
1 0.29609375 0.2171875 0.0265625 0.0609375
1 0.31015625 0.3890625 0.03125 0.0796875
1 0.45390625 0.45 0.0375 0.0875
1 0.409375 0.3359375 0.028125 0.0671875
1 0.42890625 0.13046875 0.021875 0.0484375
1 0.5125 0.2046875 0.021875 0.0484375
1 0.56484375 0.25859375 0.021875 0.0609375
1 0.578125 0.165625 0.015625 0.0453125
1 0.628125 0.134375 0.015625 0.0390625
1 0.66328125 0.1140625 0.0125 0.0328125
1 0.65546875 0.13671875 0.0140625 0.0328125
1 0.65078125 0.15703125 0.0125 0.04375
1 0.68125 0.1328125 0.015625 0.0375
1 0.66796875 0.209375 0.0171875 0.0515625
1 0.7578125 0.17421875 0.0171875 0.0484375
1 0.80703125 0.2359375 0.0203125 0.0546875
1 0.8390625 0.35 0.0234375 0.06875
1 0.890625 0.146875 0.025 0.0578125
1 0.9296875 0.146875 0.0234375 0.0515625
1 0.13203125 0.85390625 0.0203125 0.0515625
1 0.18984375 0.95234375 0.0203125 0.0546875
1 0.3421875 0.9453125 0.0234375 0.0546875
1 0.5328125 0.9921875 0.01875 0.015625
1 0.58125 0.984375 0.01875 0.03125
1 0.87421875 0.9734375 0.01875 0.0453125