1 0.221875 0.55546875 0.0609375 0.021875
1 0.3921875 0.58359375 0.0796875 0.025
1 0.4859375 0.459375 0.0859375 0.0328125
1 0.36484375 0.475 0.0671875 0.025
1 0.41796875 0.284375 0.0890625 0.0265625
1 0.515625 0.15390625 0.0921875 0.0296875
1 0.35 0.125 0.0734375 0.01875
1 0.3765625 0.08515625 0.0765625 0.01875
1 0.3171875 0.11171875 0.065625 0.0171875
1 0.30859375 0.15625 0.0734375 0.01875
1 0.29609375 0.21640625 0.0671875 0.021875
1 0.2984375 0.23671875 0.0703125 0.021875
1 0.2625 0.209375 0.0671875 0.01875
1 0.21640625 0.25390625 0.0546875 0.0203125
1 0.1796875 0.33125 0.05 0.0140625
1 0.159375 0.3375 0.0453125 0.0171875
1 0.1703125 0.40625 0.0484375 0.01875
0 0.471875 0.73671875 0.0125 0.0078125
0 0.58984375 0.76015625 0.0109375 0.0078125
0 0.61484375 0.66328125 0.0125 0.0078125
0 0.5375 0.85390625 0.0125 0.0078125
0 0.434375 0.81953125 0.0125 0.0078125
0 0.3203125 0.878125 0.0109375 0.0078125
0 0.28046875 0.703125 0.0125 0.0078125
0 0.303125 0.6515625 0.0109375 0.009375
1 0.3796875 0.8515625 0.0546875 0.01875
1 0.45 0.88828125 0.05625 0.015625
1 0.5921875 0.8578125 0.0640625 0.0203125
1 0.70546875 0.728125 0.0640625 0.0265625
1 0.4625 0.759375 0.053125 0.0140625
1 0.2859375 0.7578125 0.046875 0.0140625
1 0.38046875 0.69140625 0.04375 0.0125
1 0.46171875 0.84765625 0.05625 0.015625
1 0.38828125 0.80703125 0.0515625 0.0171875