1 0.15703125 0.01484375 0.059375 0.0265625
1 0.0140625 0.0421875 0.028125 0.01875
0 0.00546875 0.05078125 0.0109375 0.0078125
1 0.0046875 0.10546875 0.009375 0.0203125
1 0.00703125 0.21953125 0.0140625 0.0234375
1 0.06015625 0.0078125 0.0453125 0.015625
1 0.0203125 0.2640625 0.040625 0.025
0 0.071875 0.32578125 0.009375 0.0078125
0 0.2125 0.30859375 0.009375 0.00625
0 0.2875 0.23671875 0.0125 0.0078125
0 0.33203125 0.0609375 0.0109375 0.0078125
0 0.1015625 0.06796875 0.009375 0.0046875
0 0.0828125 0.15390625 0.009375 0.00625
1 0.69140625 0.553125 0.059375 0.0265625
1 0.78515625 0.55859375 0.0734375 0.0203125
1 0.8765625 0.29765625 0.06875 0.0296875
1 0.77890625 0.21875 0.0640625 0.028125
1 0.86171875 0.2203125 0.075 0.0296875
1 0.6953125 0.30625 0.0640625 0.028125
1 0.65625 0.03125 0.0125 0.025
1 0.68984375 0.01640625 0.0640625 0.028125
1 0.9125 0.04765625 0.06875 0.0375
1 0.1765625 0.58046875 0.0625 0.0234375
1 0.21796875 0.67109375 0.0703125 0.0265625
1 0.16171875 0.94453125 0.065625 0.028125
0 0.85625 0.94140625 0.01875 0.009375
0 0.97265625 0.9421875 0.021875 0.0140625
0 0.9375 0.66796875 0.015625 0.009375
0 0.815625 0.64296875 0.01875 0.009375
1 0.721875 0.9796875 0.0703125 0.028125
1 0.7390625 0.90703125 0.0703125 0.028125
1 0.79609375 0.87578125 0.0609375 0.0234375
1 0.82265625 0.79296875 0.0640625 0.0234375
1 0.8953125 0.72890625 0.0671875 0.0296875
1 0.79453125 0.696875 0.0671875 0.0296875
1 0.90234375 0.7140625 0.0640625 0.028125
1 0.95546875 0.82265625 0.05625 0.028125
1 0.96875 0.79375 0.0625 0.028125