1 0.25859375 0.31875 0.0109375 0.0390625
0 0.25 0.31953125 0.0046875 0.0125
1 0.19296875 0.3234375 0.0125 0.0390625
1 0.08203125 0.2953125 0.015625 0.0375
1 0.04296875 0.2625 0.015625 0.04375
0 0.11640625 0.325 0.0046875 0.009375
0 0.040625 0.06328125 0.0046875 0.009375
0 0.1265625 0.00546875 0.00625 0.0109375
0 0.253125 0.221875 0.003125 0.009375
0 0.16484375 0.22265625 0.0046875 0.009375
0 0.58828125 0.6109375 0.0046875 0.0109375
1 0.3953125 0.621875 0.0125 0.034375
1 0.48359375 0.62421875 0.0109375 0.0296875
1 0.53828125 0.5796875 0.0203125 0.05625
1 0.6234375 0.5953125 0.015625 0.0484375
1 0.59140625 0.6234375 0.0171875 0.03125
1 0.65859375 0.62265625 0.0140625 0.0328125
1 0.64375 0.6296875 0.0125 0.01875
1 0.63125 0.63359375 0.00625 0.0109375
1 0.62578125 0.63515625 0.0078125 0.0078125
1 0.859375 0.6203125 0.009375 0.0375
1 0.28203125 0.8546875 0.0046875 0.06875
1 0.3140625 0.85625 0.0125 0.06875
1 0.346875 0.8953125 0.0125 0.065625
1 0.3578125 0.93359375 0.009375 0.04375
1 0.36953125 0.91953125 0.009375 0.05
1 0.36796875 0.87109375 0.0125 0.059375
1 0.390625 0.91953125 0.009375 0.059375
1 0.409375 0.92734375 0.009375 0.05625
1 0.4234375 0.834375 0.0078125 0.06875
1 0.4671875 0.80625 0.015625 0.078125
1 0.64453125 0.846875 0.0140625 0.059375
1 0.6453125 0.9046875 0.0109375 0.05
1 0.8171875 0.86171875 0.015625 0.059375
1 0.7796875 0.81875 0.021875 0.0625
1 0.7625 0.8 0.01875 0.06875
1 0.70234375 0.68671875 0.025 0.09375
1 0.890625 0.7140625 0.025 0.09375