0 0.10390625 0.071875 0.009375 0.0046875
1 0.6015625 0.16796875 0.0578125 0.021875
1 0.4609375 0.0953125 0.0515625 0.0203125
1 0.4859375 0.04296875 0.0546875 0.021875
1 0.2859375 0.6203125 0.0359375 0.015625
1 0.38125 0.73671875 0.015625 0.0234375
1 0.38046875 0.87734375 0.0171875 0.0234375
1 0.74375 0.58203125 0.0921875 0.034375
1 0.54296875 0.70390625 0.0640625 0.0234375
1 0.5265625 0.65 0.0640625 0.025
1 0.47734375 0.6375 0.0484375 0.0171875
1 0.5015625 0.54140625 0.065625 0.0234375
1 0.5296875 0.48046875 0.065625 0.0203125
1 0.55234375 0.35390625 0.05625 0.01875
1 0.6484375 0.33671875 0.0734375 0.025
1 0.41328125 0.365625 0.0421875 0.01875
1 0.45546875 0.43125 0.0421875 0.015625
1 0.39296875 0.4859375 0.0078125 0.01875
1 0.41328125 0.67578125 0.0484375 0.0171875
1 0.41015625 0.5671875 0.0421875 0.01875
1 0.41796875 0.87734375 0.0578125 0.0296875