0 0.34296875 0.05703125 0.009375 0.0046875
0 0.41640625 0.134375 0.0046875 0.00625
0 0.4171875 0.37421875 0.003125 0.0078125
0 0.32890625 0.28515625 0.0140625 0.009375
1 0.21640625 0.39453125 0.0390625 0.0109375
1 0.2375 0.30078125 0.0421875 0.0171875
1 0.27734375 0.28203125 0.046875 0.01875
1 0.3671875 0.378125 0.0609375 0.028125
1 0.33359375 0.228125 0.0515625 0.021875
1 0.315625 0.071875 0.040625 0.0265625
1 0.27890625 0.209375 0.0421875 0.01875
1 0.4109375 0.021875 0.015625 0.034375
1 0.7078125 0.3765625 0.04375 0.0234375
1 0.86015625 0.328125 0.059375 0.025
1 0.82734375 0.20625 0.05 0.0203125
1 0.80546875 0.215625 0.0515625 0.021875
1 0.790625 0.19609375 0.0453125 0.021875
1 0.753125 0.15703125 0.0453125 0.0171875
1 0.74765625 0.11328125 0.0421875 0.0171875
1 0.89765625 0.15859375 0.0578125 0.021875
1 0.82890625 0.08203125 0.0484375 0.01875
1 0.809375 0.07265625 0.046875 0.015625
1 0.775 0.0375 0.0375 0.0171875
1 0.765625 0.03984375 0.034375 0.0125
1 0.8328125 0.0375 0.0484375 0.021875
1 0.8296875 0.02109375 0.0453125 0.01875
1 0.9140625 0.01953125 0.05625 0.0265625
1 0.40234375 0.8421875 0.0328125 0.04375
1 0.321875 0.7953125 0.0734375 0.03125
1 0.2125 0.82890625 0.0734375 0.0265625
1 0.1890625 0.76015625 0.0578125 0.021875
1 0.1640625 0.74609375 0.059375 0.021875
1 0.09921875 0.73046875 0.0546875 0.0203125
1 0.1328125 0.784375 0.0546875 0.0234375
1 0.103125 0.78125 0.0546875 0.0234375
1 0.13515625 0.82734375 0.0625 0.025
1 0.159375 0.9234375 0.0578125 0.0234375
1 0.20859375 0.92890625 0.0703125 0.0265625
1 0.1453125 0.93828125 0.0703125 0.0296875
1 0.278125 0.51640625 0.0734375 0.0265625
1 0.365625 0.40859375 0.075 0.0171875
1 0.23359375 0.4234375 0.065625 0.025
1 0.11953125 0.63359375 0.0484375 0.01875
1 0.096875 0.62421875 0.0515625 0.0203125
0 0.9875 0.48203125 0.0171875 0.009375
0 0.8578125 0.5234375 0.015625 0.0078125
0 0.72734375 0.42109375 0.015625 0.009375
0 0.64375 0.47578125 0.0125 0.0078125
0 0.6703125 0.575 0.0125 0.0078125
0 0.7046875 0.75703125 0.0125 0.009375
0 0.72265625 0.83125 0.0171875 0.0109375
0 0.80859375 0.81796875 0.0125 0.0109375
0 0.89453125 0.825 0.0203125 0.0109375
0 0.9140625 0.7296875 0.0109375 0.0046875
0 0.84140625 0.93046875 0.0109375 0.0046875
1 0.81796875 0.64375 0.0546875 0.0203125
1 0.88125 0.5734375 0.0546875 0.021875
1 0.721875 0.571875 0.0453125 0.01875
1 0.66328125 0.64765625 0.046875 0.015625
1 0.93984375 0.79296875 0.0546875 0.0234375
1 0.84921875 0.71640625 0.0484375 0.01875
1 0.80625 0.70703125 0.0515625 0.0203125
1 0.925 0.6671875 0.0546875 0.025
1 0.934375 0.51640625 0.04375 0.0234375
1 0.76015625 0.6046875 0.0515625 0.0203125
1 0.70859375 0.68046875 0.0453125 0.01875
1 0.79921875 0.546875 0.0515625 0.021875
1 0.790625 0.4765625 0.0453125 0.021875