0 0.17734375 0.43515625 0.0125 0.00625
0 0.04140625 0.38515625 0.009375 0.003125
0 0.13125 0.3203125 0.0125 0.003125
0 0.29140625 0.38984375 0.0046875 0.003125
0 0.26171875 0.3 0.00625 0.003125
0 0.28671875 0.159375 0.0078125 0.0046875
0 0.46640625 0.19609375 0.0125 0.003125
0 0.43515625 0.04453125 0.0125 0.0046875
0 0.20546875 0.0109375 0.009375 0.003125
0 0.17421875 0.084375 0.009375 0.00625
0 0.0671875 0.15703125 0.0125 0.00625
1 0.025 0.0015625 0.05 0.003125
1 0.01953125 0.00703125 0.034375 0.0125
1 0.01953125 0.15078125 0.0390625 0.0109375
1 0.12109375 0.07265625 0.059375 0.0171875
1 0.06171875 0.2140625 0.05 0.0140625
1 0.01796875 0.36484375 0.0359375 0.0203125
1 0.0125 0.2234375 0.025 0.0125
1 0.12578125 0.43125 0.0609375 0.015625
1 0.23984375 0.31328125 0.08125 0.021875
0 0.26875 0.76640625 0.015625 0.009375
1 0.13125 0.44453125 0.05 0.0109375
1 0.12109375 0.4640625 0.05 0.0109375
1 0.10234375 0.48671875 0.04375 0.0109375
1 0.08125 0.49375 0.04375 0.0109375
1 0.10625 0.50546875 0.04375 0.0171875
1 0.1984375 0.5140625 0.0625 0.0140625
1 0.22109375 0.4640625 0.05 0.0140625
1 0.26328125 0.56953125 0.065625 0.0203125
1 0.159375 0.565625 0.059375 0.0125
1 0.121875 0.56953125 0.05625 0.0109375
1 0.15859375 0.60625 0.059375 0.0171875
1 0.240625 0.7921875 0.0640625 0.0140625
1 0.36015625 0.75 0.08125 0.01875
1 0.17578125 0.771875 0.053125 0.015625
1 0.15234375 0.75390625 0.05625 0.0125
1 0.09296875 0.7234375 0.0515625 0.0140625
1 0.0921875 0.67890625 0.040625 0.0125
1 0.15859375 0.878125 0.0609375 0.0171875
1 0.8421875 0.97734375 0.040625 0.0125
1 0.84296875 0.95703125 0.0453125 0.0109375
1 0.87109375 0.846875 0.0390625 0.0140625
1 0.89140625 0.8265625 0.046875 0.0109375
1 0.840625 0.83984375 0.034375 0.015625
1 0.9328125 0.66015625 0.059375 0.0109375
1 0.92421875 0.63046875 0.05 0.015625
1 0.87734375 0.66640625 0.05 0.0140625
1 0.83515625 0.7890625 0.034375 0.0125
1 0.8265625 0.77421875 0.040625 0.0109375
1 0.82265625 0.803125 0.0375 0.0140625
1 0.815625 0.81015625 0.03125 0.0109375
1 0.815625 0.821875 0.03125 0.0109375
1 0.8484375 0.81328125 0.0359375 0.0109375
1 0.86953125 0.53515625 0.05 0.0109375