0 0.37109375 0.12265625 0.0125 0.00625
0 0.23671875 0.178125 0.009375 0.003125
0 0.32890625 0.2390625 0.0125 0.003125
0 0.48671875 0.1640625 0.0046875 0.003125
0 0.46015625 0.25546875 0.00625 0.003125
0 0.48984375 0.39453125 0.0078125 0.0046875
0 0.66484375 0.3515625 0.0078125 0.003125
0 0.6421875 0.5046875 0.0125 0.0046875
0 0.55625 0.60234375 0.009375 0.00625
0 0.4140625 0.54609375 0.009375 0.003125
0 0.3796875 0.4734375 0.009375 0.00625
0 0.2703125 0.4046875 0.0125 0.00625
0 0.23125 0.61640625 0.0125 0.003125
0 0.31328125 0.6390625 0.009375 0.0046875
0 0.64140625 0.68203125 0.009375 0.00625
1 0.2765625 0.66328125 0.05 0.0125
1 0.2328125 0.565625 0.0515625 0.009375
1 0.228125 0.55625 0.034375 0.0109375
1 0.1890625 0.56875 0.0328125 0.00625
1 0.184375 0.5375 0.0375 0.0078125
1 0.184375 0.4390625 0.040625 0.009375
1 0.21953125 0.4125 0.0453125 0.009375
1 0.32734375 0.4875 0.059375 0.015625
1 0.26328125 0.34765625 0.05 0.0125
1 0.21328125 0.1984375 0.0375 0.01875
1 0.20546875 0.340625 0.040625 0.0109375
1 0.31953125 0.125 0.0609375 0.021875
1 0.4375 0.24296875 0.08125 0.01875
1 0.99140625 0.38203125 0.0171875 0.0140625
1 0.45859375 0.8421875 0.065625 0.015625
1 0.44140625 0.8640625 0.059375 0.01875
1 0.36953125 0.8453125 0.0578125 0.015625
1 0.3625 0.88515625 0.05625 0.015625
1 0.29765625 0.8640625 0.040625 0.0125
1 0.2609375 0.83671875 0.0359375 0.0125
1 0.409375 0.7078125 0.065625 0.0140625
1 0.353125 0.72421875 0.053125 0.0109375
1 0.990625 0.95 0.01875 0.00625