1 0.26953125 0.3765625 0.01875 0.065625
1 0.0078125 0.3046875 0.015625 0.0625
1 0.2171875 0.24140625 0.0140625 0.046875
1 0.29453125 0.23828125 0.0140625 0.053125
1 0.33671875 0.1859375 0.0109375 0.046875
1 0.34609375 0.18828125 0.009375 0.040625
1 0.371875 0.18828125 0.009375 0.034375
1 0.38828125 0.19765625 0.0109375 0.04375
1 0.428125 0.225 0.0140625 0.05
1 0.36015625 0.25234375 0.0078125 0.04375
1 0.365625 0.23984375 0.0125 0.04375
1 0.52109375 0.4375 0.0109375 0.021875
1 0.77578125 0.4046875 0.0078125 0.0234375
1 0.7796875 0.44296875 0.003125 0.0265625
1 0.78984375 0.45 0.00625 0.03125
1 0.8171875 0.45 0.0078125 0.028125
1 0.8265625 0.39765625 0.00625 0.025
1 0.89921875 0.39375 0.00625 0.021875
1 0.85 0.50703125 0.00625 0.0234375
1 0.903125 0.5078125 0.00625 0.021875
1 0.99453125 0.48359375 0.009375 0.028125
1 0.975 0.3921875 0.0078125 0.028125
1 0.90625 0.44296875 0.00625 0.028125
0 0.909375 0.45703125 0.0046875 0.009375
1 0.45625 0.64453125 0.00625 0.025
1 0.4359375 0.7046875 0.00625 0.028125
1 0.45703125 0.74453125 0.0046875 0.0265625
1 0.41640625 0.78359375 0.00625 0.034375
1 0.37578125 0.81015625 0.00625 0.028125
1 0.3734375 0.94453125 0.009375 0.04375
1 0.3578125 0.8078125 0.00625 0.03125
1 0.296875 0.6625 0.00625 0.028125
1 0.26484375 0.70703125 0.009375 0.0359375
1 0.25234375 0.72890625 0.00625 0.03125
1 0.20546875 0.82109375 0.0078125 0.034375
1 0.3140625 0.734375 0.0046875 0.028125
1 0.34765625 0.7375 0.00625 0.025
1 0.3671875 0.73125 0.00625 0.0296875
1 0.3765625 0.69140625 0.00625 0.025
1 0.36953125 0.671875 0.00625 0.028125
1 0.378125 0.66015625 0.00625 0.028125
1 0.3921875 0.7328125 0.009375 0.03125
0 0.37421875 0.74375 0.0046875 0.009375
1 0.4796875 0.79609375 0.0140625 0.05625
1 0.6609375 0.89296875 0.0109375 0.059375
1 0.66796875 0.97890625 0.0140625 0.0421875
1 0.7 0.77265625 0.0140625 0.0484375
1 0.80703125 0.92421875 0.0109375 0.059375
1 0.75390625 0.9859375 0.0140625 0.028125
1 0.76640625 0.99453125 0.0203125 0.0109375
1 0.96640625 0.78125 0.0140625 0.053125
1 0.86796875 0.76015625 0.0109375 0.0453125
1 0.90390625 0.675 0.009375 0.046875
0 0.66796875 0.9265625 0.0078125 0.009375
0 0.7109375 0.90234375 0.0046875 0.0140625
0 0.7140625 0.79609375 0.00625 0.009375
0 0.77109375 0.8484375 0.00625 0.015625
0 0.76484375 0.69296875 0.0046875 0.0140625
0 0.91640625 0.878125 0.0046875 0.009375
0 0.87421875 0.7875 0.0078125 0.015625
0 0.96640625 0.8078125 0.00625 0.015625