1 0.3859375 0.05703125 0.028125 0.0203125
1 0.37890625 0.28984375 0.0421875 0.0265625
1 0.28984375 0.309375 0.0578125 0.0265625
1 0.2125 0.409375 0.0515625 0.025
1 0.17890625 0.6046875 0.0671875 0.009375
1 0.04765625 0.5671875 0.0546875 0.021875
1 0.01328125 0.515625 0.0265625 0.01875
1 0.0140625 0.50703125 0.028125 0.0171875
1 0.01484375 0.48125 0.0296875 0.015625
1 0.0234375 0.46796875 0.0453125 0.01875
1 0.0578125 0.4328125 0.0515625 0.021875
1 0.06796875 0.3984375 0.0328125 0.015625
1 0.0578125 0.3890625 0.0359375 0.015625
1 0.0890625 0.39453125 0.0390625 0.015625
1 0.08359375 0.3875 0.0421875 0.0171875
1 0.08984375 0.36484375 0.0453125 0.0171875
1 0.07265625 0.5046875 0.04375 0.015625
1 0.0609375 0.496875 0.0453125 0.0203125
1 0.41171875 0.32421875 0.0234375 0.0265625
1 0.41015625 0.25234375 0.0203125 0.0265625
1 0.54296875 0.15234375 0.0765625 0.0296875
1 0.44140625 0.021875 0.0671875 0.028125
1 0.434375 0.01171875 0.06875 0.0234375
1 0.42421875 0.03359375 0.0484375 0.0234375
1 0.42109375 0.05625 0.0421875 0.025
1 0.40625 0.04609375 0.0125 0.0203125
1 0.409375 0.03046875 0.01875 0.0203125
1 0.025 0.9109375 0.05 0.025
0 0.04453125 0.921875 0.0234375 0.015625
1 0.68671875 0.69765625 0.0421875 0.0171875
1 0.6921875 0.67734375 0.034375 0.0125
1 0.74296875 0.621875 0.0421875 0.01875
1 0.821875 0.62734375 0.046875 0.0171875
1 0.7984375 0.6203125 0.0421875 0.0171875
1 0.74375 0.73671875 0.0421875 0.0171875
1 0.81875 0.734375 0.0484375 0.01875
1 0.896875 0.75234375 0.0609375 0.0234375
1 0.76015625 0.8390625 0.040625 0.015625
1 0.7453125 0.83984375 0.0390625 0.0140625
1 0.65625 0.8984375 0.0296875 0.0125
1 0.72890625 0.90859375 0.0484375 0.01875
1 0.81328125 0.97734375 0.059375 0.0234375
1 0.68828125 0.99296875 0.0453125 0.0140625
0 0.7390625 0.78984375 0.0109375 0.00625