1 0.07265625 0.4671875 0.0265625 0.04375
1 0.63828125 0.47578125 0.0171875 0.0265625
1 0.77109375 0.47734375 0.0203125 0.0234375
1 0.8328125 0.4734375 0.021875 0.03125
1 0.93515625 0.321875 0.028125 0.0546875
1 0.825 0.32421875 0.0203125 0.05
1 0.75625 0.3796875 0.0234375 0.0484375
1 0.63515625 0.31015625 0.0109375 0.0484375
1 0.70546875 0.1984375 0.028125 0.0578125
1 0.6453125 0.209375 0.021875 0.053125
1 0.8078125 0.1359375 0.0265625 0.0640625
0 0.2875 0.59765625 0.009375 0.0140625
0 0.40390625 0.66640625 0.009375 0.0140625
0 0.51484375 0.80859375 0.0109375 0.0140625
0 0.3515625 0.81796875 0.0078125 0.009375
0 0.3265625 0.78046875 0.0078125 0.0125
0 0.18515625 0.81015625 0.0078125 0.0125
0 0.1703125 0.73046875 0.00625 0.0109375
0 0.11484375 0.603125 0.00625 0.0109375
1 0.56171875 0.71015625 0.028125 0.053125
1 0.01015625 0.58046875 0.0203125 0.0609375
1 0.0328125 0.68359375 0.0203125 0.0484375
1 0.05703125 0.721875 0.0234375 0.0484375
1 0.09609375 0.75546875 0.0171875 0.0328125
1 0.1375 0.79140625 0.0171875 0.0359375
1 0.0296875 0.75234375 0.015625 0.0359375
1 0.2640625 0.746875 0.015625 0.0359375
1 0.253125 0.71796875 0.0171875 0.0375
1 0.23125 0.7609375 0.0140625 0.03125
1 0.3828125 0.67890625 0.0265625 0.0515625
1 0.5015625 0.7375 0.025 0.046875
1 0.4453125 0.74609375 0.021875 0.0390625
1 0.5609375 0.78046875 0.0203125 0.0421875
1 0.6234375 0.88359375 0.0125 0.0328125
1 0.46015625 0.82734375 0.0171875 0.0359375
1 0.4328125 0.8421875 0.0171875 0.0359375
1 0.3859375 0.83125 0.0125 0.0296875
1 0.378125 0.625 0.034375 0.065625
1 0.2125 0.70625 0.0171875 0.040625
1 0.73203125 0.68359375 0.0265625 0.0625
1 0.87421875 0.5859375 0.0265625 0.0609375
1 0.79765625 0.54296875 0.0296875 0.059375
1 0.68671875 0.56875 0.0296875 0.0734375
1 0.68515625 0.50234375 0.0265625 0.0265625