1 0.42734375 0.3328125 0.0234375 0.03125
1 0.8609375 0.63046875 0.0546875 0.021875
1 0.88046875 0.6171875 0.0609375 0.0265625
1 0.83671875 0.6203125 0.053125 0.021875
1 0.7796875 0.54296875 0.0703125 0.028125
1 0.85703125 0.46328125 0.0578125 0.0234375
1 0.678125 0.25078125 0.0828125 0.034375
1 0.865625 0.30078125 0.0578125 0.0234375
1 0.93671875 0.253125 0.0515625 0.025
1 0.9828125 0.2640625 0.034375 0.025
1 0.98671875 0.31328125 0.0265625 0.0203125
1 0.9796875 0.40703125 0.040625 0.0234375
1 0.91171875 0.4359375 0.0421875 0.01875
1 0.92109375 0.47421875 0.0484375 0.0203125
1 0.984375 0.5078125 0.03125 0.01875
1 0.959375 0.58046875 0.0484375 0.0203125
1 0.98046875 0.153125 0.0390625 0.021875
0 0.3421875 0.77265625 0.0109375 0.00625
0 0.21484375 0.82890625 0.0125 0.0078125
1 0.31953125 0.88125 0.0609375 0.0296875
1 0.41875 0.85390625 0.040625 0.0203125
1 0.98203125 0.76796875 0.0359375 0.0203125
1 0.81328125 0.8125 0.0546875 0.028125
1 0.7765625 0.82734375 0.0578125 0.028125
1 0.73984375 0.8796875 0.0609375 0.028125
1 0.71953125 0.92109375 0.0609375 0.025
1 0.87890625 0.975 0.0484375 0.0234375
1 0.90859375 0.99453125 0.0453125 0.0109375