1 0.35234375 0.1046875 0.0140625 0.015625
1 0.32578125 0.13125 0.0375 0.015625
1 0.3 0.11953125 0.0484375 0.0140625
1 0.26484375 0.23671875 0.0390625 0.01875
1 0.26171875 0.30625 0.0375 0.0171875
1 0.29296875 0.30859375 0.040625 0.015625
1 0.2859375 0.36328125 0.04375 0.0125
1 0.2234375 0.3765625 0.034375 0.00625
0 0.2765625 0.23828125 0.015625 0.009375
1 0.49765625 0.01171875 0.0703125 0.0203125
1 0.50234375 0.14609375 0.0609375 0.0203125
1 0.48984375 0.21640625 0.0609375 0.0203125
1 0.4421875 0.246875 0.0609375 0.0203125
1 0.47734375 0.26796875 0.0546875 0.01875
1 0.6296875 0.334375 0.0765625 0.0203125
1 0.4171875 0.37578125 0.0625 0.0078125
1 0.42890625 0.34765625 0.053125 0.0125
0 0.31171875 0.89140625 0.0125 0.0078125
0 0.20546875 0.8375 0.0109375 0.00625
0 0.10078125 0.8796875 0.0125 0.0078125
0 0.18828125 0.946875 0.0109375 0.0046875
0 0.20234375 0.621875 0.0125 0.0046875
0 0.284375 0.5796875 0.009375 0.003125
0 0.23203125 0.50703125 0.0109375 0.00625
0 0.0671875 0.525 0.015625 0.0078125
0 0.00703125 0.4765625 0.0109375 0.00625
0 0.003125 0.80859375 0.00625 0.0046875
0 0.0328125 0.990625 0.0125 0.0078125
0 0.12578125 0.7515625 0.0125 0.00625
0 0.33671875 0.7765625 0.0125 0.0078125
1 0.00625 0.46171875 0.0125 0.0140625
1 0.04609375 0.478125 0.053125 0.0125
1 0.25390625 0.41796875 0.0609375 0.0203125
1 0.1765625 0.65390625 0.05 0.0125
1 0.040625 0.67421875 0.05625 0.0125
1 0.0484375 0.73359375 0.053125 0.0125
1 0.0296875 0.83359375 0.046875 0.0140625
1 0.00703125 0.91875 0.0140625 0.0125
1 0.33203125 0.64921875 0.0546875 0.0140625
0 0.415625 0.76953125 0.009375 0.00625
0 0.36640625 0.8375 0.009375 0.0046875
1 0.384375 0.9375 0.05 0.015625
1 0.45234375 0.96640625 0.065625 0.015625
1 0.67734375 0.93671875 0.1 0.021875
1 0.61328125 0.46640625 0.0875 0.021875
1 0.5875 0.434375 0.0765625 0.0296875
1 0.48046875 0.5640625 0.0734375 0.0234375
1 0.415625 0.596875 0.0734375 0.0296875
1 0.45078125 0.6359375 0.0734375 0.0203125