1 0.81171875 0.6671875 0.084375 0.0390625
1 0.7390625 0.64296875 0.0859375 0.034375
1 0.61484375 0.6546875 0.06875 0.034375
1 0.571875 0.49296875 0.0703125 0.03125
1 0.60703125 0.48125 0.0734375 0.0296875
1 0.49921875 0.45078125 0.0671875 0.0296875
1 0.5203125 0.353125 0.059375 0.021875
1 0.5484375 0.2375 0.0640625 0.0265625
1 0.76640625 0.23828125 0.0734375 0.034375
1 0.89375 0.35078125 0.075 0.0390625
1 0.95703125 0.3671875 0.0859375 0.04375
1 0.896875 0.3125 0.0921875 0.040625
1 0.81875 0.290625 0.0796875 0.0359375
1 0.86171875 0.1875 0.0421875 0.05625
0 0.73671875 0.92265625 0.009375 0.0046875
0 0.5734375 0.98203125 0.00625 0.0046875
0 0.52265625 0.940625 0.00625 0.0046875
0 0.68046875 0.86015625 0.00625 0.0046875
1 0.596875 0.95 0.04375 0.0171875
1 0.60859375 0.89765625 0.0453125 0.0203125
1 0.57109375 0.8890625 0.0390625 0.015625
1 0.6421875 0.87734375 0.046875 0.01875
1 0.62890625 0.85703125 0.04375 0.0171875
1 0.67109375 0.915625 0.046875 0.0203125
1 0.69921875 0.94296875 0.0546875 0.025