0 0.3046875 0.153125 0.021875 0.009375
1 0.11953125 0.14765625 0.040625 0.0125
1 0.2 0.40078125 0.0484375 0.0125
1 0.2359375 0.50703125 0.05625 0.0171875
1 0.3 0.53046875 0.065625 0.015625
1 0.38828125 0.2890625 0.071875 0.01875
1 0.25390625 0.328125 0.05625 0.015625
1 0.31171875 0.2078125 0.071875 0.021875
1 0.36171875 0.175 0.06875 0.0171875
1 0.39765625 0.1703125 0.071875 0.01875
1 0.36796875 0.06484375 0.08125 0.01875
1 0.19765625 0.11015625 0.053125 0.015625
1 0.2375 0.12734375 0.05625 0.0140625
1 0.25234375 0.140625 0.05625 0.0140625
1 0.2734375 0.159375 0.0640625 0.0140625
1 0.8125 0.51953125 0.040625 0.0140625
1 0.9625 0.35859375 0.05625 0.0140625
1 0.86796875 0.34140625 0.0484375 0.0171875
1 0.92109375 0.30234375 0.05625 0.0234375
1 0.875 0.1546875 0.0515625 0.015625
1 0.82578125 0.16796875 0.04375 0.0109375
1 0.82421875 0.16171875 0.04375 0.0140625
1 0.92265625 0.11953125 0.065625 0.0140625
1 0.95234375 0.05 0.059375 0.0234375
1 0.7671875 0.053125 0.0375 0.0109375
1 0.6953125 0.078125 0.0359375 0.0109375
1 0.73125 0.19375 0.03125 0.0109375
1 0.7328125 0.22578125 0.03125 0.0109375
1 0.77578125 0.2609375 0.0375 0.0125
0 0.84765625 0.321875 0.021875 0.0109375
1 0.890625 0.00625 0.05625 0.0125
0 0.0484375 0.6453125 0.00625 0.003125
1 0.0625 0.92890625 0.05 0.0109375
1 0.24375 0.75859375 0.065625 0.0171875
1 0.05546875 0.72421875 0.05 0.0109375
1 0.00703125 0.64375 0.0140625 0.009375
1 0.025 0.646875 0.03125 0.0078125
1 0.046875 0.64140625 0.034375 0.0109375
1 0.1375 0.6265625 0.0515625 0.0140625
1 0.03984375 0.609375 0.046875 0.0109375
1 0.0125 0.5421875 0.025 0.00625
1 0.01640625 0.78828125 0.0328125 0.0109375
1 0.01015625 0.89765625 0.0203125 0.0109375
1 0.64375 0.94765625 0.0546875 0.0125
1 0.78125 0.890625 0.0625 0.0140625
1 0.6890625 0.85 0.0625 0.0140625
1 0.63515625 0.871875 0.0453125 0.0140625
1 0.61015625 0.8625 0.034375 0.0109375
1 0.6171875 0.834375 0.04375 0.0109375
1 0.60234375 0.8421875 0.0390625 0.0109375
1 0.70234375 0.7578125 0.053125 0.0109375
1 0.61875 0.6875 0.04375 0.015625
1 0.6140625 0.696875 0.05 0.0125
1 0.59921875 0.671875 0.046875 0.0109375
1 0.640625 0.5953125 0.05 0.0109375
1 0.61484375 0.58671875 0.04375 0.0109375
1 0.63125 0.565625 0.05 0.009375
1 0.65625 0.55390625 0.053125 0.009375
1 0.74765625 0.55390625 0.0625 0.0140625