1 0.32421875 0.046875 0.0421875 0.0203125
1 0.06171875 0.053125 0.0828125 0.0359375
1 0.13046875 0.209375 0.0609375 0.025
1 0.02578125 0.35390625 0.0515625 0.0328125
1 0.11875 0.35703125 0.065625 0.0296875
1 0.22578125 0.275 0.0484375 0.0234375
1 0.23828125 0.06015625 0.0546875 0.0265625
1 0.2046875 0.03203125 0.0578125 0.0265625
1 0.1953125 0.01484375 0.0578125 0.0265625
1 0.48671875 0.25703125 0.0484375 0.0234375
1 0.509375 0.23515625 0.0453125 0.0234375
1 0.6375 0.25078125 0.0390625 0.021875
1 0.52265625 0.06484375 0.0484375 0.0234375
1 0.528125 0.0484375 0.0484375 0.025
1 0.78046875 0.02421875 0.05 0.021875
1 0.85390625 0.0046875 0.0421875 0.009375
1 0.64140625 0.22734375 0.04375 0.01875
1 0.65703125 0.16875 0.0421875 0.0203125
1 0.74140625 0.215625 0.0390625 0.01875
1 0.73828125 0.11953125 0.0484375 0.021875
0 0.46171875 0.0984375 0.015625 0.009375
0 0.58515625 0.20078125 0.015625 0.0109375
0 0.575 0.29296875 0.0140625 0.009375
0 0.42890625 0.29609375 0.0125 0.0078125
0 0.7359375 0.2796875 0.0140625 0.0078125
0 0.83203125 0.165625 0.0171875 0.009375
0 0.6484375 0.05546875 0.0109375 0.0078125
1 0.11796875 0.62109375 0.053125 0.025
1 0.015625 0.74921875 0.03125 0.0234375
1 0.021875 0.78046875 0.04375 0.0265625
1 0.02421875 0.79453125 0.0484375 0.0265625
1 0.0328125 0.81328125 0.05 0.028125
1 0.0515625 0.83828125 0.0484375 0.0234375
1 0.05703125 0.85546875 0.0515625 0.025
1 0.0109375 0.8640625 0.021875 0.028125
1 0.0625 0.8921875 0.0515625 0.028125
1 0.01484375 0.965625 0.0296875 0.028125
0 0.72890625 0.8828125 0.0171875 0.0109375
1 0.7984375 0.4765625 0.0578125 0.028125
1 0.82421875 0.53359375 0.0484375 0.021875
1 0.8640625 0.5703125 0.0421875 0.0203125
1 0.7265625 0.52890625 0.0546875 0.028125
1 0.759375 0.69765625 0.0546875 0.028125
1 0.80625 0.69375 0.05 0.021875
1 0.85859375 0.70703125 0.046875 0.0203125
1 0.83203125 0.678125 0.053125 0.0234375
1 0.8484375 0.6453125 0.0484375 0.0234375
1 0.9140625 0.5703125 0.0375 0.015625
1 0.88984375 0.4921875 0.0421875 0.0203125
1 0.91484375 0.503125 0.0359375 0.0171875
1 0.85859375 0.4359375 0.0625 0.028125
1 0.86484375 0.40859375 0.0546875 0.0265625
1 0.59140625 0.86171875 0.0671875 0.0328125
1 0.74921875 0.89921875 0.053125 0.0234375
1 0.78203125 0.80390625 0.0484375 0.021875
1 0.85625 0.77578125 0.040625 0.0171875