1 0.02421875 0.11640625 0.0484375 0.0234375
1 0.12890625 0.259375 0.0734375 0.01875
1 0.02890625 0.259375 0.0578125 0.01875
1 0.81953125 0.24765625 0.0328125 0.0140625
0 0.328125 0.85546875 0.015625 0.009375
0 0.4875 0.8015625 0.0140625 0.0078125
0 0.334375 0.746875 0.0140625 0.009375
0 0.39296875 0.65859375 0.0109375 0.0078125
0 0.45703125 0.58515625 0.0109375 0.009375
0 0.33046875 0.5546875 0.0140625 0.009375
0 0.4953125 0.47890625 0.0140625 0.009375
0 0.4125 0.328125 0.0109375 0.0078125
0 0.25 0.3546875 0.015625 0.009375
1 0.41640625 0.81796875 0.0578125 0.028125
1 0.41328125 0.74296875 0.059375 0.03125
1 0.53203125 0.65234375 0.0734375 0.0328125
1 0.2796875 0.759375 0.0359375 0.01875
1 0.2671875 0.75078125 0.0484375 0.0171875
1 0.1984375 0.6890625 0.0390625 0.015625
1 0.20703125 0.6609375 0.040625 0.015625
1 0.26875 0.57890625 0.0515625 0.0234375
1 0.25625 0.48046875 0.05 0.0265625
1 0.17734375 0.4859375 0.0421875 0.01875
1 0.1265625 0.40390625 0.0421875 0.01875
1 0.33984375 0.47578125 0.0546875 0.0234375
1 0.3859375 0.46953125 0.05 0.0234375
1 0.540625 0.2953125 0.05625 0.04375
0 0.721875 0.84921875 0.015625 0.009375
0 0.58828125 0.90625 0.0171875 0.009375
0 0.62890625 0.7 0.009375 0.0078125
0 0.59296875 0.66484375 0.0125 0.0078125
0 0.71640625 0.596875 0.0109375 0.0078125
0 0.62734375 0.5 0.0109375 0.0078125
1 0.70859375 0.74296875 0.075 0.0375
1 0.6328125 0.87265625 0.0609375 0.028125
1 0.59140625 0.5703125 0.0453125 0.03125
1 0.58046875 0.434375 0.0234375 0.03125
1 0.69453125 0.70546875 0.071875 0.0375
1 0.59765625 0.44921875 0.0578125 0.0296875