1 0.009375 0.1109375 0.01875 0.0125
1 0.0109375 0.01953125 0.021875 0.0171875
0 0.9046875 0.50625 0.0125 0.00625
0 0.9140625 0.15 0.015625 0.0078125
0 0.86015625 0.09453125 0.0109375 0.00625
0 0.82421875 0.2625 0.0125 0.00625
1 0.7484375 0.26015625 0.040625 0.0109375
0 0.73203125 0.3953125 0.0109375 0.0046875
0 0.8140625 0.42421875 0.009375 0.0046875
0 0.73203125 0.5421875 0.0109375 0.003125
0 0.94453125 0.38125 0.0125 0.0046875
1 0.84296875 0.078125 0.05 0.0140625
1 0.89921875 0.10078125 0.053125 0.0125
1 0.990625 0.290625 0.01875 0.0125
1 0.86953125 0.29453125 0.05625 0.0125
1 0.8703125 0.3546875 0.053125 0.0125
1 0.8390625 0.4515625 0.046875 0.0140625
1 0.75859375 0.48203125 0.046875 0.0078125
1 0.65234375 0.45078125 0.04375 0.0078125
1 0.79140625 0.53125 0.04375 0.0109375
0 0.0546875 0.590625 0.009375 0.003125
0 0.2171875 0.66328125 0.0140625 0.0046875
0 0.0609375 0.684375 0.0125 0.0046875
0 0.25625 0.79375 0.0125 0.00625
0 0.1109375 0.9 0.009375 0.00625
0 0.24453125 0.97265625 0.0125 0.0046875
1 0.0765625 0.79296875 0.0703125 0.0234375
1 0.0421875 0.95390625 0.059375 0.015625
1 0.46328125 0.58046875 0.053125 0.015625
1 0.37578125 0.59140625 0.05 0.015625
1 0.3828125 0.60625 0.046875 0.01875
1 0.35859375 0.59609375 0.0171875 0.0140625
1 0.3625 0.67421875 0.025 0.0109375
1 0.38125 0.70234375 0.0453125 0.0125
1 0.42109375 0.69921875 0.0515625 0.0140625
1 0.35859375 0.71796875 0.0171875 0.0140625
1 0.43515625 0.81875 0.05625 0.015625
1 0.4609375 0.87109375 0.0578125 0.01875
1 0.4171875 0.8609375 0.0640625 0.015625
1 0.3921875 0.8375 0.0515625 0.015625
1 0.38125 0.834375 0.05625 0.0125