0 0.69765625 0.28046875 0.0046875 0.0171875
1 0.58984375 0.22109375 0.0234375 0.053125
1 0.64140625 0.26171875 0.028125 0.05625
1 0.5578125 0.29609375 0.0296875 0.0640625
1 0.578125 0.33671875 0.021875 0.0546875
1 0.48984375 0.2625 0.0203125 0.05
1 0.4140625 0.20546875 0.0171875 0.040625
1 0.4078125 0.35859375 0.0265625 0.0546875
1 0.334375 0.42578125 0.0234375 0.0609375
1 0.24609375 0.446875 0.0265625 0.0578125
1 0.265625 0.359375 0.021875 0.05625
1 0.31328125 0.28828125 0.0203125 0.053125
1 0.225 0.2671875 0.0125 0.03125
1 0.215625 0.24765625 0.015625 0.0328125
1 0.12734375 0.3171875 0.0203125 0.0484375
1 0.13125 0.42265625 0.0296875 0.0625
1 0.0984375 0.4421875 0.0296875 0.028125
1 0.021875 0.40546875 0.028125 0.0609375
1 0.634375 0.3109375 0.034375 0.059375
1 0.7390625 0.15078125 0.028125 0.0609375
1 0.80234375 0.11796875 0.028125 0.0609375
1 0.8171875 0.06328125 0.028125 0.0609375
1 0.84765625 0.090625 0.0265625 0.0546875
1 0.95625 0.2171875 0.0328125 0.0765625
1 0.9890625 0.06171875 0.021875 0.0546875
1 0.9890625 0.02890625 0.021875 0.0578125
1 0.996875 0.028125 0.00625 0.05625
1 0.9515625 0.0203125 0.021875 0.040625
1 0.93671875 0.01640625 0.0265625 0.0328125
1 0.91015625 0.0234375 0.0203125 0.046875
0 0.1328125 0.675 0.0125 0.015625
1 0.6453125 0.69296875 0.028125 0.0703125
1 0.5765625 0.5953125 0.0203125 0.053125
1 0.4875 0.61640625 0.0203125 0.053125
1 0.4859375 0.6671875 0.028125 0.0609375
1 0.46640625 0.7484375 0.0234375 0.0609375
1 0.403125 0.68984375 0.025 0.0578125
1 0.334375 0.63984375 0.0203125 0.0421875
1 0.33828125 0.590625 0.0171875 0.0390625
1 0.38984375 0.603125 0.0203125 0.0421875
1 0.43671875 0.5921875 0.021875 0.0453125
1 0.31484375 0.8078125 0.03125 0.0640625
1 0.128125 0.71953125 0.025 0.0578125
1 0.09296875 0.69765625 0.021875 0.0421875
1 0.12109375 0.65 0.015625 0.0375
1 0.078125 0.6171875 0.015625 0.0390625
1 0.0203125 0.6609375 0.0140625 0.0359375
1 0.01953125 0.68984375 0.025 0.0484375
1 0.76171875 0.74140625 0.021875 0.0484375
1 0.88359375 0.8734375 0.0265625 0.053125
1 0.88671875 0.93984375 0.0203125 0.0515625