0 0.3828125 0.11328125 0.0171875 0.0125
1 0.28671875 0.02109375 0.0484375 0.021875
1 0.2828125 0.190625 0.053125 0.021875
1 0.34140625 0.16015625 0.0546875 0.0265625
1 0.3390625 0.25 0.0640625 0.0265625
1 0.38359375 0.2484375 0.0546875 0.0203125
1 0.28046875 0.2984375 0.05 0.01875
1 0.196875 0.34453125 0.040625 0.015625
1 0.33515625 0.4125 0.0546875 0.025
1 0.36640625 0.50703125 0.0609375 0.0203125
1 0.27734375 0.54296875 0.05625 0.0203125
1 0.23203125 0.4703125 0.053125 0.01875
1 0.1765625 0.5421875 0.03125 0.0125
1 0.15546875 0.54296875 0.0328125 0.015625
1 0.3828125 0.1859375 0.059375 0.0328125
1 0.63984375 0.00625 0.0703125 0.0125
1 0.534375 0.0234375 0.03125 0.01875
1 0.5265625 0.1125 0.015625 0.01875
1 0.5515625 0.1359375 0.0609375 0.0265625
1 0.61796875 0.18671875 0.0609375 0.0203125
1 0.54296875 0.22109375 0.0484375 0.0234375
1 0.61015625 0.34921875 0.0640625 0.0296875
1 0.45234375 0.57109375 0.0828125 0.0234375
1 0.25078125 0.56953125 0.0546875 0.0203125
1 0.2546875 0.6546875 0.0609375 0.0265625
1 0.30859375 0.684375 0.0734375 0.03125
1 0.265625 0.78203125 0.06875 0.03125
1 0.35625 0.8 0.0703125 0.028125
1 0.15625 0.7671875 0.05 0.0203125
1 0.06796875 0.86875 0.0375 0.0171875
1 0.140625 0.93359375 0.05 0.028125
1 0.146875 0.9140625 0.04375 0.028125
1 0.14765625 0.9953125 0.0546875 0.009375
1 0.10078125 0.99453125 0.0453125 0.0109375
1 0.2921875 0.996875 0.065625 0.00625
0 0.0953125 0.96015625 0.0203125 0.0125
1 0.69765625 0.96015625 0.090625 0.040625
1 0.5625 0.7203125 0.078125 0.0359375
1 0.690625 0.6140625 0.090625 0.040625