1 0.1703125 0.13125 0.065625 0.015625
1 0.265625 0.1109375 0.059375 0.0140625
1 0.36171875 0.05234375 0.046875 0.0140625
1 0.378125 0.1515625 0.046875 0.0109375
1 0.3625 0.16796875 0.053125 0.0140625
1 0.42421875 0.2375 0.0390625 0.0109375
1 0.271875 0.26875 0.059375 0.0125
1 0.2515625 0.29921875 0.0390625 0.015625
1 0.2703125 0.2984375 0.0515625 0.0140625
0 0.16953125 0.3078125 0.021875 0.0125
1 0.67421875 0.271875 0.0578125 0.0109375
1 0.64921875 0.1109375 0.0578125 0.0109375
1 0.70859375 0.04921875 0.05 0.0140625
1 0.76484375 0.05 0.0484375 0.015625
1 0.78046875 0.09609375 0.04375 0.0109375
1 0.8234375 0.090625 0.0375 0.0109375
1 0.7859375 0.190625 0.0453125 0.0140625
1 0.721875 0.23359375 0.040625 0.0109375
1 0.7390625 0.26953125 0.046875 0.0109375
1 0.8140625 0.2875 0.04375 0.009375
1 0.85859375 0.00546875 0.040625 0.0078125
0 0.36484375 0.62421875 0.01875 0.0109375
1 0.3109375 0.49296875 0.06875 0.025
1 0.2296875 0.5671875 0.078125 0.0234375
1 0.3203125 0.63984375 0.05625 0.0234375
1 0.41328125 0.690625 0.04375 0.0203125
1 0.33125 0.74765625 0.053125 0.0234375
1 0.3 0.74375 0.0578125 0.0265625
1 0.265625 0.79609375 0.06875 0.01875
1 0.27109375 0.79765625 0.0640625 0.0234375
1 0.32109375 0.8796875 0.0625 0.0171875
1 0.17109375 0.8703125 0.08125 0.0265625
1 0.21328125 0.959375 0.065625 0.0234375
1 0.2640625 0.953125 0.0625 0.0171875
1 0.26328125 0.93359375 0.053125 0.0171875
1 0.27265625 0.94140625 0.05625 0.0171875
1 0.29609375 0.93359375 0.0640625 0.01875
1 0.3015625 0.91328125 0.065625 0.0140625
1 0.3109375 0.91484375 0.065625 0.0125
1 0.79765625 0.928125 0.034375 0.0109375
1 0.709375 0.41484375 0.034375 0.0078125
1 0.84609375 0.43203125 0.0234375 0.009375
1 0.8078125 0.43515625 0.0265625 0.0046875
1 0.8 0.4453125 0.03125 0.0078125
1 0.8 0.47265625 0.028125 0.009375
1 0.85234375 0.4828125 0.025 0.0078125
1 0.8546875 0.55546875 0.021875 0.00625
1 0.7375 0.5046875 0.0328125 0.0078125
1 0.734375 0.5578125 0.034375 0.0078125
1 0.7140625 0.6015625 0.0265625 0.0078125
1 0.76328125 0.64921875 0.028125 0.0109375
1 0.71640625 0.715625 0.0375 0.009375
1 0.8671875 0.66796875 0.021875 0.003125
1 0.85546875 0.63125 0.028125 0.009375
1 0.82578125 0.6765625 0.021875 0.0046875
1 0.81953125 0.6828125 0.021875 0.00625
1 0.78984375 0.7203125 0.0234375 0.009375
1 0.7734375 0.73125 0.0296875 0.0078125
1 0.80546875 0.56171875 0.028125 0.0078125
0 0.79140625 0.5640625 0.009375 0.0046875