1 0.3921875 0.16171875 0.0671875 0.021875
1 0.29609375 0.15 0.0609375 0.0203125
1 0.271875 0.0109375 0.0625 0.021875
1 0.1953125 0.10078125 0.0484375 0.01875
1 0.1875 0.20078125 0.0484375 0.015625
1 0.2046875 0.215625 0.0546875 0.01875
1 0.14921875 0.290625 0.040625 0.0140625
1 0.303125 0.30859375 0.0609375 0.01875
1 0.3265625 0.33671875 0.040625 0.01875
1 0.3078125 0.3375 0.053125 0.01875
0 0.40859375 0.33828125 0.0234375 0.015625
1 0.85546875 0.33046875 0.0359375 0.0140625
1 0.953125 0.3421875 0.0453125 0.0171875
1 0.94140625 0.2828125 0.0375 0.015625
1 0.9375 0.2578125 0.0421875 0.015625
0 0.0765625 0.7875 0.0234375 0.0125
1 0.17109375 0.91640625 0.0734375 0.025
1 0.040625 0.9671875 0.0578125 0.0203125
1 0.0875 0.84140625 0.0734375 0.028125
1 0.13515625 0.8046875 0.0703125 0.021875
1 0.1703125 0.796875 0.0734375 0.025
1 0.403125 0.66015625 0.1015625 0.0375
1 0.13203125 0.69453125 0.0828125 0.025
1 0.01953125 0.57578125 0.0390625 0.0171875
1 0.0625 0.39765625 0.0734375 0.0234375
1 0.01796875 0.7671875 0.0359375 0.01875
1 0.02578125 0.7796875 0.0515625 0.01875
1 0.0453125 0.796875 0.065625 0.0203125
0 0.89375 0.6 0.015625 0.0078125
1 0.8265625 0.8265625 0.03125 0.0109375
1 0.8421875 0.81640625 0.0375 0.0140625
1 0.90625 0.79453125 0.0453125 0.0140625
1 0.878125 0.72109375 0.0390625 0.0140625
1 0.8421875 0.72578125 0.034375 0.0125
1 0.75078125 0.6125 0.0390625 0.015625
1 0.8390625 0.54140625 0.0484375 0.021875
1 0.92109375 0.43359375 0.0609375 0.01875
1 0.87421875 0.56484375 0.046875 0.015625
1 0.83515625 0.6515625 0.0390625 0.0171875
1 0.92578125 0.6625 0.0328125 0.015625
1 0.93671875 0.60234375 0.0421875 0.0171875