1 0.08984375 0.1140625 0.06875 0.0375
1 0.0109375 0.26953125 0.021875 0.0390625
1 0.2578125 0.49453125 0.040625 0.01875
1 0.121875 0.41953125 0.0609375 0.0265625
1 0.1109375 0.384375 0.040625 0.0234375
1 0.12890625 0.390625 0.053125 0.025
1 0.13828125 0.3171875 0.0546875 0.0265625
1 0.190625 0.34375 0.0484375 0.021875
1 0.2703125 0.28828125 0.0484375 0.021875
1 0.31796875 0.26015625 0.0421875 0.0203125
1 0.2859375 0.23984375 0.053125 0.025
1 0.278125 0.17421875 0.0484375 0.021875
1 0.28359375 0.16015625 0.053125 0.025
1 0.2546875 0.09453125 0.0578125 0.0265625
0 0.03515625 0.353125 0.025 0.0171875
0 0.55546875 0.38203125 0.01875 0.0109375
0 0.60625 0.27734375 0.0125 0.009375
0 0.55625 0.19765625 0.0140625 0.009375
0 0.71328125 0.1625 0.01875 0.0109375
0 0.67890625 0.1078125 0.0109375 0.0078125
0 0.615625 0.0671875 0.0140625 0.0109375
0 0.53046875 0.02734375 0.01875 0.0109375
1 0.82421875 0.18984375 0.053125 0.0234375
1 0.77734375 0.21015625 0.0484375 0.0234375
1 0.6625 0.234375 0.0484375 0.025
1 0.6078125 0.41640625 0.0671875 0.0296875
1 0.64453125 0.353125 0.0484375 0.0328125
1 0.621875 0.19296875 0.0625 0.0359375
1 0.72265625 0.00390625 0.0671875 0.0078125
1 0.74296875 0.11015625 0.0515625 0.028125
1 0.79140625 0.10703125 0.0484375 0.0234375
1 0.809375 0.1125 0.04375 0.01875
1 0.81015625 0.14609375 0.053125 0.0234375
1 0.80546875 0.1578125 0.05625 0.0234375
1 0.85234375 0.0953125 0.0515625 0.0234375
1 0.84140625 0.08828125 0.0484375 0.0234375
1 0.8828125 0.0765625 0.0421875 0.0203125
1 0.45859375 0.97421875 0.0609375 0.0390625
1 0.4078125 0.87890625 0.08125 0.0390625
1 0.48203125 0.67109375 0.0140625 0.0328125
1 0.440625 0.571875 0.084375 0.04375
1 0.9203125 0.97890625 0.0671875 0.034375