1 0.3328125 0.29296875 0.0796875 0.0296875
1 0.0484375 0.30234375 0.096875 0.0390625
1 0.3828125 0.36875 0.0765625 0.028125
1 0.39453125 0.3390625 0.0859375 0.0265625
1 0.44296875 0.35234375 0.0609375 0.025
1 0.459375 0.37578125 0.0609375 0.0265625
1 0.5078125 0.25703125 0.0625 0.0296875
1 0.503125 0.20703125 0.0640625 0.0234375
1 0.46640625 0.0140625 0.0703125 0.025
1 0.52421875 0.5734375 0.0296875 0.025
0 0.66484375 0.1609375 0.03125 0.0171875
1 0.6359375 0.56171875 0.08125 0.0265625
1 0.825 0.55703125 0.0578125 0.0265625
1 0.7921875 0.45390625 0.0578125 0.0203125
1 0.796875 0.38984375 0.0640625 0.0265625
1 0.99375 0.42578125 0.0125 0.0203125
1 0.97109375 0.21015625 0.0578125 0.0265625
1 0.9640625 0.065625 0.0578125 0.0203125
1 0.8203125 0.17890625 0.0625 0.0234375
1 0.7328125 0.24609375 0.0703125 0.0265625
1 0.6125 0.2390625 0.08125 0.03125
1 0.7125 0.06796875 0.0671875 0.021875
1 0.734375 0.04375 0.0734375 0.021875
1 0.71640625 0.175 0.0546875 0.025
1 0.2296875 0.92734375 0.0421875 0.01875
1 0.1234375 0.865625 0.0609375 0.0234375
1 0.00625 0.8796875 0.0125 0.021875
1 0.01171875 0.84140625 0.0234375 0.0203125
1 0.3125 0.81640625 0.0375 0.0140625
1 0.2703125 0.77265625 0.0484375 0.015625
1 0.13203125 0.71640625 0.053125 0.01875
1 0.14296875 0.69140625 0.0578125 0.01875
1 0.05859375 0.64921875 0.0640625 0.0265625