1 0.13515625 0.315625 0.0796875 0.0296875
1 0.20390625 0.25703125 0.0765625 0.028125
1 0.20625 0.2890625 0.0859375 0.0265625
1 0.25703125 0.28984375 0.0609375 0.025
1 0.27890625 0.27109375 0.0609375 0.0265625
1 0.29453125 0.39921875 0.065625 0.0296875
1 0.27421875 0.44609375 0.0640625 0.0234375
1 0.31484375 0.50859375 0.0546875 0.021875
1 0.3640625 0.51484375 0.0453125 0.0234375
1 0.3953125 0.47578125 0.0453125 0.0234375
1 0.38671875 0.38203125 0.0546875 0.0234375
1 0.36953125 0.3625 0.0546875 0.0203125
1 0.4078125 0.1015625 0.0546875 0.025
1 0.496875 0.884375 0.078125 0.0265625
1 0.5625 0.78203125 0.0671875 0.025
1 0.45 0.72421875 0.090625 0.028125
1 0.41484375 0.684375 0.0859375 0.0296875
1 0.50859375 0.6171875 0.0765625 0.0265625
1 0.5046875 0.6015625 0.0796875 0.0234375
1 0.56171875 0.59296875 0.0765625 0.0078125
1 0.559375 0.646875 0.053125 0.0140625
1 0.5140625 0.64765625 0.06875 0.03125
1 0.55625 0.66796875 0.0609375 0.0203125
1 0.5484375 0.684375 0.0671875 0.025
1 0.521875 0.67265625 0.0703125 0.021875
1 0.52109375 0.69453125 0.06875 0.01875
1 0.52109375 0.7015625 0.078125 0.0203125
1 0.640625 0.925 0.021875 0.01875
1 0.7109375 0.6234375 0.0421875 0.015625
1 0.70625 0.64296875 0.034375 0.0109375
1 0.65859375 0.70234375 0.0421875 0.0171875
1 0.6359375 0.7421875 0.0125 0.015625
1 0.65234375 0.59140625 0.0421875 0.0046875