1 0.2859375 0.309375 0.0796875 0.03125
1 0.02421875 0.3140625 0.0484375 0.040625
1 0.33203125 0.3859375 0.0734375 0.028125
1 0.3359375 0.35625 0.065625 0.028125
1 0.84921875 0.42109375 0.0546875 0.0171875
1 0.859375 0.05625 0.065625 0.021875
1 0.96015625 0.11640625 0.05625 0.0171875
1 0.94921875 0.20625 0.0453125 0.015625
1 0.959375 0.24453125 0.0453125 0.015625
1 0.05859375 0.93828125 0.0484375 0.0203125
1 0.11796875 0.84375 0.0421875 0.015625
1 0.0734375 0.7671875 0.0515625 0.0203125
1 0.00703125 0.83671875 0.0140625 0.0171875
1 0.040625 0.73515625 0.0515625 0.0203125
1 0.1 0.59921875 0.0484375 0.0203125
1 0.0515625 0.63671875 0.05625 0.01875
1 0.04453125 0.63203125 0.0625 0.0203125
0 0.421875 0.5203125 0.0234375 0.015625
1 0.396875 0.84375 0.05625 0.028125
1 0.40625 0.77734375 0.0625 0.021875
1 0.59453125 0.83671875 0.0484375 0.01875
1 0.590625 0.71015625 0.0484375 0.0203125
1 0.5234375 0.6421875 0.0484375 0.0234375
1 0.51328125 0.6296875 0.0578125 0.025
1 0.66171875 0.6359375 0.0421875 0.015625
1 0.73984375 0.54453125 0.0421875 0.01875
1 0.63515625 0.48125 0.0609375 0.025
1 0.49921875 0.49375 0.05 0.0234375
1 0.46953125 0.48359375 0.05 0.0265625
1 0.5078125 0.4546875 0.0546875 0.0203125
1 0.8234375 0.4359375 0.0375 0.0125