1 0.12578125 0.33671875 0.05 0.0140625
1 0.18203125 0.3328125 0.0484375 0.015625
1 0.27265625 0.28203125 0.040625 0.0078125
1 0.21875 0.17734375 0.0375 0.0140625
1 0.14609375 0.22734375 0.05 0.0109375
1 0.07578125 0.00703125 0.0578125 0.0140625
0 0.1953125 0.18046875 0.015625 0.00625
1 0.47890625 0.27890625 0.03125 0.0109375
1 0.459375 0.07109375 0.01875 0.0078125
1 0.46171875 0.07578125 0.0234375 0.0078125
1 0.45625 0.08203125 0.0125 0.0078125
1 0.26875 0.99296875 0.065625 0.0140625
1 0.1984375 0.82265625 0.078125 0.021875
1 0.2578125 0.57734375 0.065625 0.015625
1 0.3515625 0.55078125 0.059375 0.0140625
1 0.35234375 0.40703125 0.0609375 0.0203125
1 0.434375 0.48515625 0.03125 0.0140625
1 0.4375 0.60078125 0.025 0.0140625
1 0.36875 0.7078125 0.059375 0.0125
1 0.35 0.73984375 0.0390625 0.015625
1 0.36875 0.7375 0.0515625 0.0140625
1 0.3609375 0.8109375 0.053125 0.015625
1 0.41875 0.79765625 0.046875 0.0109375
0 0.26953125 0.753125 0.021875 0.0125
0 0.921875 0.6515625 0.0125 0.00625
1 0.7203125 0.9453125 0.0625 0.015625
1 0.81953125 0.88828125 0.05625 0.015625
1 0.80546875 0.85703125 0.046875 0.0109375
1 0.86953125 0.8515625 0.05625 0.0171875
1 0.84453125 0.83984375 0.05 0.0109375
1 0.84609375 0.7859375 0.05 0.0109375
1 0.88203125 0.728125 0.05 0.0171875
1 0.8828125 0.709375 0.0484375 0.0140625
1 0.946875 0.7734375 0.040625 0.0109375
1 0.940625 0.7828125 0.0453125 0.0109375
1 0.72890625 0.73828125 0.06875 0.0125
1 0.8625 0.60625 0.05 0.0140625
1 0.71953125 0.609375 0.0625 0.0140625
1 0.93203125 0.64453125 0.040625 0.0125
1 0.91953125 0.68203125 0.0453125 0.0140625
1 0.6234375 0.525 0.078125 0.0203125
1 0.77265625 0.40703125 0.0625 0.01875
1 0.7859375 0.36796875 0.0609375 0.0171875
1 0.58203125 0.3890625 0.08125 0.01875