1 0.27109375 0.49609375 0.0296875 0.0453125
1 0.30859375 0.325 0.01875 0.0578125
1 0.25546875 0.2578125 0.0203125 0.0515625
1 0.2640625 0.2015625 0.021875 0.05
1 0.3125 0.19296875 0.0171875 0.0453125
1 0.31328125 0.14921875 0.015625 0.0390625
1 0.40625 0.2 0.0203125 0.046875
1 0.43984375 0.26953125 0.015625 0.0421875
1 0.2328125 0.103125 0.0125 0.040625
1 0.11875 0.13359375 0.01875 0.0390625
1 0.153125 0.21484375 0.0171875 0.0515625
0 0.1171875 0.15703125 0.009375 0.0171875
1 0.4671875 0.20234375 0.0171875 0.0421875
1 0.52421875 0.2046875 0.0171875 0.0421875
1 0.540625 0.17109375 0.01875 0.0390625
1 0.45859375 0.43046875 0.0171875 0.0515625
1 0.59296875 0.3046875 0.0234375 0.0515625
1 0.68203125 0.16875 0.0140625 0.040625
1 0.68046875 0.390625 0.025 0.0578125
1 0.8171875 0.35546875 0.0203125 0.0515625
1 0.8125 0.1984375 0.0203125 0.046875
1 0.8640625 0.196875 0.01875 0.0421875
1 0.090625 0.8625 0.021875 0.0578125
1 0.10078125 0.83125 0.01875 0.0515625
1 0.25859375 0.93125 0.0296875 0.0671875
1 0.32578125 0.75546875 0.01875 0.046875
1 0.43828125 0.925 0.021875 0.0515625
1 0.44140625 0.83046875 0.0171875 0.0484375
0 0.73984375 0.73359375 0.0078125 0.0140625
0 0.61953125 0.67265625 0.0078125 0.0140625
0 0.4984375 0.53828125 0.009375 0.0140625
0 0.66015625 0.5203125 0.0078125 0.003125
0 0.6875 0.55390625 0.00625 0.0109375
0 0.84765625 0.59296875 0.0046875 0.0109375
0 0.91171875 0.715625 0.00625 0.009375
0 0.97734375 0.83828125 0.00625 0.0109375
1 0.46015625 0.63984375 0.0203125 0.0515625
1 0.9875 0.6296875 0.0171875 0.0484375
1 0.9609375 0.59296875 0.0203125 0.0484375
1 0.91953125 0.5625 0.0140625 0.0328125
1 0.875 0.5328125 0.015625 0.028125
1 0.9859375 0.5609375 0.0140625 0.0359375
1 0.75234375 0.58203125 0.0140625 0.0359375
1 0.765625 0.6109375 0.0140625 0.0390625
1 0.784375 0.56640625 0.0109375 0.03125
1 0.6390625 0.65859375 0.0234375 0.0515625
1 0.51640625 0.6078125 0.0234375 0.0453125
1 0.571875 0.59609375 0.01875 0.0390625
1 0.45625 0.56953125 0.0125 0.0421875
1 0.5515625 0.5265625 0.015625 0.015625
1 0.64765625 0.7125 0.03125 0.065625
1 0.80703125 0.61953125 0.0140625 0.040625