1 0.09765625 0.41171875 0.0578125 0.0203125
1 0.09765625 0.24921875 0.0578125 0.0203125
1 0.16640625 0.196875 0.0515625 0.021875
1 0.221875 0.20625 0.05 0.0234375
1 0.2296875 0.2546875 0.0453125 0.0171875
1 0.2734375 0.25625 0.0390625 0.015625
1 0.22109375 0.3484375 0.046875 0.0203125
1 0.15078125 0.38125 0.0421875 0.0171875
1 0.16171875 0.41953125 0.0484375 0.01875
1 0.2328125 0.4453125 0.04375 0.009375
1 0.32109375 0.17734375 0.040625 0.0140625
1 0.2921875 0.0625 0.0390625 0.01875
1 0.2109375 0.0953125 0.0515625 0.01875
0 0.26875 0.06015625 0.0171875 0.009375
1 0.76484375 0.00234375 0.0515625 0.0046875
1 0.72265625 0.0390625 0.0578125 0.0234375
1 0.9796875 0.11875 0.040625 0.021875
1 0.8421875 0.309375 0.0515625 0.021875
1 0.7828125 0.284375 0.0515625 0.021875
0 0.8375 0.0265625 0.0125 0.0078125
0 0.76640625 0.1171875 0.0125 0.0078125
0 0.80703125 0.18515625 0.0109375 0.0078125
0 0.97734375 0.29375 0.0078125 0.0078125
0 0.9828125 0.371875 0.0109375 0.0046875
0 0.86640625 0.38828125 0.015625 0.009375
1 0.09375 0.4859375 0.059375 0.0296875
1 0.02890625 0.57265625 0.0578125 0.0234375
1 0.021875 0.63359375 0.04375 0.0296875
1 0.23359375 0.671875 0.0625 0.0234375
1 0.20859375 0.7828125 0.0515625 0.0203125
1 0.1203125 0.8609375 0.0625 0.0296875
1 0.25078125 0.89140625 0.05625 0.0203125
1 0.20078125 0.94765625 0.0546875 0.0234375
1 0.06328125 0.99140625 0.0578125 0.0171875
0 0.996875 0.61484375 0.00625 0.0078125
1 0.984375 0.46953125 0.03125 0.0171875
1 0.928125 0.55703125 0.0578125 0.0203125
1 0.8109375 0.5171875 0.0734375 0.03125
1 0.79609375 0.5515625 0.0671875 0.0265625
1 0.86015625 0.5671875 0.0546875 0.021875
1 0.85 0.5984375 0.0546875 0.0234375
1 0.934375 0.65 0.0546875 0.01875
1 0.85546875 0.75546875 0.0703125 0.028125
1 0.83125 0.8 0.0625 0.021875
1 0.8359375 0.6453125 0.0484375 0.01875
1 0.81328125 0.6390625 0.0578125 0.021875
1 0.81171875 0.628125 0.059375 0.021875
1 0.82734375 0.61796875 0.0546875 0.021875
1 0.79765625 0.61328125 0.0671875 0.025
1 0.8015625 0.59921875 0.0640625 0.0234375