0 0.3953125 0.5546875 0.03125 0.0171875
1 0.27265625 0.60703125 0.1046875 0.034375
1 0.309375 0.03046875 0.0890625 0.0328125
1 0.51640625 0.0609375 0.0453125 0.021875
1 0.525 0.1078125 0.028125 0.025
1 0.45625 0.15546875 0.078125 0.0328125
1 0.478125 0.178125 0.0765625 0.0296875
1 0.50078125 0.2453125 0.0671875 0.025
1 0.50703125 0.24375 0.0640625 0.021875
1 0.4796875 0.2890625 0.0734375 0.0265625
1 0.5 0.3390625 0.0546875 0.0234375
1 0.4921875 0.34453125 0.0640625 0.021875
1 0.46484375 0.3984375 0.0609375 0.025
1 0.40546875 0.39921875 0.0734375 0.0234375
1 0.39921875 0.42109375 0.0828125 0.03125
1 0.96953125 0.65078125 0.0609375 0.0171875
1 0.97109375 0.59453125 0.0578125 0.0296875
1 0.83828125 0.1546875 0.11875 0.0453125
1 0.98203125 0.2203125 0.0359375 0.034375
0 0.03515625 0.85703125 0.0109375 0.0078125
0 0.03671875 0.92265625 0.009375 0.0078125
0 0.11171875 0.96640625 0.0140625 0.00625
1 0.0421875 0.796875 0.0484375 0.021875
1 0.121875 0.74609375 0.0390625 0.0171875
1 0.17734375 0.7796875 0.046875 0.01875
1 0.17109375 0.73671875 0.0328125 0.0171875
1 0.1953125 0.8359375 0.040625 0.015625
1 0.22890625 0.8390625 0.0359375 0.015625
1 0.278125 0.9734375 0.034375 0.0125
1 0.12734375 0.93125 0.0453125 0.0203125
1 0.09765625 0.6703125 0.0421875 0.015625
0 0.0359375 0.703125 0.009375 0.00625
1 0.8015625 0.98515625 0.03125 0.0109375
1 0.7484375 0.92109375 0.034375 0.0109375
1 0.70625 0.90703125 0.04375 0.0140625
1 0.62578125 0.8828125 0.05 0.0171875
1 0.740625 0.990625 0.0359375 0.0140625