1 0.22578125 0.51484375 0.0359375 0.0296875
1 0.1671875 0.51015625 0.034375 0.0390625
1 0.1796875 0.45703125 0.0296875 0.0828125
1 0.2671875 0.425 0.034375 0.0890625
1 0.09453125 0.3109375 0.0296875 0.0796875
1 0.21484375 0.27109375 0.0296875 0.0796875
1 0.29453125 0.2046875 0.0234375 0.0671875
1 0.34140625 0.1859375 0.0265625 0.0703125
1 0.38984375 0.275 0.034375 0.078125
1 0.41171875 0.253125 0.03125 0.0765625
1 0.478125 0.2296875 0.0265625 0.0671875
1 0.47734375 0.22265625 0.0234375 0.0640625
1 0.5234375 0.24921875 0.028125 0.0734375
1 0.5015625 0.1578125 0.021875 0.0609375
1 0.57265625 0.22890625 0.025 0.0546875
1 0.578125 0.2359375 0.0234375 0.0640625
1 0.6546875 0.14921875 0.0171875 0.0359375
1 0.6265625 0.225 0.0125 0.0484375
1 0.6890625 0.3171875 0.0171875 0.0484375
1 0.7890625 0.284375 0.01875 0.0484375
1 0.67109375 0.35390625 0.0171875 0.05
1 0.90390625 0.42265625 0.025 0.053125
1 0.903125 0.4890625 0.0171875 0.0515625
1 0.26953125 0.66796875 0.0265625 0.0671875
1 0.11796875 0.59140625 0.021875 0.053125
0 0.83828125 0.91484375 0.0125 0.021875
1 0.8328125 0.56875 0.0171875 0.0484375
1 0.9328125 0.54453125 0.01875 0.0296875
1 0.81484375 0.60546875 0.0171875 0.05
1 0.8375 0.88046875 0.021875 0.0671875
1 0.78046875 0.85703125 0.025 0.0609375
1 0.67734375 0.9703125 0.0203125 0.059375
1 0.70546875 0.72578125 0.0203125 0.05
1 0.7234375 0.721875 0.0234375 0.046875
1 0.621875 0.58515625 0.00625 0.0453125