1 0.44609375 0.01953125 0.0890625 0.0265625
1 0.5515625 0.39765625 0.015625 0.0203125
1 0.51640625 0.39453125 0.0734375 0.01875
1 0.50859375 0.415625 0.0828125 0.025
1 0.95078125 0.2625 0.0734375 0.021875
0 0.10859375 0.8875 0.015625 0.0078125
0 0.16875 0.80390625 0.0109375 0.0078125
0 0.22890625 0.909375 0.0140625 0.0109375
0 0.415625 0.965625 0.0109375 0.00625
0 0.546875 0.94765625 0.0078125 0.00625
0 0.50859375 0.78671875 0.0109375 0.0078125
0 0.35546875 0.815625 0.0171875 0.00625
0 0.3984375 0.6578125 0.009375 0.0078125
0 0.334375 0.54375 0.0125 0.0078125
0 0.2140625 0.54140625 0.0109375 0.0078125
0 0.20625 0.640625 0.0125 0.0078125
0 0.528125 0.54375 0.0125 0.0078125
0 0.51484375 0.59921875 0.0109375 0.009375
1 0.10546875 0.59296875 0.0640625 0.0265625
1 0.43125 0.57265625 0.04375 0.0125
1 0.31171875 0.6625 0.0578125 0.0171875
1 0.2546875 0.75234375 0.0609375 0.021875
1 0.1703125 0.7875 0.0578125 0.025
1 0.4890625 0.6703125 0.0375 0.0125
1 0.3890625 0.8671875 0.05 0.0140625
1 0.54921875 0.8375 0.0203125 0.0125
1 0.55078125 0.903125 0.0171875 0.0125
1 0.45703125 0.996875 0.0609375 0.00625
1 0.9125 0.871875 0.053125 0.0125
1 0.80078125 0.97421875 0.0734375 0.01875
1 0.7390625 0.90859375 0.0859375 0.0265625
1 0.6296875 0.9484375 0.0921875 0.0265625
1 0.7671875 0.7703125 0.078125 0.021875
1 0.80859375 0.65546875 0.0671875 0.021875
1 0.6859375 0.625 0.090625 0.0234375
1 0.6421875 0.59375 0.0859375 0.0265625
1 0.73046875 0.53984375 0.0671875 0.0203125
1 0.7765625 0.5453125 0.0609375 0.0171875
1 0.77265625 0.56328125 0.0671875 0.021875
1 0.74453125 0.5578125 0.0703125 0.01875
1 0.7484375 0.5796875 0.06875 0.015625
1 0.75 0.58671875 0.078125 0.015625