1 0.30546875 0.0984375 0.071875 0.01875
1 0.32265625 0.1234375 0.078125 0.021875
1 0.24609375 0.1453125 0.0734375 0.0234375
1 0.41328125 0.15625 0.06875 0.0125
1 0.48984375 0.2734375 0.0578125 0.015625
1 0.509375 0.33984375 0.01875 0.0171875
1 0.4265625 0.34765625 0.059375 0.0140625
1 0.27578125 0.34765625 0.059375 0.0203125
1 0.34375 0.5453125 0.053125 0.0171875
1 0.2109375 0.7046875 0.078125 0.009375
1 0.48125 0.63125 0.05625 0.0109375
1 0.50703125 0.62109375 0.0234375 0.0140625
1 0.50703125 0.51640625 0.0234375 0.0109375
1 0.509375 0.49296875 0.01875 0.0140625
1 0.46640625 0.4375 0.053125 0.0140625
1 0.5078125 0.40234375 0.021875 0.0140625
1 0.96640625 0.18046875 0.05625 0.0140625
1 0.9671875 0.24609375 0.05 0.0140625
1 0.82109375 0.17734375 0.06875 0.021875
1 0.64921875 0.115625 0.078125 0.025
1 0.78828125 0.459375 0.05 0.01875
1 0.8875 0.49921875 0.05625 0.021875
1 0.8875 0.6546875 0.05625 0.0171875
1 0.98828125 0.6515625 0.0234375 0.0125
1 0.98828125 0.634375 0.0234375 0.0125
1 0.98515625 0.39375 0.0296875 0.0125
1 0.9859375 0.365625 0.028125 0.0125
0 0.76953125 0.6703125 0.0109375 0.003125
0 0.94921875 0.67421875 0.009375 0.00625
0 0.9390625 0.578125 0.0109375 0.00625
0 0.88984375 0.33046875 0.009375 0.0046875
0 0.80859375 0.415625 0.0125 0.00625
0 0.7015625 0.51484375 0.009375 0.009375
0 0.7171875 0.25078125 0.0125 0.0078125
0 0.81484375 0.11953125 0.0109375 0.003125
1 0.83828125 0.10546875 0.053125 0.0203125
1 0.04453125 0.74296875 0.078125 0.021875
1 0.1203125 0.9828125 0.065625 0.015625
1 0.215625 0.99765625 0.059375 0.0046875
1 0.328125 0.9625 0.046875 0.0109375
1 0.3125 0.94609375 0.053125 0.0140625
1 0.37421875 0.8765625 0.0390625 0.0109375
1 0.221875 0.8453125 0.059375 0.0125
1 0.2015625 0.81484375 0.0390625 0.015625
1 0.2203125 0.815625 0.0515625 0.0140625
1 0.2078125 0.7421875 0.053125 0.015625
1 0.265625 0.75234375 0.046875 0.0109375
0 0.11953125 0.80625 0.021875 0.0125
1 0.61171875 0.7421875 0.040625 0.0109375
0 0.5609375 0.75078125 0.0078125 0.003125
0 0.6359375 0.81171875 0.009375 0.003125
1 0.57890625 0.98203125 0.0390625 0.0125