1 0.45546875 0.3859375 0.0546875 0.01875
1 0.32890625 0.21328125 0.0796875 0.0265625
1 0.47734375 0.1203125 0.0671875 0.0203125
1 0.5625 0.12109375 0.0609375 0.01875
1 0.53125 0.2 0.0609375 0.0234375
1 0.59609375 0.3046875 0.05625 0.0125
1 0.62421875 0.315625 0.0296875 0.015625
1 0.621875 0.4203125 0.034375 0.0125
1 0.6234375 0.44375 0.028125 0.0140625
1 0.57421875 0.4984375 0.053125 0.015625
1 0.8375 0.43125 0.0734375 0.0234375
1 0.8796875 0.43515625 0.0734375 0.021875
1 0.92578125 0.39140625 0.0734375 0.0203125
1 0.9734375 0.43203125 0.053125 0.0203125
1 0.99140625 0.4359375 0.0171875 0.01875
1 0.934375 0.2671875 0.065625 0.0171875
1 0.93984375 0.33828125 0.0640625 0.0203125
1 0.83203125 0.36328125 0.065625 0.0171875
1 0.809375 0.353125 0.0640625 0.021875
1 0.96953125 0.06796875 0.0609375 0.0203125
0 0.9390625 0.51484375 0.01875 0.0078125
0 0.23984375 0.85390625 0.0125 0.0078125
0 0.28828125 0.72734375 0.0125 0.0078125
0 0.40859375 0.59296875 0.0125 0.009375
0 0.44609375 0.75234375 0.0078125 0.00625
0 0.41328125 0.7828125 0.0109375 0.0046875
0 0.4671875 0.9171875 0.0109375 0.0046875
0 0.390625 0.94609375 0.0109375 0.003125
1 0.303125 0.5640625 0.0515625 0.0203125
1 0.45703125 0.96796875 0.034375 0.0125
1 0.39140625 0.85 0.034375 0.0109375
1 0.3640625 0.86640625 0.0375 0.0109375
1 0.41015625 0.88046875 0.03125 0.0078125
1 0.30390625 0.7453125 0.0515625 0.01875
1 0.340625 0.61796875 0.0453125 0.01875
1 0.359375 0.671875 0.0375 0.015625
1 0.37265625 0.55234375 0.040625 0.0140625
1 0.4359375 0.64375 0.034375 0.0125
1 0.45546875 0.66796875 0.034375 0.0125
1 0.453125 0.71640625 0.0296875 0.0078125
1 0.25078125 0.76015625 0.0640625 0.025
1 0.36015625 0.90859375 0.040625 0.0109375
1 0.98203125 0.70625 0.0359375 0.01875
1 0.90390625 0.665625 0.0859375 0.028125