1 0.6 0.31875 0.0375 0.025
1 0.4671875 0.3578125 0.0625 0.03125
1 0.48125 0.14921875 0.0546875 0.0265625
1 0.309375 0.02109375 0.08125 0.0390625
1 0.590625 0.03125 0.05625 0.021875
1 0.6125 0.03125 0.0125 0.021875
1 0.609375 0.22109375 0.01875 0.0234375
1 0.6421875 0.4640625 0.046875 0.021875
1 0.690625 0.415625 0.040625 0.015625
1 0.63125 0.375 0.025 0.01875
1 0.63515625 0.3359375 0.0328125 0.01875
0 0.1734375 0.58203125 0.015625 0.009375
0 0.015625 0.69921875 0.0140625 0.0078125
0 0.3109375 0.55546875 0.0140625 0.009375
0 0.41796875 0.56796875 0.0171875 0.0125
0 0.3328125 0.67109375 0.0109375 0.0078125
0 0.16953125 0.7578125 0.0109375 0.0078125
0 0.05625 0.86015625 0.0109375 0.009375
0 0.36328125 0.7671875 0.015625 0.0125
0 0.58203125 0.584375 0.0171875 0.0109375
0 0.5125 0.64375 0.0171875 0.009375
0 0.5421875 0.753125 0.0140625 0.009375
0 0.590625 0.83125 0.009375 0.0078125
0 0.4875 0.684375 0.0140625 0.0109375
0 0.43203125 0.83359375 0.0171875 0.0109375
0 0.253125 0.884375 0.009375 0.0078125
0 0.61171875 0.93671875 0.0140625 0.0109375
1 0.5125 0.53203125 0.0578125 0.021875
1 0.428125 0.61171875 0.0609375 0.025
1 0.4484375 0.809375 0.0625 0.021875
1 0.34921875 0.92890625 0.059375 0.0265625
1 0.38359375 0.9328125 0.059375 0.021875
1 0.46875 0.87890625 0.0765625 0.0328125
1 0.6078125 0.75703125 0.021875 0.0203125
1 0.59375 0.91875 0.05 0.025
1 0.57265625 0.95234375 0.0375 0.028125
1 0.5421875 0.95234375 0.0546875 0.021875
1 0.4796875 0.93046875 0.059375 0.025
1 0.4515625 0.9859375 0.059375 0.028125
1 0.403125 0.98828125 0.06875 0.0234375
1 0.9890625 0.834375 0.021875 0.028125
1 0.93046875 0.58984375 0.075 0.03125
1 0.76171875 0.55625 0.084375 0.040625
0 0.9921875 0.7671875 0.015625 0.009375
0 0.9078125 0.53203125 0.0203125 0.0109375
0 0.98515625 0.5171875 0.0140625 0.009375
1 0.98203125 0.878125 0.0359375 0.03125