1 0.53515625 0.1703125 0.0203125 0.0484375
1 0.484375 0.11484375 0.0203125 0.0609375
1 0.46875 0.2078125 0.015625 0.0453125
1 0.41875 0.23828125 0.0140625 0.0390625
1 0.38359375 0.2578125 0.0125 0.0328125
1 0.39140625 0.23515625 0.0140625 0.0328125
1 0.39609375 0.21484375 0.0125 0.04375
1 0.365625 0.2390625 0.0140625 0.0375
1 0.38046875 0.1625 0.015625 0.0515625
1 0.28984375 0.19609375 0.015625 0.0484375
1 0.24140625 0.13359375 0.0203125 0.0546875
1 0.2109375 0.0265625 0.021875 0.053125
1 0.15625 0.22109375 0.0234375 0.0578125
1 0.1171875 0.2203125 0.021875 0.0515625
1 0.9078125 0.33515625 0.0265625 0.0640625
1 0.92421875 0.34296875 0.0234375 0.0671875
1 0.98203125 0.16015625 0.021875 0.0640625
1 0.8125 0.121875 0.0265625 0.059375
1 0.8078125 0.07734375 0.0265625 0.0640625
1 0.809375 0.20703125 0.0234375 0.0859375
1 0.74140625 0.23671875 0.0234375 0.0734375
1 0.7328125 0.2953125 0.0265625 0.0796875
1 0.6171875 0.36875 0.0203125 0.053125
1 0.58203125 0.3828125 0.021875 0.0640625
0 0.37734375 0.6921875 0.0125 0.0265625
1 0.37734375 0.71875 0.028125 0.053125
1 0.51328125 0.83203125 0.01875 0.0515625
1 0.32890625 0.728125 0.021875 0.0515625
1 0.24375 0.628125 0.025 0.0640625
1 0.028125 0.96953125 0.015625 0.0484375
1 0.25546875 0.8984375 0.021875 0.0484375
1 0.23671875 0.86796875 0.0203125 0.0453125
1 0.06328125 0.79296875 0.0265625 0.0546875
1 0.0515625 0.815625 0.025 0.0515625
1 0.98984375 0.50078125 0.0203125 0.0640625
1 0.875 0.5078125 0.01875 0.0578125
1 0.86015625 0.53046875 0.021875 0.0578125
1 0.84765625 0.703125 0.0171875 0.059375
1 0.8 0.70546875 0.0171875 0.05625
1 0.69921875 0.64921875 0.01875 0.0609375
1 0.63359375 0.490625 0.0234375 0.0796875
1 0.67109375 0.47734375 0.025 0.0734375