1 0.0890625 0.04609375 0.046875 0.0125
1 0.28125 0.0265625 0.071875 0.0171875
1 0.1875 0.096875 0.05625 0.01875
1 0.14375 0.1578125 0.05625 0.015625
1 0.1484375 0.1796875 0.053125 0.0140625
1 0.109375 0.2359375 0.0484375 0.0171875
1 0.1734375 0.275 0.059375 0.0171875
1 0.0859375 0.309375 0.04375 0.0125
1 0.06640625 0.36484375 0.0375 0.0125
1 0.05546875 0.403125 0.03125 0.009375
1 0.07578125 0.390625 0.03125 0.0109375
1 0.09453125 0.38125 0.04375 0.009375
1 0.07734375 0.41640625 0.0359375 0.0125
1 0.1484375 0.3859375 0.05 0.0125
1 0.13515625 0.48203125 0.046875 0.0125
1 0.20625 0.51640625 0.053125 0.015625
1 0.32421875 0.521875 0.0671875 0.0171875
1 0.73515625 0.375 0.0578125 0.01875
1 0.7765625 0.365625 0.0578125 0.021875
1 0.87890625 0.475 0.078125 0.021875
1 0.97265625 0.04375 0.0546875 0.025
1 0.9625 0.1109375 0.075 0.028125
1 0.8515625 0.18359375 0.0734375 0.0203125
1 0.28203125 0.59140625 0.0796875 0.0296875
1 0.021875 0.75546875 0.04375 0.0265625
1 0.2515625 0.6546875 0.0890625 0.03125
1 0.0203125 0.80390625 0.040625 0.0234375
1 0.0890625 0.8765625 0.0765625 0.0265625
1 0.20234375 0.990625 0.0890625 0.01875