1 0.36171875 0.0265625 0.059375 0.0171875
1 0.4390625 0.01328125 0.075 0.0203125
1 0.3828125 0.6578125 0.05625 0.003125
1 0.38671875 0.6421875 0.053125 0.0125
1 0.3421875 0.5890625 0.046875 0.015625
1 0.403125 0.5453125 0.059375 0.0140625
1 0.31328125 0.51875 0.04375 0.009375
1 0.2890625 0.46484375 0.0375 0.009375
1 0.27421875 0.428125 0.03125 0.0078125
1 0.2953125 0.43828125 0.03125 0.009375
1 0.31484375 0.44609375 0.04375 0.00625
1 0.29453125 0.4125 0.0359375 0.009375
1 0.36875 0.43671875 0.05 0.0109375
1 0.346875 0.3421875 0.046875 0.0109375
1 0.41484375 0.30234375 0.053125 0.0140625
1 0.53203125 0.2859375 0.0671875 0.0140625
1 0.33828125 0.20703125 0.05625 0.0171875
1 0.34375 0.16796875 0.05 0.0171875
1 0.65078125 0.4921875 0.08125 0.0203125
1 0.60234375 0.26953125 0.0671875 0.0171875
1 0.5796875 0.109375 0.021875 0.015625
0 0.48359375 0.69765625 0.0125 0.003125
0 0.56640625 0.7328125 0.0046875 0.003125
0 0.52265625 0.809375 0.0109375 0.00625
0 0.35703125 0.80546875 0.015625 0.00625
0 0.3015625 0.859375 0.0109375 0.00625
0 0.271875 0.68984375 0.0125 0.00625
1 0.19609375 0.68984375 0.040625 0.009375
1 0.284375 0.875 0.05 0.0125
1 0.340625 0.8546875 0.053125 0.0109375
1 0.5453125 0.89609375 0.046875 0.0171875
1 0.45546875 0.66796875 0.05 0.0109375
1 0.3171875 0.66171875 0.05625 0.0046875
1 0.6484375 0.73125 0.0625 0.0140625
1 0.58671875 0.6640625 0.0359375 0.009375
1 0.628125 0.68671875 0.0578125 0.0171875
1 0.70625 0.81015625 0.065625 0.0171875
1 0.58359375 0.85859375 0.0296875 0.0140625
1 0.63671875 0.90859375 0.0625 0.015625