1 0.17734375 0.00390625 0.0703125 0.0078125
1 0.15234375 0.03671875 0.0625 0.0296875
1 0.08359375 0.03671875 0.0734375 0.028125
1 0.084375 0.0984375 0.0703125 0.025
1 0.07265625 0.203125 0.0703125 0.0265625
1 0.0609375 0.2296875 0.0765625 0.03125
1 0.30234375 0.29921875 0.0453125 0.0203125
1 0.13046875 0.3203125 0.0640625 0.01875
1 0.3015625 0.23828125 0.0515625 0.0171875
1 0.32265625 0.06171875 0.0484375 0.01875
1 0.203125 0.11796875 0.0625 0.0265625
1 0.209375 0.18046875 0.0625 0.0234375
0 0.03671875 0.08046875 0.0203125 0.0125
1 0.91328125 0.30078125 0.059375 0.021875
1 0.0875 0.95 0.0578125 0.021875
1 0.09453125 0.8859375 0.0640625 0.0296875
1 0.31484375 0.93046875 0.0625 0.0234375
1 0.33046875 0.81875 0.0515625 0.01875
1 0.27578125 0.7140625 0.0625 0.028125
1 0.409375 0.7328125 0.05625 0.01875
1 0.3828125 0.66171875 0.0546875 0.0234375
1 0.27265625 0.56796875 0.0578125 0.021875
1 0.1328125 0.4890625 0.078125 0.025
1 0.14375 0.47421875 0.078125 0.028125
1 0.125 0.67578125 0.0625 0.0265625
1 0.03515625 0.73984375 0.0703125 0.028125
1 0.02734375 0.56171875 0.0546875 0.0234375
1 0.04375 0.5375 0.0734375 0.025
1 0.02421875 0.66796875 0.0484375 0.0265625
0 0.51484375 0.63515625 0.021875 0.0125
1 0.953125 0.703125 0.0484375 0.0125
1 0.8609375 0.640625 0.0484375 0.0171875
1 0.89375 0.540625 0.0484375 0.01875
1 0.82421875 0.65859375 0.05 0.0171875
1 0.75546875 0.42578125 0.053125 0.025
1 0.6890625 0.4265625 0.0515625 0.0171875
1 0.54921875 0.6359375 0.0671875 0.021875
1 0.57265625 0.69296875 0.0609375 0.025
1 0.534375 0.88203125 0.046875 0.0234375
1 0.70390625 0.76796875 0.05 0.0203125
1 0.7078125 0.75 0.046875 0.0234375
1 0.934375 0.89765625 0.0359375 0.015625
1 0.92578125 0.80390625 0.0359375 0.0203125
1 0.84453125 0.85859375 0.0453125 0.0203125
1 0.83828125 0.91796875 0.0375 0.0171875
1 0.834375 0.94375 0.0421875 0.0171875
1 0.7078125 0.93671875 0.0421875 0.01875
1 0.6859375 0.9625 0.0484375 0.0203125