1 0.05234375 0.465625 0.021875 0.0546875
1 0.0328125 0.5171875 0.025 0.0671875
1 0.128125 0.56640625 0.025 0.0453125
1 0.13828125 0.56796875 0.0234375 0.0421875
1 0.1859375 0.575 0.028125 0.028125
1 0.384375 0.36484375 0.01875 0.0453125
1 0.328125 0.38515625 0.0171875 0.0515625
1 0.153125 0.4234375 0.01875 0.0484375
1 0.24609375 0.51796875 0.025 0.0625
1 0.30234375 0.49140625 0.021875 0.0625
1 0.93359375 0.1953125 0.021875 0.0578125
1 0.98984375 0.4109375 0.0203125 0.0609375
1 0.89296875 0.453125 0.021875 0.0640625
1 0.76796875 0.31640625 0.01875 0.059375
1 0.7734375 0.40625 0.0203125 0.0484375
1 0.7125 0.20390625 0.0203125 0.05
1 0.62734375 0.36796875 0.01875 0.059375
1 0.690625 0.4390625 0.021875 0.0625
1 0.6796875 0.45390625 0.0265625 0.0546875
1 0.6296875 0.55859375 0.028125 0.0609375
1 0.44921875 0.24921875 0.0203125 0.0546875
1 0.54453125 0.21484375 0.015625 0.046875
1 0.496875 0.13515625 0.015625 0.046875
0 0.9890625 0.4453125 0.00625 0.009375
0 0.8875 0.4828125 0.0078125 0.0109375
0 0.7578125 0.4328125 0.0078125 0.0140625
0 0.765625 0.3515625 0.009375 0.0109375
0 0.71953125 0.3328125 0.00625 0.0140625
0 0.7015625 0.228125 0.0078125 0.0109375
0 0.65234375 0.28828125 0.009375 0.0171875
0 0.63671875 0.13359375 0.00625 0.0140625
0 0.5125 0.33828125 0.00625 0.009375
0 0.54140625 0.24296875 0.0109375 0.0171875
0 0.45390625 0.27578125 0.009375 0.0171875
0 0.66953125 0.48984375 0.0109375 0.0171875
1 0.01953125 0.759375 0.021875 0.0640625
1 0.0578125 0.79921875 0.0203125 0.0609375
1 0.0671875 0.72890625 0.0171875 0.0515625
1 0.04921875 0.66328125 0.0171875 0.0546875
1 0.07421875 0.6125 0.0171875 0.046875
1 0.10703125 0.6109375 0.0171875 0.04375
1 0.17265625 0.6671875 0.0171875 0.0515625
1 0.16875 0.64609375 0.0171875 0.0484375
1 0.13359375 0.71796875 0.0171875 0.0515625
1 0.24921875 0.7359375 0.0234375 0.0578125
1 0.29921875 0.715625 0.021875 0.053125
1 0.2765625 0.6640625 0.0171875 0.0484375
1 0.28046875 0.64140625 0.0203125 0.0546875
1 0.2625 0.61796875 0.0171875 0.05
1 0.31640625 0.61484375 0.0171875 0.0515625
1 0.325 0.6109375 0.021875 0.04375
1 0.8875 0.9421875 0.0234375 0.0703125
1 0.846875 0.96171875 0.028125 0.0609375
1 0.74609375 0.96171875 0.0328125 0.075
1 0.68671875 0.89296875 0.0234375 0.0609375
1 0.696875 0.87734375 0.0203125 0.053125
1 0.8125 0.8375 0.0203125 0.0546875
1 0.74765625 0.825 0.025 0.0578125
1 0.71796875 0.80625 0.021875 0.0578125
1 0.821875 0.73984375 0.0203125 0.0546875
1 0.61484375 0.75859375 0.0140625 0.0453125
1 0.546875 0.77578125 0.015625 0.046875
1 0.4828125 0.85390625 0.01875 0.05625
1 0.59453125 0.91875 0.021875 0.0578125
1 0.534375 0.9328125 0.021875 0.065625
1 0.403125 0.88359375 0.00625 0.0546875
1 0.403125 0.775 0.00625 0.053125