1 0.45859375 0.12578125 0.075 0.034375
1 0.18984375 0.1203125 0.05 0.021875
1 0.18828125 0.10625 0.05625 0.021875
1 0.26875 0.23515625 0.0546875 0.025
1 0.31015625 0.19765625 0.0671875 0.0296875
1 0.39765625 0.26484375 0.0578125 0.028125
1 0.409375 0.27109375 0.0703125 0.028125
1 0.43671875 0.3109375 0.0640625 0.03125
1 0.4890625 0.30625 0.040625 0.03125
1 0.490625 0.36875 0.0375 0.028125
1 0.49921875 0.471875 0.0203125 0.03125
1 0.30078125 0.58046875 0.0453125 0.021875
1 0.47265625 0.59140625 0.0640625 0.0171875
1 0.29765625 0.5203125 0.0515625 0.0203125
1 0.26796875 0.34453125 0.0484375 0.021875
1 0.38984375 0.39453125 0.0625 0.0296875
1 0.38671875 0.45703125 0.0625 0.0265625
0 0.6015625 0.53828125 0.015625 0.009375
0 0.7609375 0.484375 0.0140625 0.0078125
0 0.6078125 0.4296875 0.0140625 0.009375
0 0.66640625 0.34140625 0.0109375 0.0078125
0 0.73046875 0.26796875 0.0109375 0.009375
0 0.60390625 0.2375 0.0140625 0.009375
0 0.76875 0.16171875 0.0140625 0.009375
0 0.90546875 0.41875 0.0140625 0.0125
0 0.96875 0.29375 0.0140625 0.009375
0 0.95390625 0.153125 0.0140625 0.009375
0 0.6859375 0.0109375 0.0109375 0.0078125
0 0.5234375 0.0375 0.015625 0.009375
1 0.68984375 0.50078125 0.0578125 0.028125
1 0.68671875 0.42578125 0.059375 0.03125
1 0.8078125 0.3359375 0.0765625 0.0328125
1 0.553125 0.4421875 0.0359375 0.01875
1 0.540625 0.43359375 0.0484375 0.0171875
1 0.5421875 0.26171875 0.0515625 0.0234375
1 0.53203125 0.16328125 0.0453125 0.0265625
1 0.61328125 0.15859375 0.0546875 0.0234375
1 0.659375 0.15234375 0.05 0.0234375
1 0.140625 0.94765625 0.06875 0.0328125
1 0.190625 0.82734375 0.0640625 0.03125
1 0.17734375 0.75390625 0.0640625 0.028125
1 0.06484375 0.784375 0.0515625 0.025
1 0.04765625 0.71015625 0.065625 0.0203125
1 0.7265625 0.609375 0.075 0.01875
1 0.603125 0.63125 0.0578125 0.025
1 0.53203125 0.65703125 0.0421875 0.01875
1 0.525 0.6296875 0.03125 0.01875
1 0.628125 0.97421875 0.0515625 0.0234375
1 0.584375 0.96484375 0.0421875 0.021875
1 0.6390625 0.84296875 0.05625 0.021875
1 0.57890625 0.70625 0.05625 0.021875