1 0.36640625 0.390625 0.0640625 0.0203125
1 0.89453125 0.34765625 0.0546875 0.021875
1 0.834375 0.3859375 0.0640625 0.01875
1 0.8078125 0.18203125 0.0546875 0.0203125
1 0.67890625 0.13203125 0.075 0.028125
1 0.8796875 0.1796875 0.0421875 0.015625
1 0.87734375 0.16875 0.0484375 0.01875
1 0.90390625 0.05703125 0.0484375 0.015625
1 0.89296875 0.02421875 0.0421875 0.015625
1 0.87109375 0.0125 0.040625 0.0140625
0 0.39453125 0.8828125 0.0265625 0.015625
1 0.45859375 0.9453125 0.0421875 0.03125
1 0.01171875 0.89296875 0.0234375 0.0359375
1 0.33203125 0.93671875 0.0640625 0.0203125
1 0.334375 0.75234375 0.06875 0.03125
1 0.24453125 0.709375 0.071875 0.03125
1 0.02734375 0.8265625 0.0546875 0.0375
1 0.2421875 0.6609375 0.0671875 0.028125
1 0.3484375 0.621875 0.0640625 0.0203125
1 0.15625 0.59453125 0.0765625 0.0328125
1 0.03984375 0.48125 0.0796875 0.0375
1 0.40390625 0.84765625 0.0578125 0.0203125
1 0.86171875 0.58359375 0.0796875 0.0265625
1 0.978125 0.76640625 0.04375 0.0203125
1 0.9828125 0.8703125 0.034375 0.021875