1 0.015625 0.259375 0.0171875 0.0453125
1 0.05390625 0.415625 0.0203125 0.046875
1 0.07265625 0.25703125 0.015625 0.046875
1 0.16484375 0.38984375 0.015625 0.0484375
1 0.16484375 0.27109375 0.0171875 0.0484375
1 0.1796875 0.253125 0.015625 0.0453125
1 0.2296875 0.1984375 0.015625 0.0421875
1 0.3125 0.2421875 0.015625 0.0453125
1 0.4765625 0.3234375 0.01875 0.05
1 0.4703125 0.23359375 0.01875 0.046875
1 0.3875 0.1890625 0.0125 0.0359375
1 0.37109375 0.15859375 0.0109375 0.03125
1 0.39609375 0.15625 0.01875 0.0453125
0 0.87890625 0.1875 0.0046875 0.009375
0 0.6125 0.28125 0.00625 0.009375
0 0.56640625 0.11953125 0.0078125 0.009375
0 0.6203125 0.0484375 0.00625 0.009375
0 0.6984375 0.11640625 0.0046875 0.009375
0 0.68671875 0.19765625 0.0078125 0.009375
0 0.675 0.03515625 0.00625 0.00625
0 0.7625 0.0578125 0.0046875 0.00625
0 0.915625 0.11171875 0.0046875 0.00625
1 0.58515625 0.1921875 0.0171875 0.0546875
1 0.6171875 0.14296875 0.015625 0.0484375
1 0.67421875 0.1390625 0.015625 0.046875
1 0.72890625 0.15703125 0.0171875 0.0546875
1 0.70703125 0.0296875 0.009375 0.034375
1 0.80078125 0.06796875 0.0125 0.04375
1 0.85390625 0.059375 0.015625 0.0453125
1 0.84765625 0.02109375 0.0109375 0.0390625
1 0.88515625 0.0828125 0.0140625 0.046875
1 0.89921875 0.0625 0.0125 0.04375
1 0.86015625 0.12421875 0.015625 0.046875
1 0.8453125 0.16015625 0.0203125 0.0546875
1 0.58203125 0.24765625 0.01875 0.0546875
1 0.2390625 0.50625 0.0203125 0.0609375
1 0.31171875 0.5421875 0.0203125 0.05625
1 0.35703125 0.63203125 0.03125 0.0875
1 0.40078125 0.51484375 0.0203125 0.059375
1 0.246875 0.671875 0.03125 0.0828125
1 0.22734375 0.746875 0.03125 0.0859375
1 0.1875 0.55078125 0.0203125 0.0546875
1 0.0796875 0.62890625 0.021875 0.0734375
1 0.06796875 0.6578125 0.028125 0.0796875
1 0.05078125 0.62421875 0.021875 0.059375
1 0.04609375 0.64921875 0.01875 0.065625
1 0.0390625 0.690625 0.028125 0.0765625
1 0.9546875 0.7140625 0.0203125 0.0578125
1 0.88984375 0.725 0.01875 0.0515625
1 0.98359375 0.85703125 0.028125 0.0703125
1 0.7109375 0.9375 0.0234375 0.0515625
1 0.6546875 0.846875 0.028125 0.0578125
1 0.71171875 0.57578125 0.0171875 0.0421875
1 0.740625 0.7265625 0.0171875 0.0421875
1 0.7671875 0.7171875 0.0171875 0.0484375
1 0.78359375 0.55078125 0.0140625 0.04375
0 0.56796875 0.81015625 0.0078125 0.0109375
0 0.66875 0.721875 0.0078125 0.009375
0 0.715625 0.6484375 0.00625 0.0125
0 0.82109375 0.815625 0.00625 0.009375
0 0.75078125 0.91015625 0.0078125 0.0125
0 0.92890625 0.971875 0.009375 0.0140625