0 0.35859375 0.03984375 0.0125 0.00625
1 0.09375 0.66328125 0.05625 0.0109375
1 0.25546875 0.62890625 0.0453125 0.0109375
1 0.1140625 0.5515625 0.046875 0.0109375
1 0.23203125 0.5390625 0.046875 0.0125
1 0.2484375 0.52265625 0.04375 0.0109375
1 0.29765625 0.4671875 0.040625 0.0109375
1 0.2453125 0.38984375 0.04375 0.0109375
1 0.14765625 0.234375 0.0484375 0.0140625
1 0.2375 0.23125 0.0453125 0.0140625
1 0.290625 0.309375 0.0359375 0.009375
1 0.32265625 0.321875 0.03125 0.0078125
1 0.321875 0.296875 0.04375 0.0140625
1 0.33046875 0.09140625 0.0359375 0.0140625
1 0.28515625 0.06484375 0.040625 0.0109375
1 0.2171875 0.03828125 0.05625 0.0171875
1 0.20625 0.06640625 0.0484375 0.0125
1 0.15703125 0.0921875 0.046875 0.0171875
1 0.3671875 0.059375 0.0375 0.0109375
1 0.97734375 0.51953125 0.0453125 0.0171875
1 0.89375 0.484375 0.05 0.0125
1 0.975 0.27578125 0.05 0.0171875
1 0.79453125 0.21015625 0.06875 0.0265625
1 0.8203125 0.06484375 0.075 0.0234375
1 0.05703125 0.67578125 0.05625 0.0109375
1 0.1546875 0.6984375 0.03125 0.0078125
1 0.17578125 0.70390625 0.03125 0.0109375
1 0.12421875 0.80390625 0.046875 0.0109375
1 0.025 0.81953125 0.05 0.0171875
1 0.009375 0.85546875 0.01875 0.0265625
1 0.0578125 0.92421875 0.059375 0.0171875
1 0.01015625 0.9890625 0.0203125 0.01875
0 0.85546875 0.97421875 0.009375 0.0046875
0 0.73671875 0.81171875 0.0125 0.00625
0 0.8671875 0.846875 0.0125 0.0046875
0 0.94375 0.7625 0.009375 0.0046875
1 0.99453125 0.97578125 0.0109375 0.0140625
1 0.9703125 0.890625 0.05 0.0125