1 0.33515625 0.47734375 0.0609375 0.025
1 0.2203125 0.31171875 0.059375 0.021875
1 0.2375 0.29765625 0.05625 0.025
1 0.19921875 0.29296875 0.0609375 0.025
1 0.3140625 0.25859375 0.0484375 0.025
1 0.35703125 0.2578125 0.0453125 0.01875
1 0.3578125 0.19453125 0.0390625 0.01875
1 0.30625 0.19453125 0.0546875 0.0203125
1 0.29609375 0.15546875 0.0453125 0.01875
1 0.28203125 0.009375 0.0484375 0.01875
0 0.54140625 0.24453125 0.0234375 0.0171875
1 0.6328125 0.5546875 0.0625 0.028125
1 0.61875 0.490625 0.0625 0.025
1 0.81640625 0.478125 0.0484375 0.0203125
1 0.7671875 0.36171875 0.0484375 0.021875
1 0.6796875 0.321875 0.0484375 0.025
1 0.66640625 0.31328125 0.0578125 0.0265625
1 0.80703125 0.2671875 0.0421875 0.0171875
1 0.846875 0.153125 0.0421875 0.0203125
1 0.7265625 0.13125 0.0609375 0.028125
1 0.6046875 0.19140625 0.05 0.025
1 0.57265625 0.19375 0.05 0.028125
1 0.5984375 0.15234375 0.0546875 0.0234375
1 0.48984375 0.11875 0.0640625 0.0375
1 0.88671875 0.02109375 0.0375 0.0171875
1 0.4578125 0.00625 0.0625 0.0125
0 0.0421875 0.9609375 0.009375 0.0046875
0 0.12734375 0.9546875 0.0078125 0.00625
0 0.07578125 0.8796875 0.00625 0.0046875
0 0.128125 0.840625 0.00625 0.0046875
1 0.0296875 0.990625 0.046875 0.01875
1 0.01015625 0.94453125 0.0203125 0.0203125
1 0.12109375 0.921875 0.034375 0.0125
1 0.053125 0.846875 0.04375 0.015625
1 0.04296875 0.7953125 0.0453125 0.01875
1 0.08125 0.7875 0.0390625 0.0140625
1 0.01640625 0.77265625 0.0328125 0.0171875
1 0.025 0.753125 0.04375 0.015625
0 0.87578125 0.78203125 0.021875 0.0140625
1 0.61171875 0.9953125 0.0859375 0.009375
1 0.83984375 0.99765625 0.0578125 0.0046875
1 0.78984375 0.9953125 0.0609375 0.009375
1 0.82265625 0.94765625 0.0640625 0.0296875
1 0.796875 0.884375 0.0609375 0.028125
1 0.8359375 0.85625 0.0609375 0.025
1 0.78515625 0.8390625 0.0578125 0.0265625
1 0.759375 0.8515625 0.0640625 0.0265625
1 0.74765625 0.69453125 0.0625 0.021875
1 0.74765625 0.65625 0.0640625 0.0265625
1 0.48125 0.7328125 0.1 0.040625