1 0.1890625 0.003125 0.04375 0.00625
1 0.175 0.1484375 0.046875 0.0109375
1 0.22578125 0.23515625 0.034375 0.015625
1 0.1875 0.22265625 0.046875 0.009375
1 0.11640625 0.20234375 0.040625 0.00625
1 0.10859375 0.2 0.04375 0.009375
1 0.11015625 0.23125 0.028125 0.0140625
1 0.1453125 0.2640625 0.0359375 0.009375
1 0.1625 0.3109375 0.0359375 0.009375
1 0.1796875 0.31015625 0.034375 0.0078125
1 0.21015625 0.3140625 0.040625 0.009375
1 0.2359375 0.32734375 0.046875 0.0109375
1 0.16953125 0.32265625 0.046875 0.0109375
1 0.98671875 0.103125 0.0265625 0.00625
1 0.33984375 0.4703125 0.0453125 0.0171875
1 0.34453125 0.99140625 0.05 0.009375
1 0.32421875 0.9703125 0.040625 0.0078125
1 0.3 0.94375 0.0375 0.00625
1 0.25390625 0.953125 0.0296875 0.00625
1 0.24921875 0.96796875 0.03125 0.00625
1 0.29375 0.9984375 0.03125 0.003125
1 0.43125 0.784375 0.053125 0.0109375
1 0.4375 0.76796875 0.05 0.0109375
1 0.34296875 0.7859375 0.05 0.0109375
1 0.33359375 0.75859375 0.040625 0.0109375
1 0.3453125 0.73828125 0.040625 0.009375
1 0.30546875 0.74140625 0.0390625 0.009375
1 0.28203125 0.78046875 0.034375 0.009375
1 0.23984375 0.84609375 0.025 0.00625