1 0.2203125 0.4109375 0.0171875 0.059375
1 0.2125 0.43203125 0.0203125 0.05625
1 0.1953125 0.39765625 0.0203125 0.0609375
1 0.2 0.5171875 0.021875 0.0484375
1 0.2140625 0.5578125 0.0140625 0.0453125
1 0.15390625 0.5796875 0.015625 0.0390625
1 0.1375 0.53046875 0.015625 0.053125
1 0.09765625 0.53359375 0.0140625 0.0453125
1 0.9828125 0.4859375 0.0265625 0.0765625
1 0.99296875 0.40234375 0.0140625 0.0703125
1 0.92890625 0.30703125 0.025 0.0765625
1 0.78515625 0.3015625 0.028125 0.0859375
1 0.85703125 0.51875 0.01875 0.0578125
1 0.8390625 0.471875 0.025 0.0609375
1 0.79453125 0.521875 0.025 0.0640625
1 0.7265625 0.51796875 0.0234375 0.0609375
1 0.71328125 0.5640625 0.0203125 0.0609375
1 0.68046875 0.52109375 0.021875 0.0578125
1 0.68359375 0.49296875 0.021875 0.0640625
1 0.53125 0.5328125 0.0171875 0.0625
1 0.4953125 0.54609375 0.021875 0.0640625
1 0.39140625 0.56640625 0.0265625 0.0640625
1 0.40390625 0.59296875 0.0203125 0.0328125
1 0.48125 0.26875 0.0328125 0.1
1 0.1625 0.63359375 0.01875 0.0484375
1 0.0859375 0.70234375 0.0140625 0.0421875
1 0.3390625 0.76328125 0.015625 0.0453125
1 0.39140625 0.81015625 0.0125 0.0375
1 0.63203125 0.70703125 0.015625 0.0515625
1 0.70078125 0.7375 0.0140625 0.05
1 0.72421875 0.7546875 0.0125 0.040625
1 0.7546875 0.775 0.0109375 0.0375
1 0.7515625 0.821875 0.009375 0.0296875
1 0.7375 0.828125 0.009375 0.03125
1 0.6984375 0.78828125 0.009375 0.03125
1 0.64140625 0.7984375 0.0125 0.034375
1 0.5609375 0.8046875 0.0125 0.04375
1 0.89375 0.62890625 0.015625 0.0390625
1 0.909375 0.62421875 0.015625 0.0296875
1 0.9046875 0.71015625 0.015625 0.05
1 0.9328125 0.715625 0.015625 0.0421875
1 0.9515625 0.7015625 0.0140625 0.0421875
1 0.95390625 0.74140625 0.0140625 0.040625
1 0.91796875 0.76953125 0.0140625 0.0359375
1 0.859375 0.8203125 0.009375 0.025
0 0.396875 0.79140625 0.0078125 0.015625