1 0.403125 0.1859375 0.03125 0.028125
1 0.33671875 0.0765625 0.0546875 0.0203125
0 0.653125 0.540625 0.0109375 0.0078125
0 0.50078125 0.57265625 0.0171875 0.00625
0 0.540625 0.41328125 0.009375 0.0078125
0 0.475 0.30078125 0.0125 0.0078125
0 0.4953125 0.2125 0.0125 0.0078125
0 0.59609375 0.13359375 0.0109375 0.0078125
0 0.66875 0.296875 0.0125 0.0078125
0 0.65625 0.35234375 0.0109375 0.009375
1 0.54296875 0.1703125 0.0546875 0.0203125
1 0.4671875 0.14765625 0.0578125 0.0171875
1 0.4796875 0.2765625 0.053125 0.015625
1 0.653125 0.24453125 0.046875 0.0140625
1 0.57265625 0.32734375 0.04375 0.0140625
1 0.4546875 0.41953125 0.0578125 0.01875
1 0.7171875 0.3859375 0.0515625 0.015625
1 0.63125 0.42421875 0.0375 0.0125
1 0.46328125 0.18984375 0.0578125 0.0171875
1 0.54296875 0.215625 0.0515625 0.0171875
1 0.01328125 0.59375 0.0265625 0.028125
1 0.01640625 0.62109375 0.0328125 0.0359375
1 0.15078125 0.60703125 0.0640625 0.03125
1 0.3546875 0.68515625 0.0703125 0.0296875
1 0.38203125 0.71953125 0.0671875 0.025
1 0.3609375 0.921875 0.0671875 0.028125
1 0.38828125 0.92578125 0.0609375 0.0203125
1 0.8640625 0.97421875 0.0421875 0.015625
1 0.60625 0.9265625 0.0828125 0.0234375
1 0.6984375 0.78359375 0.0609375 0.015625
1 0.60703125 0.621875 0.0734375 0.021875
1 0.71015625 0.63515625 0.065625 0.0203125
1 0.80234375 0.73359375 0.0484375 0.0171875
1 0.78125 0.94765625 0.0546875 0.0203125
1 0.74453125 0.9703125 0.0578125 0.01875
1 0.73203125 0.9859375 0.0578125 0.01875