1 0.1390625 0.00546875 0.05625 0.0109375
1 0.1859375 0.146875 0.0515625 0.015625
1 0.23515625 0.13359375 0.04375 0.0109375
1 0.23671875 0.13984375 0.04375 0.0140625
1 0.13828125 0.18203125 0.065625 0.0140625
1 0.10859375 0.2515625 0.059375 0.0234375
1 0.04296875 0.37109375 0.053125 0.0171875
1 0.26953125 0.434375 0.05 0.0109375
1 0.19296875 0.40625 0.059375 0.0171875
1 0.16171875 0.35078125 0.0578125 0.0125
1 0.2421875 0.31875 0.046875 0.0140625
1 0.29375 0.2484375 0.0375 0.0109375
1 0.365625 0.2234375 0.0359375 0.0109375
1 0.3296875 0.1078125 0.03125 0.0109375
1 0.328125 0.07578125 0.03125 0.0109375
1 0.28515625 0.040625 0.0375 0.0125
1 0.1703125 0.296875 0.05625 0.0171875
1 0.6703125 0.271875 0.065625 0.015625
1 0.765625 0.2921875 0.059375 0.0140625
1 0.77734375 0.43515625 0.0609375 0.0203125
1 0.86171875 0.35078125 0.046875 0.0140625
1 0.878125 0.2515625 0.046875 0.0109375
1 0.8625 0.23515625 0.053125 0.0140625
1 0.92421875 0.165625 0.0390625 0.0109375
1 0.771875 0.134375 0.059375 0.0125
1 0.7515625 0.10390625 0.0390625 0.015625
1 0.7703125 0.1046875 0.0515625 0.0140625
1 0.7578125 0.03125 0.053125 0.015625
1 0.815625 0.04140625 0.046875 0.0109375
0 0.66953125 0.0953125 0.021875 0.0125
1 0.29453125 0.975 0.065625 0.0203125
1 0.478125 0.9328125 0.0453125 0.0125
1 0.21484375 0.87265625 0.0625 0.01875
1 0.20859375 0.79765625 0.0625 0.015625
1 0.32578125 0.7984375 0.05 0.015625
1 0.41875 0.80703125 0.046875 0.0140625
1 0.459375 0.70234375 0.040625 0.0109375
1 0.40078125 0.6359375 0.05 0.0140625
1 0.3234375 0.721875 0.065625 0.0078125
1 0.3625 0.6109375 0.05 0.0140625
1 0.2234375 0.534375 0.0625 0.0140625
1 0.35390625 0.51171875 0.05625 0.0109375
1 0.34609375 0.50859375 0.0609375 0.0125
1 0.69140625 0.51171875 0.0484375 0.00625
1 0.7140625 0.70703125 0.034375 0.0109375
1 0.68515625 0.61640625 0.034375 0.015625
1 0.62890625 0.68671875 0.0203125 0.0140625
1 0.6296875 0.746875 0.021875 0.0125
1 0.63203125 0.771875 0.0265625 0.0125