1 0.46015625 0.0171875 0.0265625 0.034375
1 0.03671875 0.03359375 0.021875 0.053125
1 0.0171875 0.08046875 0.015625 0.0453125
1 0.0234375 0.08359375 0.01875 0.0453125
1 0.0765625 0.01171875 0.021875 0.0234375
1 0.31171875 0.1515625 0.0171875 0.0515625
1 0.29296875 0.071875 0.025 0.0609375
1 0.2421875 0.03515625 0.0203125 0.059375
1 0.2 0.11015625 0.0203125 0.0484375
1 0.12421875 0.153125 0.015625 0.0390625
1 0.090625 0.22109375 0.015625 0.0375
1 0.1875 0.03671875 0.025 0.0578125
1 0.9921875 0.02890625 0.015625 0.0578125
1 0.76484375 0.1140625 0.025 0.0578125
1 0.5828125 0.15390625 0.01875 0.0390625
1 0.62265625 0.0859375 0.01875 0.0390625
1 0.68359375 0.04453125 0.025 0.0484375
1 0.7 0.0453125 0.028125 0.0609375
1 0.73359375 0.01953125 0.0265625 0.0390625
1 0.58203125 0.06796875 0.0234375 0.0546875
1 0.078125 0.9890625 0.021875 0.021875
1 0.28125 0.9703125 0.021875 0.0546875
1 0.32578125 0.89765625 0.021875 0.0609375
1 0.36640625 0.93125 0.0171875 0.0546875
1 0.39453125 0.76953125 0.03125 0.0734375
1 0.21328125 0.84765625 0.028125 0.0625
1 0.146875 0.7640625 0.021875 0.0625
1 0.24140625 0.56953125 0.0328125 0.071875
1 0.471875 0.52734375 0.0328125 0.0828125
0 0.6703125 0.65625 0.0125 0.0234375
1 0.653125 0.84140625 0.0171875 0.0421875
1 0.5453125 0.55703125 0.0265625 0.0734375
1 0.6171875 0.64375 0.0296875 0.0734375
1 0.65546875 0.596875 0.025 0.0703125
1 0.66484375 0.5625 0.0265625 0.0734375
1 0.809375 0.34296875 0.040625 0.0859375
1 0.765625 0.6046875 0.028125 0.0828125
1 0.8796875 0.73125 0.01875 0.0609375
1 0.9015625 0.84453125 0.0203125 0.0484375
1 0.7 0.76796875 0.021875 0.0546875
1 0.6875 0.7265625 0.021875 0.0578125
1 0.67578125 0.71015625 0.021875 0.0578125
1 0.66015625 0.6875 0.021875 0.065625