1 0.03359375 0.496875 0.015625 0.04375
1 0.08828125 0.47734375 0.0109375 0.0390625
1 0.1078125 0.5328125 0.015625 0.0125
1 0.14296875 0.34375 0.0125 0.0515625
1 0.1859375 0.40546875 0.0109375 0.053125
1 0.190625 0.39921875 0.0125 0.046875
1 0.22265625 0.45078125 0.015625 0.053125
1 0.21328125 0.49609375 0.0125 0.046875
1 0.29921875 0.4515625 0.015625 0.053125
1 0.06796875 0.2890625 0.0140625 0.059375
0 0.06171875 0.2640625 0.009375 0.01875
1 0.903125 0.26171875 0.0109375 0.03125
1 0.68828125 0.2046875 0.0078125 0.025
1 0.69140625 0.2078125 0.0078125 0.025
1 0.696875 0.23203125 0.0078125 0.025
1 0.70234375 0.2359375 0.0078125 0.028125
1 0.70703125 0.22578125 0.0078125 0.025
1 0.66796875 0.20546875 0.0078125 0.025
1 0.6484375 0.20390625 0.0078125 0.03125
1 0.6234375 0.17578125 0.0078125 0.025
1 0.59921875 0.1296875 0.0125 0.0359375
1 0.58515625 0.0515625 0.009375 0.034375
1 0.615625 0.0546875 0.00625 0.03125
1 0.6203125 0.053125 0.0078125 0.034375
1 0.6171875 0.0140625 0.009375 0.028125
1 0.56796875 0.04140625 0.0078125 0.028125
1 0.56328125 0.04609375 0.0109375 0.034375
1 0.553125 0.01484375 0.0125 0.0296875
1 0.49921875 0.0296875 0.009375 0.034375
1 0.521875 0.0328125 0.009375 0.0375
1 0.68359375 0.1875 0.009375 0.03125
1 0.6890625 0.1359375 0.009375 0.0328125
1 0.7421875 0.03046875 0.0109375 0.0375
1 0.13828125 0.59140625 0.021875 0.0609375
1 0.0640625 0.62265625 0.021875 0.0609375
1 0.003125 0.72265625 0.00625 0.0515625
1 0.021875 0.76953125 0.0171875 0.059375
1 0.1 0.73671875 0.01875 0.0578125
1 0.09765625 0.83671875 0.0125 0.05
1 0.1296875 0.7421875 0.0171875 0.0625
1 0.2453125 0.65 0.01875 0.0546875
1 0.3 0.65703125 0.01875 0.0578125
1 0.2765625 0.91328125 0.0125 0.040625
1 0.21796875 0.85859375 0.015625 0.04375
1 0.71875 0.940625 0.0109375 0.053125
1 0.81875 0.8265625 0.0171875 0.071875
1 0.75234375 0.765625 0.025 0.0859375
1 0.78984375 0.65546875 0.025 0.0921875
1 0.6140625 0.796875 0.0203125 0.078125
1 0.50078125 0.83984375 0.0203125 0.0671875
1 0.46796875 0.71796875 0.021875 0.090625
1 0.4359375 0.675 0.025 0.0859375
1 0.37109375 0.8078125 0.0046875 0.053125
1 0.38046875 0.76484375 0.0234375 0.0671875
1 0.38984375 0.81015625 0.0171875 0.059375
1 0.4078125 0.80625 0.0203125 0.0671875
1 0.4015625 0.77734375 0.0171875 0.06875
1 0.4234375 0.78125 0.0140625 0.06875
1 0.43046875 0.78203125 0.0140625 0.078125