1 0.17890625 0.10078125 0.0140625 0.0578125
1 0.27890625 0.12578125 0.0125 0.05625
1 0.2390625 0.06875 0.0140625 0.04375
1 0.30234375 0.0421875 0.0140625 0.0515625
1 0.38359375 0.0265625 0.0140625 0.04375
1 0.290625 0.190625 0.0125 0.053125
1 0.10234375 0.18984375 0.0203125 0.0609375
0 0.39921875 0.259375 0.0015625 0.01875
0 0.5046875 0.26875 0.00625 0.0140625
0 0.609375 0.1875 0.00625 0.0140625
0 0.69453125 0.36484375 0.0046875 0.0140625
0 0.61015625 0.04765625 0.00625 0.0125
0 0.45546875 0.02421875 0.009375 0.009375
0 0.72734375 0.0484375 0.00625 0.009375
0 0.78125 0.225 0.00625 0.009375
0 0.86015625 0.35546875 0.0078125 0.009375
0 0.828125 0.03671875 0.009375 0.0140625
0 0.921875 0.1671875 0.00625 0.0078125
1 0.5046875 0.1609375 0.021875 0.0875
1 0.484375 0.15703125 0.021875 0.075
1 0.98359375 0.08125 0.015625 0.0578125
1 0.99453125 0.0484375 0.0109375 0.059375
1 0.14921875 0.453125 0.0078125 0.028125
1 0.3546875 0.4640625 0.0140625 0.0453125
1 0.02421875 0.50703125 0.0125 0.059375
1 0.18046875 0.53671875 0.0078125 0.0125
1 0.1203125 0.565625 0.00625 0.0125
0 0.1703125 0.478125 0.0046875 0.009375
0 0.2609375 0.4796875 0.00625 0.0125
0 0.2109375 0.56484375 0.0078125 0.009375
0 0.31015625 0.446875 0.0046875 0.009375
0 0.0359375 0.44609375 0.00625 0.0125
0 0.003125 0.60078125 0.0046875 0.0125
0 0.6984375 0.56796875 0.009375 0.015625
1 0.996875 0.78125 0.00625 0.0625
1 0.97109375 0.828125 0.0125 0.059375
1 0.94921875 0.76015625 0.0109375 0.05
1 0.95390625 0.69296875 0.0109375 0.053125
1 0.91875 0.64765625 0.0109375 0.046875
1 0.88515625 0.646875 0.0109375 0.0546875
1 0.63671875 0.63125 0.0078125 0.05
1 0.83359375 0.7203125 0.0109375 0.05
1 0.83359375 0.69921875 0.0109375 0.046875
1 0.88125 0.7625 0.0109375 0.05
1 0.771875 0.8015625 0.015625 0.05625
1 0.71875 0.7921875 0.015625 0.0515625
1 0.73125 0.73671875 0.0109375 0.046875
1 0.72265625 0.715625 0.0140625 0.053125
1 0.73515625 0.6890625 0.0109375 0.0484375
1 0.6828125 0.69609375 0.0109375 0.05
1 0.67265625 0.69375 0.0171875 0.04375
1 0.60078125 0.821875 0.0171875 0.059375
1 0.54375 0.72890625 0.0140625 0.053125