1 0.021875 0.39375 0.04375 0.01875
1 0.08203125 0.39375 0.0546875 0.01875
1 0.10859375 0.1984375 0.053125 0.0171875
1 0.05703125 0.14375 0.053125 0.015625
1 0.0640625 0.13984375 0.0484375 0.015625
1 0.0234375 0.09765625 0.046875 0.0203125
1 0.0359375 0.0234375 0.0546875 0.0203125
1 0.14609375 0.28359375 0.059375 0.0171875
0 0.16953125 0.29453125 0.0203125 0.0109375
1 0.440625 0.35625 0.0484375 0.0171875
1 0.66953125 0.47265625 0.0734375 0.021875
1 0.66640625 0.43046875 0.0703125 0.0296875
1 0.6171875 0.26484375 0.0515625 0.021875
1 0.57109375 0.1828125 0.05625 0.0203125
1 0.49140625 0.146875 0.0453125 0.01875
1 0.63828125 0.1296875 0.0625 0.0296875
1 0.6609375 0.1578125 0.0578125 0.021875
1 0.53359375 0.04765625 0.05 0.01875
1 0.48359375 0.05859375 0.05 0.021875
1 0.62265625 0.00546875 0.0578125 0.0109375
0 0.60859375 0.40234375 0.0203125 0.0109375
0 0.08203125 0.92890625 0.0109375 0.009375
0 0.15546875 0.84296875 0.0125 0.0078125
0 0.33125 0.9015625 0.0125 0.0078125
0 0.13203125 0.67265625 0.009375 0.0078125
1 0.01953125 0.78359375 0.0390625 0.0203125
1 0.05625 0.7953125 0.05 0.01875
1 0.27265625 0.69140625 0.075 0.0375
1 0.2765625 0.55625 0.0703125 0.021875
1 0.428125 0.9265625 0.0375 0.01875
1 0.484375 0.9171875 0.0484375 0.01875
1 0.47890625 0.83828125 0.0546875 0.0234375
1 0.54921875 0.8609375 0.0515625 0.01875
1 0.41875 0.76484375 0.01875 0.0109375