0 0.0703125 0.21640625 0.015625 0.0125
0 0.20859375 0.29921875 0.0203125 0.0109375
0 0.059375 0.34140625 0.01875 0.0125
0 0.403125 0.3296875 0.015625 0.0109375
0 0.47109375 0.228125 0.0171875 0.009375
0 0.54921875 0.2453125 0.021875 0.0140625
1 0.35390625 0.2640625 0.0640625 0.0296875
1 0.953125 0.3375 0.0640625 0.028125
1 0.91875 0.13359375 0.06875 0.025
1 0.88203125 0.0109375 0.0640625 0.021875
0 0.08359375 0.41640625 0.015625 0.009375
0 0.22109375 0.3875 0.0140625 0.009375
0 0.328125 0.39765625 0.0171875 0.0125
0 0.24453125 0.50234375 0.0109375 0.0078125
0 0.0828125 0.5921875 0.0109375 0.0078125
0 0.2765625 0.5984375 0.015625 0.0125
0 0.4921875 0.41171875 0.0171875 0.0109375
0 0.42421875 0.47265625 0.0171875 0.009375
0 0.4546875 0.58125 0.0140625 0.009375
0 0.5046875 0.6578125 0.009375 0.0078125
0 0.5765625 0.65859375 0.00625 0.0078125
0 0.39921875 0.51328125 0.0140625 0.0109375
0 0.346875 0.66328125 0.0171875 0.0109375
0 0.16875 0.7171875 0.009375 0.0078125
0 0.096875 0.83828125 0.0109375 0.0078125
0 0.23828125 0.84453125 0.0203125 0.0109375
0 0.2953125 0.83828125 0.015625 0.0109375
0 0.446875 0.87578125 0.0171875 0.0109375
0 0.52890625 0.7640625 0.015625 0.0109375
0 0.4140625 0.91953125 0.015625 0.009375
1 0.3390625 0.4421875 0.0609375 0.0265625
1 0.3625 0.6390625 0.0625 0.0234375
1 0.265625 0.76015625 0.059375 0.028125
1 0.3 0.76328125 0.059375 0.0234375
1 0.384375 0.70859375 0.0765625 0.0328125
1 0.53671875 0.584375 0.053125 0.021875
1 0.515625 0.74609375 0.059375 0.0265625
1 0.4890625 0.7796875 0.0375 0.028125
1 0.45859375 0.7796875 0.0546875 0.0234375
1 0.525 0.9125 0.0390625 0.0296875
1 0.3078125 0.9515625 0.06875 0.028125
1 0.39609375 0.759375 0.059375 0.0265625
1 0.36875 0.81640625 0.059375 0.0296875
1 0.32109375 0.8234375 0.06875 0.0328125
1 0.884375 0.9015625 0.0359375 0.0171875
1 0.65859375 0.43203125 0.034375 0.0140625
1 0.79453125 0.4109375 0.025 0.0125
1 0.75859375 0.425 0.0265625 0.009375
1 0.75390625 0.43671875 0.03125 0.0140625
1 0.76171875 0.4625 0.0296875 0.0140625
1 0.8140625 0.45859375 0.025 0.0125
1 0.8375 0.52734375 0.0234375 0.0109375
1 0.7109375 0.5109375 0.0328125 0.0140625
1 0.721875 0.5625 0.034375 0.0140625
1 0.71484375 0.61015625 0.0265625 0.0125
1 0.775 0.64296875 0.0296875 0.015625
1 0.7484375 0.71953125 0.0375 0.0171875
1 0.88046875 0.63203125 0.021875 0.0078125
1 0.85859375 0.6 0.0296875 0.0140625
1 0.8421875 0.6515625 0.021875 0.009375
1 0.8375 0.659375 0.0234375 0.0109375
1 0.81953125 0.703125 0.025 0.0125
1 0.8078125 0.71875 0.0296875 0.0125
1 0.79140625 0.546875 0.028125 0.0125
0 0.778125 0.55390625 0.0109375 0.00625