0 0.2375 0.4703125 0.015625 0.0109375
0 0.10078125 0.37578125 0.0125 0.0078125
0 0.23046875 0.34453125 0.0171875 0.0109375
0 0.0921875 0.16796875 0.01875 0.0109375
0 0.003125 0.25859375 0.00625 0.0078125
1 0.071875 0.38828125 0.05 0.0296875
1 0.19765625 0.33203125 0.0703125 0.0234375
1 0.56328125 0.125 0.0265625 0.028125
1 0.6421875 0.08046875 0.0921875 0.0296875
1 0.596875 0.40625 0.090625 0.0265625
1 0.64140625 0.4359375 0.0859375 0.028125
1 0.56875 0.490625 0.0375 0.01875
1 0.5625 0.47421875 0.025 0.0203125
1 0.56015625 0.45390625 0.0203125 0.0171875
1 0.56171875 0.446875 0.0234375 0.01875
1 0.35546875 0.9171875 0.0515625 0.01875
1 0.48203125 0.9796875 0.0703125 0.0203125
1 0.33828125 0.84140625 0.05625 0.0140625
1 0.25234375 0.84921875 0.0421875 0.015625
1 0.290625 0.8265625 0.0421875 0.0140625
1 0.33984375 0.79296875 0.046875 0.0140625
1 0.4015625 0.7484375 0.0578125 0.01875
1 0.3765625 0.73828125 0.0609375 0.0234375
1 0.40390625 0.684375 0.0484375 0.01875
1 0.4765625 0.58046875 0.0546875 0.01875
1 0.41484375 0.559375 0.0515625 0.01875
1 0.36953125 0.56484375 0.0578125 0.0203125
1 0.3546875 0.5515625 0.0625 0.025
1 0.28125 0.63125 0.053125 0.015625
1 0.2734375 0.68984375 0.0390625 0.0171875
1 0.92734375 0.990625 0.0671875 0.01875
1 0.7796875 0.5953125 0.053125 0.0203125
1 0.72890625 0.58984375 0.0453125 0.0140625
1 0.728125 0.59609375 0.0453125 0.0171875
1 0.83203125 0.62265625 0.0671875 0.0203125
1 0.87265625 0.6859375 0.0609375 0.0296875
1 0.95546875 0.79375 0.0546875 0.021875
1 0.74140625 0.8921875 0.05 0.015625
1 0.81328125 0.85234375 0.0609375 0.0234375
1 0.83515625 0.79296875 0.059375 0.0171875
1 0.75078125 0.7734375 0.0484375 0.01875
1 0.6890625 0.7125 0.0390625 0.0140625
1 0.6140625 0.69921875 0.0375 0.0140625
1 0.63203125 0.57890625 0.0328125 0.0125
1 0.628125 0.546875 0.0328125 0.0125
1 0.66484375 0.50625 0.0390625 0.0125
1 0.81875 0.740625 0.0578125 0.021875