0 0.06015625 0.1234375 0.0078125 0.01875
0 0.28203125 0.08046875 0.0109375 0.0140625
0 0.3828125 0.2125 0.0078125 0.0125
0 0.4078125 0.08125 0.0109375 0.015625
1 0.37109375 0.23359375 0.0265625 0.0328125
1 0.421875 0.11328125 0.0203125 0.0703125
1 0.18203125 0.01640625 0.0265625 0.0328125
1 0.68125 0.15625 0.015625 0.05
1 0.73125 0.053125 0.015625 0.053125
1 0.88359375 0.04765625 0.01875 0.0546875
1 0.50390625 0.75078125 0.015625 0.040625
1 0.36015625 0.58515625 0.015625 0.05625
1 0.3328125 0.67734375 0.01875 0.05
1 0.29921875 0.6203125 0.025 0.0578125
1 0.14765625 0.65078125 0.0171875 0.053125
1 0.15625 0.70078125 0.0125 0.04375
1 0.15 0.7015625 0.015625 0.04375
1 0.11796875 0.59921875 0.0171875 0.065625
1 0.05234375 0.5625 0.0265625 0.0609375
1 0.03515625 0.746875 0.0125 0.0375
1 0.053125 0.82109375 0.0125 0.0359375
1 0.171875 0.79765625 0.0109375 0.03125
1 0.20390625 0.8 0.0109375 0.03125
1 0.24375 0.76015625 0.0140625 0.0375
0 0.31171875 0.6953125 0.0125 0.021875
1 0.0046875 0.61953125 0.009375 0.0578125
1 0.95625 0.58046875 0.0125 0.05625
1 0.72890625 0.52421875 0.0171875 0.071875
1 0.68359375 0.62109375 0.01875 0.0578125
1 0.56640625 0.6703125 0.01875 0.0515625
1 0.540625 0.8125 0.0109375 0.03125
1 0.546875 0.825 0.0125 0.034375
1 0.54921875 0.79375 0.0125 0.0375
1 0.5546875 0.8 0.0125 0.040625
1 0.578125 0.80078125 0.0125 0.04375
0 0.93984375 0.559375 0.0078125 0.0203125