0 0.14765625 0.44453125 0.0125 0.00625
0 0.184375 0.34453125 0.0125 0.0046875
0 0.17109375 0.2203125 0.0125 0.00625
0 0.275 0.1625 0.0109375 0.00625
0 0.38125 0.2015625 0.0125 0.00625
0 0.296875 0.27109375 0.0109375 0.0046875
0 0.5625 0.10625 0.0109375 0.0046875
0 0.478125 0.12734375 0.009375 0.0046875
0 0.55 0.25234375 0.0109375 0.003125
0 0.56875 0.35 0.0125 0.00625
0 0.4796875 0.4046875 0.0125 0.00625
0 0.35390625 0.37578125 0.0125 0.0046875
0 0.453125 0.309375 0.0125 0.00625
0 0.3515625 0.0734375 0.0125 0.0046875
0 0.1421875 0.10625 0.0125 0.00625
1 0.428125 0.05390625 0.053125 0.0109375
1 0.45078125 0.153125 0.046875 0.0125
1 0.528125 0.18984375 0.046875 0.00625
1 0.63671875 0.16796875 0.04375 0.0078125
1 0.49140625 0.23671875 0.04375 0.0109375
1 0.4640625 0.340625 0.046875 0.0109375
1 0.375 0.41171875 0.05 0.0109375
1 0.34921875 0.4109375 0.04375 0.009375
1 0.425 0.43359375 0.04375 0.0171875
1 0.56015625 0.4375 0.04375 0.0109375
1 0.5078125 0.4765625 0.046875 0.009375
1 0.32265625 0.46953125 0.05625 0.0109375
1 0.225 0.45859375 0.0625 0.0109375
1 0.228125 0.496875 0.05625 0.0109375
1 0.984375 0.06328125 0.03125 0.0140625
1 0.99296875 0.1578125 0.0140625 0.009375
1 0.98203125 0.15859375 0.0359375 0.0140625
1 0.9 0.13125 0.0578125 0.0109375
1 0.84765625 0.1484375 0.0625 0.0109375
1 0.75390625 0.16953125 0.059375 0.0125
1 0.82578125 0.225 0.0625 0.0171875
1 0.94375 0.38515625 0.046875 0.0140625
1 0.95390625 0.434375 0.05 0.0125
1 0.76875 0.46015625 0.0625 0.0078125
1 0.86484375 0.06171875 0.0515625 0.0140625
0 0.01484375 0.62109375 0.0296875 0.0140625
1 0.03203125 0.6078125 0.0640625 0.025
1 0.26171875 0.64453125 0.0875 0.025
1 0.459375 0.5953125 0.059375 0.0203125
1 0.45703125 0.81796875 0.059375 0.01875
1 0.28515625 0.7984375 0.078125 0.021875
1 0.1984375 0.92734375 0.0859375 0.028125
1 0.31875 0.90625 0.065625 0.0203125
1 0.51640625 0.96484375 0.046875 0.015625
0 0.978125 0.725 0.0109375 0.009375