0 0.16796875 0.30546875 0.0125 0.003125
0 0.084375 0.265625 0.009375 0.003125
0 0.134375 0.19140625 0.0109375 0.00625
0 0.3 0.203125 0.015625 0.00625
0 0.3578125 0.153125 0.0109375 0.00625
0 0.37890625 0.3234375 0.0125 0.00625
1 0.4546875 0.32734375 0.040625 0.0109375
0 0.2484375 0.42890625 0.0125 0.0015625
1 0.3765625 0.13828125 0.05 0.0125
1 0.31875 0.15546875 0.053125 0.0109375
1 0.109375 0.103125 0.059375 0.0171875
1 0.19453125 0.3359375 0.05 0.0109375
1 0.33125 0.3515625 0.05625 0.0109375
1 0.325 0.41171875 0.053125 0.0109375
1 0.034375 0.33828125 0.0625 0.0109375
1 0.92578125 0.10625 0.05625 0.0140625
1 0.871875 0.11484375 0.06875 0.021875
1 0.846875 0.15078125 0.065625 0.01875
0 0.3296875 0.87578125 0.01875 0.009375
1 0.42890625 0.7015625 0.0578125 0.0140625
1 0.23515625 0.83046875 0.065625 0.0203125
1 0.47890625 0.7734375 0.0546875 0.0109375
1 0.49140625 0.74375 0.046875 0.0140625
1 0.56328125 0.89453125 0.0390625 0.009375
1 0.51171875 0.9296875 0.0453125 0.0109375
1 0.465625 0.865625 0.04375 0.0140625
1 0.42890625 0.86640625 0.04375 0.0140625
1 0.42578125 0.8765625 0.053125 0.0140625
1 0.41875 0.99765625 0.05625 0.0046875
1 0.328125 0.99375 0.053125 0.0125
1 0.9078125 0.69375 0.0515625 0.0140625
1 0.9203125 0.78828125 0.04375 0.009375
1 0.89765625 0.7890625 0.040625 0.0140625
1 0.8125 0.7609375 0.0578125 0.0109375
1 0.775 0.77734375 0.03125 0.0109375
1 0.8546875 0.56953125 0.053125 0.01875
1 0.85 0.53671875 0.0625 0.0171875
1 0.8 0.6046875 0.053125 0.0171875
1 0.78125 0.69140625 0.04375 0.0140625