0 0.01484375 0.14921875 0.0140625 0.009375
0 0.16328125 0.0078125 0.0125 0.0078125
0 0.0875 0.0515625 0.0109375 0.00625
0 0.190625 0.15234375 0.0109375 0.00625
0 0.2359375 0.240625 0.0140625 0.009375
0 0.165625 0.31796875 0.0140625 0.009375
0 0.03671875 0.32421875 0.0125 0.0078125
0 0.1140625 0.23359375 0.0140625 0.009375
1 0.06796875 0.08359375 0.0484375 0.021875
1 0.153125 0.09765625 0.046875 0.015625
1 0.2515625 0.046875 0.04375 0.0171875
1 0.13046875 0.15234375 0.0453125 0.0203125
1 0.1328125 0.2609375 0.0484375 0.0203125
1 0.0671875 0.353125 0.0515625 0.021875
1 0.0421875 0.36015625 0.04375 0.01875
1 0.12109375 0.36015625 0.046875 0.025
1 0.25234375 0.3265625 0.0453125 0.0203125
1 0.2125 0.3796875 0.046875 0.01875
1 0.03203125 0.4234375 0.05625 0.0234375
1 0.77890625 0.02265625 0.046875 0.0234375
1 0.534375 0.05 0.0625 0.0296875
1 0.7265625 0.19140625 0.0640625 0.0265625
1 0.44140625 0.0796875 0.059375 0.03125
1 0.45546875 0.26328125 0.0671875 0.028125
1 0.6109375 0.3203125 0.0578125 0.028125
1 0.62578125 0.33515625 0.06875 0.0375
1 0.83671875 0.39765625 0.0578125 0.028125
1 0.91328125 0.40859375 0.0359375 0.0203125
1 0.7859375 0.4421875 0.0578125 0.025
1 0.74453125 0.47109375 0.0546875 0.0171875
0 0.75546875 0.02578125 0.0171875 0.0140625
1 0.04296875 0.8515625 0.0484375 0.0203125
1 0.06484375 0.890625 0.0359375 0.0140625
1 0.01953125 0.78828125 0.0390625 0.0203125
1 0.04921875 0.76796875 0.0375 0.015625
1 0.03359375 0.72265625 0.034375 0.0171875
1 0.01328125 0.721875 0.0265625 0.015625
1 0.01328125 0.615625 0.0265625 0.01875
0 0.45546875 0.48828125 0.015625 0.009375
1 0.47421875 0.48984375 0.0421875 0.0203125
1 0.4890625 0.5109375 0.0390625 0.0203125
1 0.56796875 0.571875 0.0359375 0.0203125
1 0.52265625 0.5828125 0.0453125 0.021875
1 0.57890625 0.6140625 0.0421875 0.0203125
1 0.6 0.66640625 0.0421875 0.0203125
1 0.63671875 0.66796875 0.0390625 0.021875
1 0.44453125 0.64453125 0.0546875 0.028125
1 0.36640625 0.6984375 0.0515625 0.0234375
1 0.5359375 0.7703125 0.0515625 0.0265625
1 0.69609375 0.79609375 0.040625 0.0171875
1 0.49296875 0.884375 0.0578125 0.028125
1 0.58046875 0.99140625 0.0515625 0.0171875
1 0.35 0.98359375 0.021875 0.0328125
1 0.72265625 0.92734375 0.046875 0.0234375
1 0.74453125 0.97421875 0.0421875 0.021875