0 0.01015625 0.07265625 0.0125 0.0078125
1 0.15859375 0.2671875 0.0890625 0.025
1 0.66328125 0.04609375 0.05625 0.01875
1 0.66171875 0.18046875 0.05 0.0203125
1 0.71796875 0.18828125 0.0734375 0.025
1 0.81875 0.19609375 0.075 0.028125
1 0.56953125 0.23359375 0.0546875 0.0203125
1 0.49765625 0.19453125 0.0421875 0.0171875
1 0.5421875 0.09765625 0.0453125 0.0171875
1 0.625 0.08203125 0.05 0.0171875
1 0.59765625 0.04140625 0.0484375 0.0171875
0 0.75078125 0.0078125 0.0171875 0.009375
0 0.83046875 0.00859375 0.015625 0.009375
0 0.8171875 0.2578125 0.0203125 0.009375
0 0.73984375 0.24140625 0.0140625 0.0078125
0 0.57734375 0.18828125 0.0140625 0.0078125
0 0.4609375 0.15546875 0.015625 0.009375
0 0.50703125 0.0484375 0.009375 0.00625
1 0.62734375 0.20390625 0.0609375 0.021875
0 0.0546875 0.9828125 0.009375 0.0078125
0 0.03515625 0.93671875 0.0125 0.0078125
0 0.17578125 0.921875 0.0109375 0.0078125
0 0.13125 0.7984375 0.0109375 0.0078125
0 0.0359375 0.6609375 0.0125 0.0078125
0 0.02109375 0.59140625 0.0109375 0.0078125
0 0.003125 0.46328125 0.00625 0.0046875
1 0.06484375 0.84609375 0.059375 0.028125
1 0.0265625 0.7625 0.0484375 0.0234375
1 0.09609375 0.71171875 0.0625 0.028125
1 0.0078125 0.625 0.015625 0.021875
1 0.0828125 0.58125 0.0546875 0.021875
1 0.0234375 0.55234375 0.046875 0.0203125
1 0.02890625 0.52578125 0.0484375 0.0171875
1 0.0078125 0.52421875 0.015625 0.0140625
1 0.01875 0.446875 0.0375 0.015625
1 0.08984375 0.5078125 0.059375 0.0203125
1 0.11953125 0.53828125 0.0671875 0.0234375
1 0.1140625 0.43984375 0.0546875 0.01875
1 0.1203125 0.7390625 0.0640625 0.0265625
0 0.47734375 0.846875 0.0109375 0.0078125
1 0.7703125 0.36015625 0.075 0.0359375
1 0.64375 0.340625 0.0578125 0.021875
1 0.56796875 0.3359375 0.0421875 0.015625
1 0.56484375 0.30546875 0.046875 0.0171875
1 0.50859375 0.34375 0.0328125 0.0125
1 0.5390625 0.74765625 0.0515625 0.01875
1 0.53203125 0.66640625 0.0515625 0.0203125
1 0.4953125 0.63984375 0.0421875 0.01875
1 0.43828125 0.66875 0.0421875 0.0171875
1 0.5140625 0.96328125 0.0640625 0.0234375
1 0.7484375 0.9046875 0.078125 0.028125
1 0.59375 0.54921875 0.05625 0.01875
1 0.59140625 0.4 0.05625 0.01875
1 0.4578125 0.85078125 0.0484375 0.0171875