0 0.3078125 0.36796875 0.0171875 0.009375
0 0.23828125 0.2875 0.015625 0.009375
0 0.23984375 0.165625 0.0125 0.0078125
0 0.3296875 0.13671875 0.0140625 0.0078125
0 0.4390625 0.121875 0.0171875 0.009375
0 0.28828125 0.04375 0.0140625 0.0078125
0 0.37421875 0.06328125 0.0109375 0.00625
0 0.46015625 0.02578125 0.0125 0.0078125
0 0.35078125 0.22109375 0.0140625 0.0078125
1 0.39453125 0.2953125 0.0609375 0.0234375
1 0.32734375 0.259375 0.0546875 0.025
1 0.28125 0.215625 0.0296875 0.0234375
1 0.3984375 0.23125 0.0546875 0.025
1 0.4 0.034375 0.0484375 0.01875
1 0.40703125 0.0109375 0.0546875 0.021875
0 0.26015625 0.47734375 0.0140625 0.0078125
0 0.3078125 0.496875 0.0125 0.00625
0 0.88671875 0.00390625 0.0109375 0.0078125
0 0.86484375 0.065625 0.009375 0.0078125
0 0.78984375 0.1328125 0.0140625 0.0078125
0 0.6515625 0.14609375 0.0078125 0.0046875
0 0.92109375 0.1328125 0.0140625 0.0078125
0 0.96640625 0.21171875 0.009375 0.00625
0 0.9234375 0.2703125 0.009375 0.0078125
0 0.8125 0.26015625 0.00625 0.00625
0 0.7171875 0.35 0.0078125 0.00625
0 0.84140625 0.4140625 0.0125 0.0046875
0 0.9640625 0.396875 0.0109375 0.0078125
0 0.978125 0.31171875 0.009375 0.0046875
0 0.96796875 0.48203125 0.009375 0.0046875
1 0.94765625 0.10546875 0.0453125 0.021875
1 0.85859375 0.1890625 0.0546875 0.0234375
1 0.65859375 0.21171875 0.0671875 0.03125
1 0.65234375 0.36171875 0.0734375 0.0296875
1 0.884375 0.32578125 0.0578125 0.0234375
0 0.440625 0.61328125 0.0140625 0.0078125
0 0.465625 0.78203125 0.00625 0.0078125
0 0.3796875 0.82265625 0.0109375 0.009375
0 0.3015625 0.9046875 0.0140625 0.0078125
0 0.28203125 0.6140625 0.0140625 0.0109375
0 0.1734375 0.70234375 0.0140625 0.0078125
0 0.1296875 0.83671875 0.0140625 0.0078125
1 0.4609375 0.69609375 0.015625 0.0296875
1 0.3375 0.72890625 0.0765625 0.0296875
1 0.4421875 0.9703125 0.053125 0.021875
1 0.3984375 0.9578125 0.05 0.021875
1 0.5625 0.88671875 0.0484375 0.01875
1 0.565625 0.93125 0.0359375 0.0125
1 0.56484375 0.81953125 0.0453125 0.0171875
1 0.603125 0.81328125 0.0375 0.0140625
1 0.6078125 0.765625 0.034375 0.015625
1 0.58828125 0.75625 0.03125 0.015625
1 0.56015625 0.70625 0.0328125 0.0125
1 0.5265625 0.740625 0.046875 0.0171875
1 0.4890625 0.73828125 0.040625 0.0203125
1 0.51875 0.696875 0.0453125 0.0203125
1 0.49140625 0.64921875 0.0453125 0.0203125
1 0.5578125 0.64765625 0.05 0.021875
1 0.56796875 0.62890625 0.0484375 0.01875
1 0.54765625 0.61875 0.05 0.021875
1 0.49375 0.5828125 0.05 0.021875
1 0.51328125 0.534375 0.053125 0.025
1 0.6296875 0.65859375 0.0390625 0.015625