0 0.25390625 0.00390625 0.0171875 0.0078125
0 0.40625 0.0796875 0.0140625 0.0078125
0 0.3203125 0.0609375 0.0109375 0.00625
0 0.234375 0.1 0.0125 0.0078125
0 0.20078125 0.19296875 0.0125 0.0078125
0 0.27734375 0.21171875 0.01875 0.009375
0 0.37421875 0.2984375 0.0140625 0.0078125
0 0.40859375 0.1921875 0.0140625 0.0078125
0 0.18359375 0.3203125 0.0140625 0.0078125
1 0.1875 0.09375 0.0453125 0.0171875
1 0.29453125 0.090625 0.0484375 0.0171875
1 0.2875 0.1140625 0.0546875 0.0234375
1 0.35390625 0.19921875 0.0671875 0.0234375
1 0.41328125 0.31875 0.0796875 0.0328125
1 0.325 0.32109375 0.0640625 0.0265625
1 0.3015625 0.3890625 0.06875 0.021875
1 0.253125 0.434375 0.075 0.0328125
1 0.2234375 0.378125 0.0625 0.028125
1 0.13671875 0.36875 0.0453125 0.01875
1 0.0984375 0.3296875 0.0484375 0.0203125
1 0.45625 0.396875 0.0796875 0.0265625
1 0.2 0.275 0.0578125 0.025
1 0.2734375 0.28125 0.0578125 0.021875
1 0.5203125 0.046875 0.040625 0.015625
1 0.55234375 0.04921875 0.040625 0.015625
1 0.67890625 0.01953125 0.0640625 0.0234375
1 0.72109375 0.10859375 0.0671875 0.0265625
1 0.578125 0.13046875 0.0578125 0.021875
1 0.63359375 0.19140625 0.0640625 0.025
1 0.5453125 0.21796875 0.0453125 0.0171875
1 0.53984375 0.30390625 0.0546875 0.021875
1 0.51796875 0.3546875 0.0359375 0.01875
1 0.55625 0.3390625 0.0515625 0.0171875
1 0.60625 0.32265625 0.059375 0.0203125
1 0.63671875 0.33984375 0.059375 0.025
1 0.62890625 0.40390625 0.0609375 0.028125
0 0.04296875 0.96796875 0.0109375 0.0078125
0 0.12734375 0.884375 0.0125 0.00625
0 0.02578125 0.815625 0.0109375 0.0078125
0 0.159375 0.640625 0.009375 0.00625
0 0.0125 0.5671875 0.009375 0.00625
1 0.02109375 0.709375 0.0421875 0.01875
1 0.0140625 0.6109375 0.028125 0.01875
1 0.165625 0.78984375 0.0640625 0.025
1 0.06328125 0.54140625 0.0515625 0.0046875
1 0.5171875 0.81796875 0.034375 0.0234375
1 0.57890625 0.8640625 0.0609375 0.021875
1 0.5453125 0.90390625 0.0546875 0.01875
1 0.70625 0.9359375 0.075 0.0328125
1 0.63125 0.753125 0.0625 0.0296875
1 0.715625 0.68828125 0.0625 0.0234375
1 0.90859375 0.7859375 0.071875 0.0328125