1 0.19296875 0.40625 0.0171875 0.00625
1 0.14296875 0.38828125 0.009375 0.0078125
1 0.2125 0.31328125 0.0140625 0.00625
1 0.2796875 0.375 0.0140625 0.0109375
1 0.35625 0.34296875 0.0234375 0.0109375
1 0.121875 0.29453125 0.0578125 0.01875
1 0.16796875 0.3453125 0.05 0.021875
1 0.134375 0.28203125 0.0421875 0.0203125
1 0.06640625 0.23046875 0.0390625 0.0203125
1 0.05546875 0.19140625 0.0390625 0.015625
1 0.0890625 0.14765625 0.046875 0.0171875
1 0.05703125 0.025 0.046875 0.0171875
1 0.05546875 0.00234375 0.0421875 0.0046875
1 0.1921875 0.1109375 0.0609375 0.01875
1 0.24140625 0.01015625 0.0125 0.0078125
0 0.13046875 0.10390625 0.0125 0.0078125
0 0.09453125 0.21953125 0.009375 0.00625
0 0.1515625 0.196875 0.00625 0.003125
0 0.28671875 0.1234375 0.0125 0.00625
0 0.2296875 0.25078125 0.0140625 0.00625
0 0.33359375 0.23125 0.0125 0.0078125
1 0.82890625 0.159375 0.0734375 0.03125
1 0.7171875 0.08125 0.05625 0.021875
1 0.71015625 0.178125 0.0421875 0.01875
1 0.71640625 0.3921875 0.0546875 0.015625
1 0.39453125 0.909375 0.0734375 0.025
1 0.16171875 0.996875 0.0640625 0.00625
1 0.0375 0.67890625 0.0484375 0.01875
1 0.07578125 0.6609375 0.0484375 0.021875
1 0.18828125 0.6609375 0.0578125 0.0203125
1 0.31796875 0.58984375 0.0703125 0.0203125
1 0.18046875 0.58046875 0.0578125 0.021875
1 0.07265625 0.6078125 0.0546875 0.0171875
1 0.06171875 0.54609375 0.0515625 0.01875
1 0.109375 0.4703125 0.05625 0.015625
1 0.10859375 0.79765625 0.0484375 0.01875
1 0.2484375 0.8171875 0.0671875 0.025
1 0.21171875 0.91875 0.0609375 0.0234375
1 0.890625 0.6703125 0.0609375 0.0203125
1 0.92890625 0.5984375 0.05625 0.01875
1 0.9875 0.55390625 0.025 0.0296875
1 0.90234375 0.509375 0.059375 0.01875
1 0.93515625 0.7234375 0.0546875 0.01875
1 0.9875 0.83125 0.025 0.021875
1 0.9875 0.86015625 0.025 0.0203125
1 0.98984375 0.9203125 0.0203125 0.025