1 0.07109375 0.0125 0.0140625 0.0046875
1 0.00859375 0.0515625 0.0171875 0.015625
1 0.0171875 0.34375 0.034375 0.00625
1 0.00546875 0.40390625 0.0109375 0.0140625
1 0.071875 0.21640625 0.059375 0.0125
1 0.10390625 0.37265625 0.0125 0.0078125
1 0.13203125 0.31171875 0.0125 0.00625
0 0.04609375 0.36328125 0.009375 0.0046875
0 0.1328125 0.40234375 0.009375 0.0078125
0 0.01171875 0.2296875 0.0125 0.00625
0 0.02265625 0.13515625 0.00625 0.003125
0 0.16484375 0.19453125 0.0125 0.0046875
0 0.09453125 0.0734375 0.0140625 0.0046875
0 0.2 0.08203125 0.0125 0.00625
0 0.58046875 0.084375 0.009375 0.0046875
0 0.64296875 0.25625 0.009375 0.00625
0 0.58828125 0.3203125 0.009375 0.0046875
1 0.5953125 0.42109375 0.05625 0.0140625
1 0.55390625 0.38671875 0.0296875 0.0140625
1 0.72578125 0.0578125 0.071875 0.0203125
1 0.6578125 0.084375 0.071875 0.0265625
1 0.68984375 0.1265625 0.071875 0.0171875
1 0.55078125 0.21015625 0.0234375 0.0140625
1 0.478125 0.76328125 0.059375 0.01875
1 0.44296875 0.690625 0.059375 0.01875
1 0.33828125 0.62734375 0.05 0.0203125
1 0.3453125 0.5921875 0.053125 0.0203125
1 0.46328125 0.55859375 0.0625 0.0171875
1 0.46875 0.5734375 0.059375 0.0203125
1 0.51796875 0.58984375 0.0421875 0.0171875
1 0.29453125 0.65625 0.059375 0.0140625
1 0.33125 0.7328125 0.05625 0.0171875
1 0.23125 0.73515625 0.05 0.0109375
1 0.32734375 0.76328125 0.0625 0.0140625
1 0.42578125 0.8734375 0.053125 0.0171875
1 0.42109375 0.928125 0.05625 0.0171875
1 0.1640625 0.91796875 0.040625 0.009375
1 0.215625 0.85703125 0.04375 0.0125
1 0.1875 0.55859375 0.046875 0.015625
0 0.9515625 0.48359375 0.0140625 0.00625
0 0.81171875 0.48671875 0.0125 0.00625
0 0.709375 0.52109375 0.015625 0.009375
0 0.8140625 0.60390625 0.009375 0.00625
0 0.9921875 0.6546875 0.009375 0.00625
0 0.8046875 0.7046875 0.0140625 0.009375
0 0.55234375 0.57109375 0.015625 0.0078125
0 0.6328125 0.61484375 0.015625 0.00625
0 0.62734375 0.728125 0.0125 0.00625
0 0.59609375 0.8140625 0.0078125 0.00625
0 0.665625 0.64921875 0.0125 0.0078125
0 0.75078125 0.78359375 0.015625 0.0078125
0 0.93671875 0.79609375 0.0078125 0.00625
0 0.89765625 0.9359375 0.01875 0.00625
0 0.840625 0.94296875 0.0140625 0.0078125
0 0.59609375 0.92265625 0.0140625 0.0078125
1 0.5921875 0.478125 0.065625 0.0125
1 0.61015625 0.50625 0.0578125 0.0109375
1 0.70859375 0.56640625 0.059375 0.0140625
1 0.73046875 0.76328125 0.0625 0.009375
1 0.85234375 0.859375 0.0578125 0.015625
1 0.81875 0.8703125 0.059375 0.0109375
1 0.72421875 0.8359375 0.075 0.0171875
1 0.55625 0.74921875 0.034375 0.0109375
1 0.60546875 0.90234375 0.0578125 0.0140625
1 0.63828125 0.92890625 0.034375 0.0203125
1 0.66796875 0.92265625 0.053125 0.0125
1 0.72421875 0.88828125 0.0578125 0.0140625
1 0.7640625 0.9375 0.05625 0.01875
1 0.81171875 0.93359375 0.0671875 0.01875