1 0.17265625 0.2578125 0.0140625 0.05
1 0.09296875 0.221875 0.021875 0.0453125
1 0.0796875 0.2078125 0.0234375 0.05
1 0.0546875 0.21171875 0.0171875 0.04375
1 0.04453125 0.20859375 0.0234375 0.05
1 0.0078125 0.225 0.015625 0.046875
1 0.02734375 0.27578125 0.021875 0.046875
0 0.11640625 0.309375 0.009375 0.0140625
0 0.15 0.4015625 0.009375 0.0109375
0 0.07421875 0.2671875 0.00625 0.0109375
0 0.89921875 0.3578125 0.015625 0.0203125
1 0.92421875 0.33828125 0.034375 0.0625
1 0.725 0.28828125 0.03125 0.0703125
1 0.5953125 0.25390625 0.028125 0.0609375
1 0.53203125 0.22109375 0.028125 0.0609375
1 0.5171875 0.16640625 0.028125 0.0609375
1 0.48671875 0.19375 0.0265625 0.0546875
1 0.378125 0.3203125 0.0328125 0.0765625
1 0.20234375 0.2078125 0.03125 0.0703125
1 0.3 0.175 0.0296875 0.0671875
1 0.29375 0.1640625 0.028125 0.0703125
1 0.31953125 0.16015625 0.025 0.0578125
1 0.3421875 0.16484375 0.0265625 0.0546875
1 0.3453125 0.13125 0.021875 0.059375
1 0.32890625 0.13203125 0.021875 0.05625
1 0.3828125 0.1140625 0.021875 0.059375
1 0.396875 0.10390625 0.0265625 0.0640625
1 0.42421875 0.12421875 0.0203125 0.053125
1 0.0078125 0.975 0.015625 0.05
1 0.19296875 0.83984375 0.0265625 0.0734375
1 0.21953125 0.834375 0.0359375 0.06875
1 0.221875 0.909375 0.0359375 0.0765625
1 0.4640625 0.80859375 0.025 0.0171875
1 0.425 0.9328125 0.03125 0.0625
1 0.63359375 0.91875 0.0265625 0.0546875
1 0.89296875 0.97109375 0.0296875 0.0578125
1 0.9171875 0.89375 0.0265625 0.0609375
1 0.83359375 0.90078125 0.03125 0.0625
1 0.7515625 0.81796875 0.021875 0.0359375