0 0.0953125 0.01875 0.0078125 0.0140625
0 0.34609375 0.053125 0.00625 0.009375
1 0.20234375 0.0296875 0.0265625 0.059375
1 0.24140625 0.025 0.0265625 0.05
1 0.953125 0.02734375 0.021875 0.0546875
1 0.8359375 0.00625 0.01875 0.0125
1 0.85234375 0.03046875 0.0328125 0.0609375
1 0.978125 0.2859375 0.03125 0.046875
1 0.73984375 0.16171875 0.0265625 0.0796875
1 0.73828125 0.06796875 0.01875 0.0578125
1 0.6328125 0.0484375 0.0328125 0.0703125
1 0.66171875 0.0234375 0.0265625 0.046875
1 0.59765625 0.075 0.03125 0.0671875
1 0.58671875 0.2953125 0.0265625 0.028125
0 0.76953125 0.2359375 0.00625 0.0109375
0 0.7265625 0.20234375 0.0109375 0.0140625
0 0.65546875 0.0703125 0.0078125 0.01875
0 0.83671875 0.05390625 0.009375 0.0171875
0 0.93984375 0.04140625 0.0078125 0.0140625
1 0.15390625 0.5984375 0.021875 0.0765625
1 0.09609375 0.47109375 0.0234375 0.0609375
1 0.05 0.52421875 0.021875 0.0609375
1 0.03671875 0.56640625 0.01875 0.0546875
1 0.05234375 0.60859375 0.0328125 0.0671875
1 0.178125 0.8890625 0.03125 0.0890625
1 0.240625 0.5234375 0.0234375 0.0609375
1 0.2921875 0.56015625 0.0234375 0.0640625
1 0.43984375 0.596875 0.025 0.0703125
1 0.45625 0.7671875 0.03125 0.103125
1 0.284375 0.78203125 0.03125 0.0859375
0 0.06484375 0.54140625 0.0078125 0.015625
0 0.08046875 0.5 0.0046875 0.0109375
0 0.03671875 0.63515625 0.009375 0.0171875
0 0.13984375 0.62265625 0.0078125 0.0140625
0 0.22734375 0.5515625 0.0078125 0.0140625
0 0.28203125 0.584375 0.0078125 0.01875
0 0.2625 0.7953125 0.0046875 0.0109375
0 0.15859375 0.91171875 0.009375 0.0140625
0 0.41953125 0.62578125 0.0046875 0.009375
1 0.98125 0.75234375 0.0125 0.0515625
1 0.9140625 0.71796875 0.0109375 0.05
1 0.89140625 0.7 0.0109375 0.040625
1 0.8625 0.67734375 0.009375 0.0375
1 0.86796875 0.63046875 0.0078125 0.0296875
1 0.8828125 0.625 0.0078125 0.03125
1 0.91953125 0.6671875 0.0078125 0.03125
1 0.9765625 0.66015625 0.0109375 0.034375
1 0.715625 0.82265625 0.0125 0.053125
1 0.69921875 0.8296875 0.0125 0.05
1 0.709375 0.734375 0.0125 0.05
1 0.68125 0.72734375 0.0140625 0.040625
1 0.66171875 0.740625 0.0125 0.040625
1 0.66171875 0.70078125 0.0125 0.0390625
1 0.69921875 0.67421875 0.0125 0.034375
1 0.76015625 0.6265625 0.0078125 0.025