0 0.13125 0.07421875 0.009375 0.00625
0 0.190625 0.11640625 0.009375 0.00625
0 0.2890625 0.08359375 0.0078125 0.00625
0 0.26484375 0.1265625 0.0109375 0.00625
0 0.4015625 0.15859375 0.009375 0.00625
0 0.34296875 0.27578125 0.009375 0.00625
0 0.21640625 0.19765625 0.009375 0.003125
0 0.1109375 0.2359375 0.00625 0.00625
0 0.18359375 0.2796875 0.0078125 0.0046875
0 0.1140625 0.3109375 0.0109375 0.00625
0 0.0921875 0.36328125 0.009375 0.0046875
0 0.23125 0.40078125 0.0109375 0.00625
0 0.2078125 0.46796875 0.009375 0.00625
0 0.1015625 0.5078125 0.0125 0.00625
0 0.17421875 0.59140625 0.009375 0.003125
1 0.35390625 0.0203125 0.0734375 0.025
1 0.11953125 0.115625 0.0375 0.0171875
1 0.2828125 0.2203125 0.0578125 0.021875
1 0.234375 0.29921875 0.046875 0.01875
1 0.153125 0.328125 0.04375 0.0109375
1 0.296875 0.3578125 0.0609375 0.021875
1 0.140625 0.41640625 0.05 0.015625
1 0.18359375 0.43046875 0.046875 0.0171875
1 0.26796875 0.4859375 0.053125 0.015625
1 0.2046875 0.50703125 0.046875 0.015625
1 0.2078125 0.534375 0.046875 0.0125
1 0.1765625 0.53125 0.0375 0.009375
1 0.1484375 0.53046875 0.0375 0.0078125
1 0.18359375 0.6109375 0.046875 0.0109375
1 0.26640625 0.559375 0.059375 0.0125
1 0.29921875 0.5328125 0.065625 0.015625
1 0.28203125 0.6296875 0.053125 0.0125
1 0.14375 0.64140625 0.046875 0.0125
1 0.35078125 0.06015625 0.0703125 0.025
1 0.325 0.33359375 0.0625 0.01875
1 0.64453125 0.6203125 0.059375 0.0171875
1 0.60703125 0.5546875 0.0515625 0.01875
1 0.70703125 0.54453125 0.059375 0.015625
1 0.8578125 0.5421875 0.0609375 0.021875
1 0.7859375 0.34609375 0.053125 0.01875
1 0.915625 0.17578125 0.0796875 0.0265625
1 0.76953125 0.0796875 0.065625 0.01875
1 0.68359375 0.0796875 0.059375 0.0171875
1 0.7140625 0.15859375 0.0609375 0.021875
1 0.64765625 0.2625 0.05625 0.0125
1 0.61171875 0.2734375 0.04375 0.0140625
1 0.61015625 0.378125 0.05 0.0125
1 0.6171875 0.40078125 0.0265625 0.0140625
1 0.665625 0.45625 0.053125 0.015625
1 0.61015625 0.4921875 0.05 0.015625
1 0.071875 0.98046875 0.071875 0.01875
1 0.01484375 0.9 0.0296875 0.021875
1 0.04375 0.8671875 0.06875 0.0171875
1 0.07890625 0.8609375 0.071875 0.01875
1 0.32109375 0.74140625 0.1015625 0.0296875
1 0.04765625 0.75625 0.08125 0.0203125
1 0.81953125 0.88203125 0.0671875 0.025
1 0.59375 0.771875 0.046875 0.0125
1 0.55703125 0.81328125 0.040625 0.0109375
1 0.59453125 0.8234375 0.0515625 0.015625
1 0.621875 0.8828125 0.046875 0.0125
1 0.62109375 0.89765625 0.0515625 0.015625
1 0.66875 0.9515625 0.05625 0.015625