0 0.28046875 0.0140625 0.015625 0.0078125
0 0.2046875 0.03828125 0.0140625 0.0046875
0 0.225 0.19375 0.009375 0.0078125
0 0.2859375 0.23359375 0.009375 0.0078125
0 0.3828125 0.196875 0.0078125 0.00625
0 0.36015625 0.24140625 0.0109375 0.0078125
0 0.31484375 0.3140625 0.009375 0.0046875
0 0.21015625 0.35546875 0.00625 0.00625
0 0.284375 0.396875 0.0078125 0.0046875
0 0.215625 0.43046875 0.0109375 0.0078125
0 0.19609375 0.484375 0.009375 0.00625
0 0.33515625 0.515625 0.0109375 0.00625
1 0.33359375 0.03203125 0.0609375 0.0203125
1 0.2140625 0.23515625 0.0390625 0.01875
1 0.37578125 0.33359375 0.0484375 0.0234375
1 0.3359375 0.41484375 0.0484375 0.0203125
1 0.25546875 0.446875 0.04375 0.0125
1 0.38515625 0.47109375 0.0296875 0.0234375
0 0.73203125 0.1265625 0.009375 0.0078125
1 0.78515625 0.23125 0.05 0.015625
1 0.77109375 0.31171875 0.0515625 0.0171875
1 0.73203125 0.334375 0.0421875 0.015625
1 0.67734375 0.30078125 0.0421875 0.0140625
1 0.77890625 0.01328125 0.0640625 0.0171875
1 0.984375 0.0921875 0.03125 0.021875
1 0.82265625 0.43359375 0.05625 0.0140625
1 0.7125 0.12109375 0.046875 0.0140625
1 0.128125 0.57421875 0.0546875 0.0234375
1 0.240625 0.74921875 0.0703125 0.028125
1 0.2203125 0.78828125 0.0671875 0.025
1 0.16796875 0.5953125 0.0515625 0.028125
1 0.0578125 0.984375 0.053125 0.021875
1 0.2796875 0.98359375 0.0671875 0.028125
1 0.25234375 0.99140625 0.0640625 0.0171875
1 0.53671875 0.63515625 0.1171875 0.0375
1 0.415625 0.740625 0.03125 0.028125