0 0.128125 0.0453125 0.0078125 0.0140625
0 0.234375 0.02265625 0.0078125 0.0125
1 0.23046875 0.07890625 0.0140625 0.034375
1 0.240625 0.0890625 0.009375 0.0484375
1 0.3125 0.14765625 0.0109375 0.0375
1 0.553125 0.2796875 0.0234375 0.075
1 0.17578125 0.8328125 0.015625 0.05625
1 0.11015625 0.8265625 0.015625 0.05
1 0.19453125 0.68828125 0.0234375 0.0703125
1 0.2734375 0.52421875 0.0265625 0.0796875
1 0.01640625 0.99296875 0.0109375 0.0140625
0 0.03515625 0.740625 0.0046875 0.009375
0 0.13203125 0.57734375 0.009375 0.0125
0 0.25234375 0.68828125 0.003125 0.0109375
0 0.2484375 0.88359375 0.00625 0.0109375
1 0.2640625 0.7140625 0.021875 0.0546875
1 0.32578125 0.93671875 0.0078125 0.0484375
0 0.89609375 0.37109375 0.0078125 0.0046875
0 0.7921875 0.39453125 0.00625 0.0125
0 0.66953125 0.37109375 0.0078125 0.0046875
0 0.6015625 0.465625 0.00625 0.0109375
0 0.62890625 0.575 0.0078125 0.0125
0 0.70703125 0.4984375 0.0046875 0.0109375
0 0.38828125 0.4390625 0.0046875 0.0125
0 0.384375 0.65078125 0.0078125 0.0125
1 0.38046875 0.7265625 0.0125 0.040625
0 0.515625 0.7453125 0.0046875 0.0109375
0 0.5453125 0.6640625 0.0046875 0.009375
0 0.6625 0.74765625 0.003125 0.0109375
0 0.7578125 0.77734375 0.0078125 0.0125
0 0.82109375 0.69375 0.0078125 0.0125
0 0.80546875 0.56640625 0.00625 0.0125
0 0.72890625 0.6578125 0.0078125 0.0125
0 0.50546875 0.5328125 0.00625 0.0125
1 0.415625 0.46796875 0.0125 0.05
1 0.4171875 0.60625 0.0125 0.05625
1 0.47734375 0.60625 0.0125 0.053125
1 0.5734375 0.6390625 0.0140625 0.046875
1 0.60234375 0.7203125 0.0078125 0.046875
1 0.56953125 0.82578125 0.009375 0.04375
1 0.65234375 0.68828125 0.0125 0.04375
1 0.759375 0.671875 0.0125 0.046875
1 0.8390625 0.59140625 0.0125 0.05
1 0.84140625 0.565625 0.0109375 0.04375
1 0.85546875 0.64296875 0.01875 0.0453125
1 0.8453125 0.778125 0.0125 0.04375
1 0.88984375 0.7296875 0.0109375 0.046875
1 0.90234375 0.54453125 0.0125 0.05625
1 0.9015625 0.446875 0.0140625 0.0625
1 0.9390625 0.45390625 0.0125 0.05625