0 0.09765625 0.49921875 0.0140625 0.0015625
0 0.265625 0.49140625 0.0140625 0.0046875
0 0.13203125 0.39921875 0.0125 0.00625
0 0.2109375 0.32890625 0.009375 0.00625
0 0.2921875 0.275 0.009375 0.0078125
0 0.178125 0.2125 0.0125 0.00625
0 0.35703125 0.18203125 0.0125 0.00625
0 0.421875 0.465625 0.0125 0.009375
0 0.515625 0.36171875 0.0125 0.00625
0 0.5375 0.221875 0.0125 0.00625
0 0.315625 0.01484375 0.009375 0.00625
0 0.15234375 0.00078125 0.0140625 0.0015625
1 0.19296875 0.4890625 0.05625 0.0171875
1 0.209375 0.415625 0.05625 0.0203125
1 0.34921875 0.36015625 0.075 0.01875
1 0.07578125 0.396875 0.034375 0.0125
1 0.065625 0.3859375 0.0484375 0.0078125
1 0.0171875 0.3078125 0.034375 0.009375
1 0.03125 0.2828125 0.040625 0.0078125
1 0.1125 0.2203125 0.05 0.0140625
1 0.125 0.12109375 0.0484375 0.0171875
1 0.04765625 0.10625 0.040625 0.0109375
1 0.0203125 0.0140625 0.040625 0.0109375
1 0.20703125 0.1390625 0.053125 0.0140625
1 0.253125 0.14453125 0.0484375 0.0140625
1 0.4578125 0.01875 0.0734375 0.03125
1 0.74453125 0.30234375 0.090625 0.021875
1 0.2625 0.56875 0.05 0.0171875
1 0.2609375 0.77734375 0.065625 0.01875
1 0.125 0.82734375 0.046875 0.0140625
1 0.12421875 0.75 0.053125 0.0140625
1 0.071875 0.70625 0.046875 0.0109375
1 0.075 0.69765625 0.040625 0.0109375
1 0.075 0.671875 0.034375 0.0109375
1 0.08515625 0.65546875 0.04375 0.0125
1 0.11328125 0.615625 0.05 0.0140625
1 0.11796875 0.5796875 0.03125 0.0109375
1 0.10625 0.57265625 0.034375 0.0109375
1 0.13828125 0.57265625 0.0375 0.0109375
1 0.13203125 0.5671875 0.040625 0.0109375
1 0.134375 0.54375 0.04375 0.0109375
1 0.1390625 0.684375 0.04375 0.009375
1 0.1265625 0.67890625 0.04375 0.0140625
0 0.88203125 0.84765625 0.0125 0.00625
0 0.83828125 0.97578125 0.0125 0.00625
0 0.7109375 0.92421875 0.0109375 0.0046875
0 0.72734375 0.7609375 0.0109375 0.003125
0 0.840625 0.68046875 0.009375 0.0046875
0 0.953125 0.59765625 0.0109375 0.0046875
0 0.70078125 0.54453125 0.009375 0.00625
1 0.83984375 0.56875 0.059375 0.0171875
1 0.74453125 0.61640625 0.046875 0.0109375
1 0.71171875 0.64765625 0.0453125 0.0140625
1 0.69609375 0.69296875 0.0140625 0.0109375
1 0.73046875 0.85625 0.034375 0.009375
1 0.75703125 0.8390625 0.0375 0.009375
1 0.71015625 0.8265625 0.03125 0.0078125
1 0.821875 0.9578125 0.05 0.0171875
1 0.8734375 0.94140625 0.0625 0.021875
1 0.76015625 0.796875 0.040625 0.009375