0 0.10234375 0.1734375 0.015625 0.009375
0 0.26953125 0.15625 0.0140625 0.0078125
0 0.15390625 0.26953125 0.0140625 0.009375
0 0.24375 0.325 0.0109375 0.0078125
0 0.33359375 0.3640625 0.0109375 0.009375
0 0.23203125 0.44609375 0.0140625 0.009375
0 0.41328125 0.44453125 0.0140625 0.009375
0 0.428125 0.15390625 0.0140625 0.0125
0 0.53828125 0.23984375 0.0140625 0.009375
0 0.4015625 0.61640625 0.0109375 0.0078125
0 0.24296875 0.6609375 0.015625 0.009375
1 0.19765625 0.1703125 0.0578125 0.0265625
1 0.22734375 0.23984375 0.059375 0.0296875
1 0.37421875 0.2703125 0.0765625 0.03125
1 0.0984375 0.28125 0.0359375 0.0171875
1 0.09140625 0.29453125 0.0484375 0.015625
1 0.0546875 0.3796875 0.0390625 0.015625
1 0.075 0.4015625 0.040625 0.0140625
1 0.165625 0.44921875 0.0515625 0.021875
1 0.1953125 0.54453125 0.05 0.025
1 0.121875 0.57265625 0.0421875 0.0171875
1 0.11015625 0.66796875 0.0421875 0.0171875
1 0.2734375 0.5125 0.0546875 0.0234375
1 0.3171875 0.49921875 0.05 0.021875
1 0.52578125 0.58671875 0.0484375 0.0421875
1 0.53359375 0.721875 0.0328125 0.028125
1 0.20546875 0.80859375 0.05 0.021875
1 0.196875 0.83203125 0.040625 0.0140625
1 0.0875 0.01015625 0.0421875 0.0171875
1 0.31015625 0.83359375 0.0546875 0.021875
1 0.4265625 0.8328125 0.0609375 0.028125
1 0.3671875 0.83671875 0.0625 0.0265625
0 0.96875 0.04453125 0.0140625 0.009375
0 0.8265625 0.12421875 0.0109375 0.0078125
0 0.84921875 0.1859375 0.009375 0.0078125
0 0.925 0.25078125 0.0140625 0.009375
0 0.79375 0.253125 0.0140625 0.0078125
0 0.75 0.3328125 0.009375 0.00625
0 0.79453125 0.39140625 0.009375 0.0078125
0 0.90546875 0.37890625 0.00625 0.00625
0 0.9984375 0.4671875 0.003125 0.00625
0 0.87890625 0.53359375 0.0125 0.00625
0 0.75625 0.51875 0.0109375 0.0078125
0 0.740625 0.43359375 0.009375 0.0046875
0 0.63671875 0.378125 0.0109375 0.0078125
0 0.753125 0.60390625 0.009375 0.0046875
1 0.7984375 0.0703125 0.0484375 0.0234375
1 0.89140625 0.08671875 0.0484375 0.0234375
1 0.70625 0.0515625 0.0390625 0.01875
1 0.665625 0.10234375 0.046875 0.021875
1 0.65625 0.0609375 0.0328125 0.01875
1 0.66953125 0.16171875 0.040625 0.0171875
1 0.6390625 0.1765625 0.0359375 0.0171875
1 0.640625 0.31953125 0.034375 0.0140625
1 0.7671875 0.2265625 0.0453125 0.0234375
1 0.8578125 0.30859375 0.0546875 0.025
1 0.834375 0.44609375 0.0578125 0.0234375
1 0.67421875 0.44921875 0.0390625 0.0171875
1 0.678125 0.5 0.0421875 0.0171875
1 0.8875 0.66015625 0.0640625 0.0234375
1 0.8984375 0.675 0.05625 0.0171875
1 0.7671875 0.77890625 0.046875 0.0203125
1 0.81796875 0.75390625 0.05625 0.0203125
1 0.371875 0.9171875 0.0828125 0.0328125
1 0.21171875 0.9890625 0.0546875 0.021875
1 0.25390625 0.99453125 0.0578125 0.0109375
1 0.6125 0.91796875 0.04375 0.0171875
1 0.63515625 0.91484375 0.0421875 0.0203125
1 0.7140625 0.87265625 0.0578125 0.021875
1 0.76796875 0.88046875 0.0625 0.021875
1 0.8640625 0.884375 0.0609375 0.0234375
1 0.9796875 0.8640625 0.040625 0.028125
1 0.803125 0.9515625 0.0640625 0.028125