0 0.29140625 0.0984375 0.0078125 0.015625
0 0.2234375 0.17578125 0.0078125 0.0109375
0 0.33984375 0.2109375 0.0109375 0.015625
0 0.4140625 0.11015625 0.009375 0.01875
0 0.48203125 0.17890625 0.0109375 0.015625
0 0.46875 0.271875 0.0078125 0.015625
0 0.43671875 0.38046875 0.00625 0.0109375
0 0.4484375 0.51171875 0.0078125 0.009375
0 0.28359375 0.5109375 0.0078125 0.0109375
0 0.27734375 0.35546875 0.0078125 0.0171875
0 0.1328125 0.4328125 0.0078125 0.009375
0 0.0078125 0.3953125 0.0078125 0.0125
0 0.07265625 0.24921875 0.0078125 0.0125
0 0.05078125 0.584375 0.0078125 0.0125
0 0.1015625 0.559375 0.009375 0.0125
1 0.009375 0.1609375 0.01875 0.065625
1 0.05703125 0.484375 0.015625 0.0453125
1 0.1171875 0.346875 0.0203125 0.0578125
1 0.19296875 0.27109375 0.025 0.0609375
1 0.2078125 0.18125 0.028125 0.0578125
1 0.14921875 0.5921875 0.0171875 0.015625
1 0.16484375 0.51796875 0.0140625 0.0390625
1 0.334375 0.3765625 0.015625 0.0515625
1 0.34453125 0.5484375 0.015625 0.0421875
1 0.409375 0.53671875 0.0140625 0.0390625
1 0.4828125 0.4125 0.0203125 0.0609375
1 0.4984375 0.3734375 0.0203125 0.0546875
1 0.559375 0.29296875 0.0203125 0.0640625
1 0.6875 0.55859375 0.0171875 0.059375
1 0.69375 0.56171875 0.0171875 0.059375
1 0.83671875 0.496875 0.0234375 0.0640625
1 0.86640625 0.4734375 0.0203125 0.059375
1 0.86875 0.41796875 0.0328125 0.0796875
1 0.57421875 0.61796875 0.0171875 0.0359375
1 0.440625 0.61484375 0.01875 0.0296875
1 0.190625 0.71015625 0.0203125 0.0546875
1 0.38359375 0.69453125 0.01875 0.0546875
1 0.41953125 0.76875 0.0171875 0.0421875
1 0.51796875 0.72734375 0.015625 0.0453125
1 0.5375 0.64453125 0.015625 0.05
1 0.57734375 0.67421875 0.015625 0.0484375
0 0.28984375 0.603125 0.0109375 0.00625
0 0.228125 0.6890625 0.00625 0.0125
0 0.30078125 0.76015625 0.0078125 0.0140625
0 0.42890625 0.6890625 0.0078125 0.0125
0 0.4578125 0.80703125 0.0078125 0.0140625
0 0.56640625 0.7640625 0.00625 0.009375
1 0.41484375 0.63828125 0.0203125 0.0609375
1 0.64375 0.98203125 0.025 0.0359375
1 0.69296875 0.9 0.0296875 0.05625
1 0.68671875 0.86875 0.0328125 0.059375
1 0.734375 0.8296875 0.025 0.0703125
1 0.73671875 0.83515625 0.03125 0.0671875
1 0.8234375 0.87578125 0.0234375 0.0640625
1 0.7984375 0.728125 0.034375 0.084375
1 0.89140625 0.7609375 0.03125 0.06875
1 0.9671875 0.76875 0.03125 0.071875
1 0.95078125 0.80703125 0.0234375 0.065625
1 0.94453125 0.8125 0.0203125 0.0578125
1 0.890625 0.81171875 0.0234375 0.0640625
1 0.87109375 0.81328125 0.0234375 0.0546875
1 0.88046875 0.82109375 0.0234375 0.0578125
1 0.875 0.84609375 0.0265625 0.065625
1 0.8546875 0.853125 0.021875 0.0671875
1 0.8578125 0.8625 0.0203125 0.0671875