0 0.6375 0.47265625 0.003125 0.0140625
0 0.5390625 0.18515625 0.00625 0.0109375
0 0.55703125 0.33984375 0.0046875 0.0171875
0 0.40234375 0.2859375 0.00625 0.009375
0 0.284375 0.3421875 0.00625 0.0125
0 0.2734375 0.46171875 0.00625 0.0109375
0 0.371875 0.4765625 0.00625 0.0125
0 0.175 0.4203125 0.00625 0.0125
0 0.1984375 0.3140625 0.00625 0.0125
0 0.128125 0.20703125 0.00625 0.0109375
0 0.29765625 0.14921875 0.00625 0.0125
0 0.3515625 0.16640625 0.0078125 0.0109375
1 0.1609375 0.26328125 0.015625 0.053125
1 0.13125 0.3359375 0.0125 0.05625
1 0.17578125 0.47109375 0.0171875 0.0578125
1 0.2609375 0.3359375 0.0109375 0.053125
1 0.24375 0.16015625 0.0109375 0.046875
1 0.31953125 0.246875 0.009375 0.04375
1 0.40078125 0.37265625 0.0140625 0.05625
1 0.48671875 0.43671875 0.01875 0.059375
1 0.390625 0.10859375 0.0125 0.05
1 0.42109375 0.196875 0.009375 0.0375
1 0.6109375 0.31015625 0.0109375 0.05
1 0.59375 0.13828125 0.009375 0.040625
1 0.17265625 0.34453125 0.0125 0.05625
1 0.20625 0.2671875 0.0140625 0.05
1 0.6875 0.29609375 0.0140625 0.0625
1 0.7421875 0.48515625 0.01875 0.0296875
1 0.99296875 0.353125 0.0140625 0.065625
1 0.96328125 0.209375 0.0109375 0.05625
0 0.56328125 0.75 0.009375 0.01875
1 0.59296875 0.72578125 0.0296875 0.090625
1 0.20078125 0.6953125 0.0203125 0.078125
1 0.15546875 0.96484375 0.0265625 0.0703125
1 0.13125 0.6359375 0.01875 0.075
1 0.1625 0.628125 0.0171875 0.084375
1 0.15546875 0.57890625 0.01875 0.059375
1 0.134375 0.559375 0.0203125 0.059375
1 0.25703125 0.52734375 0.0234375 0.0546875
1 0.30703125 0.53671875 0.0171875 0.0625
1 0.3625 0.50625 0.015625 0.0125
1 0.58046875 0.51796875 0.0140625 0.0359375
1 0.49453125 0.596875 0.0171875 0.06875
1 0.95078125 0.9578125 0.015625 0.0515625
1 0.9609375 0.90859375 0.009375 0.04375
1 0.9546875 0.90703125 0.0125 0.04375
1 0.91796875 0.9875 0.0140625 0.025
1 0.659375 0.88984375 0.0109375 0.05
1 0.69140625 0.96484375 0.0171875 0.059375
1 0.746875 0.98203125 0.0125 0.0359375
1 0.77578125 0.9109375 0.0140625 0.046875
1 0.84296875 0.85625 0.009375 0.0375
1 0.86484375 0.7828125 0.009375 0.0359375
1 0.98203125 0.8125 0.009375 0.03125
1 0.80078125 0.9765625 0.0171875 0.046875