0 0.1890625 0.51796875 0.0171875 0.009375
0 0.26875 0.45234375 0.0125 0.0078125
0 0.29921875 0.56953125 0.015625 0.0109375
0 0.60078125 0.5234375 0.0125 0.0078125
0 0.44609375 0.5125 0.0171875 0.0078125
0 0.528125 0.3703125 0.0109375 0.0078125
0 0.49609375 0.24375 0.0140625 0.0078125
0 0.38046875 0.21015625 0.0125 0.0078125
0 0.346875 0.3046875 0.0140625 0.0078125
0 0.440625 0.121875 0.0140625 0.0078125
0 0.53984375 0.16484375 0.0140625 0.0078125
1 0.59375 0.13671875 0.05 0.0234375
1 0.53046875 0.09453125 0.0578125 0.0203125
1 0.38671875 0.11328125 0.0640625 0.0265625
1 0.2625 0.23203125 0.065625 0.0328125
1 0.50703125 0.221875 0.0546875 0.01875
1 0.5828125 0.296875 0.0453125 0.0171875
1 0.44296875 0.35234375 0.0578125 0.021875
1 0.36484375 0.425 0.0609375 0.0265625
1 0.27421875 0.43671875 0.059375 0.0296875
1 0.60546875 0.4046875 0.0265625 0.015625
1 0.46484375 0.5703125 0.0515625 0.0171875
1 0.51484375 0.134375 0.0578125 0.0203125
1 0.584375 0.18125 0.0515625 0.0203125
0 0.68046875 0.4265625 0.0203125 0.0125
1 0.803125 0.26796875 0.059375 0.021875
1 0.84296875 0.3453125 0.05625 0.01875
1 0.859375 0.31796875 0.0484375 0.0203125
1 0.91015625 0.47734375 0.0390625 0.0140625
1 0.853125 0.50546875 0.046875 0.0171875
1 0.8171875 0.43515625 0.0453125 0.0203125
1 0.78046875 0.43046875 0.0453125 0.0203125
1 0.77578125 0.440625 0.0546875 0.021875
1 0.7515625 0.5640625 0.0578125 0.021875
1 0.6625 0.54453125 0.0546875 0.021875
1 0.6796875 0.60703125 0.059375 0.0046875
1 0.76171875 0.60078125 0.0515625 0.0171875
1 0.18828125 0.825 0.0625 0.028125
1 0.17734375 0.8921875 0.0625 0.0234375
1 0.37421875 0.89765625 0.0484375 0.01875
1 0.64296875 0.9671875 0.0484375 0.021875
1 0.671875 0.88046875 0.0453125 0.0171875
1 0.77734375 0.81953125 0.0265625 0.0140625
1 0.67734375 0.79453125 0.0546875 0.021875
1 0.70625 0.74296875 0.0515625 0.01875
1 0.6609375 0.759375 0.0515625 0.0171875
1 0.6296875 0.77578125 0.021875 0.0203125