1 0.3046875 0.00859375 0.06875 0.0171875
1 0.146875 0.07109375 0.0828125 0.028125
1 0.31796875 0.14609375 0.0421875 0.0203125
1 0.2984375 0.2546875 0.071875 0.0125
0 0.29453125 0.06953125 0.01875 0.0078125
0 0.27734375 0.23203125 0.0125 0.00625
1 0.45625 0.17421875 0.0671875 0.025
1 0.3828125 0.34921875 0.0796875 0.0234375
1 0.69921875 0.5109375 0.0390625 0.0109375
1 0.55078125 0.46640625 0.059375 0.0140625
1 0.5328125 0.434375 0.0390625 0.015625
1 0.5515625 0.43671875 0.0515625 0.015625
1 0.5453125 0.3625 0.053125 0.0171875
1 0.60234375 0.37734375 0.046875 0.0125
1 0.66875 0.30703125 0.046875 0.0125
1 0.71015625 0.26953125 0.040625 0.0109375
1 0.67421875 0.25625 0.0515625 0.015625
1 0.653125 0.19375 0.046875 0.0125
1 0.65546875 0.17890625 0.0515625 0.015625
1 0.6125 0.12109375 0.05625 0.015625
0 0.45234375 0.41875 0.021875 0.0140625
1 0.01796875 0.615625 0.0359375 0.021875
1 0.0421875 0.6171875 0.0734375 0.0203125
1 0.0828125 0.66640625 0.071875 0.01875
1 0.13984375 0.63203125 0.0625 0.01875
1 0.16796875 0.63125 0.04375 0.0171875
1 0.20546875 0.65546875 0.059375 0.01875
1 0.25390625 0.81015625 0.05625 0.015625
1 0.0765625 0.790625 0.065625 0.015625
1 0.08984375 0.7203125 0.0625 0.01875
1 0.009375 0.6828125 0.01875 0.015625
1 0.0890625 0.99140625 0.065625 0.0171875
0 0.11171875 0.5421875 0.01875 0.0125
1 0.63046875 0.65234375 0.0515625 0.01875
1 0.63671875 0.68671875 0.053125 0.015625
1 0.67265625 0.6796875 0.04375 0.0171875
1 0.7171875 0.709375 0.040625 0.015625
1 0.68203125 0.7296875 0.05 0.0171875
1 0.6984375 0.7828125 0.046875 0.0171875
1 0.58125 0.7734375 0.0515625 0.015625
1 0.6078125 0.8203125 0.0484375 0.021875
1 0.5234375 0.9015625 0.0609375 0.0203125
1 0.7625 0.97578125 0.0359375 0.015625
1 0.73203125 0.96953125 0.040625 0.0140625
1 0.74609375 0.91640625 0.04375 0.0109375
1 0.759375 0.8234375 0.034375 0.0140625
1 0.8140625 0.76953125 0.03125 0.0140625
1 0.809375 0.90546875 0.034375 0.0125