1 0.02109375 0.303125 0.0421875 0.01875
1 0.08984375 0.271875 0.05625 0.0140625
1 0.15078125 0.2359375 0.046875 0.0125
1 0.05625 0.16875 0.05625 0.0125
1 0.04375 0.0359375 0.0484375 0.015625
1 0.0109375 0.03359375 0.021875 0.0171875
1 0.20625 0.00546875 0.040625 0.0109375
1 0.17109375 0.1046875 0.04375 0.0125
1 0.090625 0.1296875 0.0484375 0.0125
1 0.12265625 0.1671875 0.046875 0.0125
0 0.12734375 0.01875 0.0125 0.0078125
0 0.246875 0.0390625 0.0140625 0.0078125
0 0.2109375 0.15078125 0.009375 0.0046875
0 0.2046875 0.27578125 0.0109375 0.0046875
1 0.07578125 0.00859375 0.059375 0.0171875
1 0.6703125 0.00625 0.103125 0.0125
1 0.784375 0.06953125 0.0890625 0.025
1 0.94609375 0.05625 0.0796875 0.0203125
1 0.97890625 0.14921875 0.0421875 0.0171875
1 0.98125 0.1984375 0.0375 0.01875
1 0.9 0.22421875 0.0765625 0.0265625
1 0.915625 0.2515625 0.0765625 0.0234375
1 0.92265625 0.321875 0.0671875 0.0203125
1 0.9296875 0.321875 0.0625 0.0171875
1 0.89296875 0.36015625 0.0734375 0.0203125
1 0.978125 0.36171875 0.04375 0.0171875
1 0.90078125 0.41328125 0.0546875 0.01875
1 0.89296875 0.41640625 0.0625 0.0171875
1 0.7953125 0.44609375 0.071875 0.0078125
1 0.4421875 0.46484375 0.034375 0.0203125
1 0.43984375 0.5109375 0.0390625 0.01875
1 0.421875 0.503125 0.0640625 0.01875
1 0.4296875 0.65859375 0.059375 0.0140625
1 0.4328125 0.696875 0.053125 0.01875
1 0.4328125 0.80234375 0.053125 0.0234375
1 0.36484375 0.93984375 0.0703125 0.0234375
1 0.16328125 0.65859375 0.1 0.0265625
1 0.609375 0.9375 0.040625 0.015625
1 0.47578125 0.771875 0.0328125 0.015625
1 0.56015625 0.7578125 0.05 0.01875
1 0.50859375 0.7171875 0.0578125 0.025
1 0.56015625 0.57109375 0.053125 0.0171875
1 0.60859375 0.5859375 0.04375 0.0125
1 0.61015625 0.5796875 0.04375 0.015625
1 0.51328125 0.534375 0.065625 0.0171875
1 0.4875 0.46328125 0.05625 0.0265625
1 0.67109375 0.47265625 0.0375 0.0125
1 0.7421875 0.50078125 0.0359375 0.0125
1 0.7015625 0.615625 0.03125 0.0109375
1 0.69921875 0.64765625 0.03125 0.0109375
1 0.6546875 0.68125 0.0375 0.0140625
0 0.58125 0.7390625 0.021875 0.0125