1 0.4015625 0.55234375 0.065625 0.0265625
1 0.33203125 0.50078125 0.0578125 0.021875
1 0.2828125 0.45078125 0.0484375 0.01875
1 0.39140625 0.41015625 0.05625 0.0203125
1 0.4375 0.28515625 0.05 0.021875
1 0.46796875 0.29765625 0.0234375 0.0265625
1 0.41953125 0.01484375 0.0546875 0.021875
1 0.37109375 0.20234375 0.0546875 0.0203125
1 0.28984375 0.2125 0.0421875 0.01875
1 0.296875 0.31875 0.0453125 0.0171875
1 0.36875 0.3640625 0.05 0.01875
1 0.328125 0.3921875 0.0484375 0.01875
0 0.459375 0.478125 0.0171875 0.009375
0 0.42734375 0.05703125 0.0125 0.00625
0 0.33671875 0.103125 0.015625 0.009375
0 0.36171875 0.246875 0.0140625 0.0078125
0 0.24140625 0.2359375 0.015625 0.009375
0 0.24609375 0.353125 0.009375 0.00625
0 0.2203125 0.475 0.0109375 0.00625
1 0.4140625 0.25 0.0609375 0.0234375
1 0.98359375 0.03984375 0.0328125 0.0296875
1 0.99140625 0.20859375 0.0171875 0.0296875
1 0.796875 0.1609375 0.0625 0.0234375
1 0.77890625 0.27265625 0.0515625 0.0203125
1 0.83125 0.37890625 0.0625 0.0296875
1 0.6984375 0.3578125 0.05625 0.0203125
1 0.72421875 0.42890625 0.0546875 0.0234375
1 0.8328125 0.52421875 0.0578125 0.0234375
1 0.975 0.41796875 0.05 0.0265625
0 0.43359375 0.97734375 0.0140625 0.0078125
0 0.35234375 0.81640625 0.0140625 0.009375
0 0.275 0.96015625 0.009375 0.0078125
0 0.29765625 0.99765625 0.0109375 0.0046875
1 0.45703125 0.81484375 0.0453125 0.0265625
1 0.41328125 0.9890625 0.0515625 0.021875
1 0.4109375 0.8578125 0.0453125 0.0234375
1 0.3796875 0.90546875 0.0390625 0.01875
1 0.396875 0.7859375 0.0421875 0.01875
1 0.33203125 0.68359375 0.0328125 0.015625
1 0.3125 0.8578125 0.0359375 0.015625
1 0.2875 0.87578125 0.0359375 0.015625
1 0.27734375 0.9234375 0.0296875 0.0125
1 0.64609375 0.88046875 0.0359375 0.015625
1 0.653125 0.975 0.0359375 0.0203125
1 0.73515625 0.921875 0.0453125 0.0203125
1 0.74296875 0.86171875 0.0375 0.0171875
1 0.746875 0.83671875 0.0421875 0.01875
1 0.8734375 0.84609375 0.0421875 0.0203125
1 0.89609375 0.82109375 0.0484375 0.021875