1 0.0859375 0.396875 0.0203125 0.0390625
1 0.375 0.475 0.0125 0.028125
1 0.353125 0.371875 0.0203125 0.0515625
1 0.4078125 0.3171875 0.0171875 0.0421875
1 0.47578125 0.47890625 0.0078125 0.0203125
1 0.10859375 0.40390625 0.0171875 0.04375
1 0.16796875 0.41640625 0.0171875 0.0421875
1 0.1640625 0.31953125 0.0171875 0.0390625
1 0.2484375 0.36640625 0.01875 0.0484375
0 0.10703125 0.465625 0.0109375 0.015625
0 0.01953125 0.4328125 0.009375 0.0140625
0 0.1046875 0.2953125 0.0078125 0.0140625
0 0.25 0.26171875 0.009375 0.0171875
0 0.26484375 0.475 0.0078125 0.0109375
1 0.60390625 0.16015625 0.0265625 0.0703125
1 0.64453125 0.18203125 0.03125 0.0625
1 0.74453125 0.18671875 0.0359375 0.075
1 0.8078125 0.121875 0.0265625 0.0609375
1 0.79765625 0.10546875 0.0234375 0.053125
1 0.684375 0.06015625 0.0234375 0.0546875
1 0.75078125 0.05078125 0.028125 0.059375
1 0.78125 0.03359375 0.0234375 0.0578125
1 0.88515625 0.00703125 0.0171875 0.0140625
1 0.953125 0.0171875 0.01875 0.034375
1 0.8984375 0.15234375 0.0234375 0.0578125
1 0.9578125 0.16953125 0.025 0.065625
0 0.26875 0.909375 0.009375 0.0171875
0 0.20625 0.82734375 0.0078125 0.0125
0 0.32421875 0.80078125 0.0125 0.015625
0 0.39140625 0.90703125 0.009375 0.0203125
0 0.4640625 0.8421875 0.0125 0.015625
0 0.45703125 0.74921875 0.009375 0.0171875
0 0.4328125 0.63828125 0.00625 0.0109375
0 0.45390625 0.5078125 0.0078125 0.009375
0 0.2890625 0.49765625 0.0078125 0.0125
0 0.271875 0.65234375 0.0078125 0.0171875
0 0.1328125 0.56484375 0.0078125 0.0109375
0 0.00546875 0.59296875 0.009375 0.0140625
0 0.0609375 0.74375 0.009375 0.0140625
1 0.0609375 0.51015625 0.01875 0.0421875
1 0.11171875 0.64921875 0.0234375 0.0578125
1 0.18203125 0.73046875 0.0296875 0.0609375
1 0.190625 0.82109375 0.03125 0.059375
1 0.17109375 0.4953125 0.0171875 0.0125
1 0.33046875 0.63515625 0.0203125 0.0515625
1 0.41640625 0.49453125 0.0171875 0.0109375
1 0.4734375 0.60859375 0.0125 0.0609375
1 0.51328125 0.52734375 0.025 0.046875
1 0.9859375 0.578125 0.0140625 0.0375
1 0.9984375 0.53515625 0.003125 0.0296875
1 0.8046875 0.6765625 0.0203125 0.0546875
1 0.78671875 0.6796875 0.0203125 0.0515625
1 0.82265625 0.590625 0.0203125 0.0515625
1 0.79765625 0.5765625 0.01875 0.0421875
1 0.77578125 0.58359375 0.0171875 0.0421875
1 0.7859375 0.5453125 0.0171875 0.040625
1 0.82890625 0.5296875 0.015625 0.0359375
1 0.90078125 0.50078125 0.0109375 0.0234375