1 0.23828125 0.29140625 0.0671875 0.0265625
1 0.16875 0.20078125 0.0453125 0.025
1 0.0203125 0.1171875 0.040625 0.021875
1 0.009375 0.1390625 0.01875 0.021875
1 0.0078125 0.31015625 0.015625 0.0203125
1 0.00546875 0.32734375 0.0109375 0.0234375
1 0.12109375 0.3890625 0.0515625 0.021875
1 0.14296875 0.44765625 0.0578125 0.0234375
0 0.0515625 0.27421875 0.015625 0.009375
0 0.0734375 0.075 0.0109375 0.00625
0 0.0421875 0.39140625 0.0125 0.0078125
0 0.07265625 0.50234375 0.0125 0.0078125
0 0.828125 0.528125 0.0125 0.003125
0 0.871875 0.4140625 0.0140625 0.009375
0 0.78515625 0.33203125 0.0125 0.0078125
0 0.67265625 0.34453125 0.0140625 0.009375
0 0.73828125 0.43203125 0.0109375 0.00625
0 0.840625 0.12421875 0.0125 0.00625
0 0.93203125 0.10625 0.009375 0.0046875
0 0.90078125 0.021875 0.0125 0.0078125
0 0.63125 0.09140625 0.0140625 0.009375
1 0.55703125 0.0765625 0.0421875 0.0171875
0 0.51953125 0.2078125 0.0109375 0.00625
0 0.59609375 0.24921875 0.009375 0.00625
0 0.496875 0.353125 0.0109375 0.0046875
0 0.4546875 0.44296875 0.0140625 0.009375
0 0.528125 0.51796875 0.0140625 0.009375
0 0.65703125 0.51953125 0.0125 0.0078125
0 0.5765625 0.43203125 0.0140625 0.009375
0 0.73203125 0.22734375 0.0125 0.0078125
0 0.92734375 0.31015625 0.0140625 0.009375
1 0.8078125 0.14765625 0.0515625 0.0203125
1 0.67109375 0.1296875 0.05625 0.0203125
1 0.6625 0.18984375 0.0546875 0.0203125
1 0.6171875 0.28046875 0.0484375 0.0203125
1 0.5328125 0.29765625 0.046875 0.0140625
1 0.4328125 0.25 0.04375 0.015625
1 0.55703125 0.3515625 0.0453125 0.01875
1 0.55859375 0.46015625 0.0484375 0.01875
1 0.44140625 0.525 0.0453125 0.009375
1 0.9625 0.18828125 0.0625 0.021875
1 0.08125 0.70546875 0.0796875 0.034375
1 0.0375 0.62578125 0.075 0.0328125
1 0.0328125 0.65546875 0.065625 0.0328125
0 0.37734375 0.8703125 0.0296875 0.015625
1 0.47265625 0.53984375 0.0734375 0.0203125
1 0.41796875 0.696875 0.0703125 0.0296875
1 0.5625 0.67421875 0.096875 0.040625
1 0.5390625 0.74921875 0.096875 0.046875
1 0.46484375 0.7671875 0.08125 0.03125
1 0.46328125 0.75859375 0.0859375 0.034375
1 0.475 0.796875 0.0890625 0.0328125
1 0.55 0.9796875 0.09375 0.040625
1 0.49921875 0.9828125 0.0921875 0.034375
1 0.3890625 0.8890625 0.0734375 0.0328125
1 0.33828125 0.88984375 0.0390625 0.0265625