1 0.1046875 0.0046875 0.04375 0.009375
1 0.23359375 0.01328125 0.0375 0.0140625
1 0.0828125 0.17109375 0.046875 0.0140625
1 0.084375 0.18828125 0.046875 0.0171875
1 0.18984375 0.29609375 0.05625 0.0140625
1 0.22890625 0.3140625 0.034375 0.0078125
1 0.3265625 0.26484375 0.05 0.0125
1 0.39375 0.30390625 0.040625 0.0109375
1 0.24609375 0.41875 0.0375 0.0109375
1 0.09296875 0.515625 0.05 0.015625
1 0.2328125 0.03671875 0.04375 0.009375
1 0.2359375 0.09765625 0.040625 0.0109375
1 0.328125 0.06953125 0.0375 0.0109375
1 0.3046875 0.16328125 0.046875 0.0125
1 0.0296875 0.50703125 0.05 0.015625
0 0.0296875 0.12578125 0.0140625 0.00625
0 0.171875 0.0515625 0.0140625 0.0078125
0 0.33671875 0.00546875 0.0140625 0.0046875
0 0.40703125 0.1375 0.015625 0.0078125
0 0.20390625 0.20625 0.009375 0.00625
0 0.0203125 0.24296875 0.0109375 0.00625
0 0.0296875 0.40390625 0.009375 0.00625
0 0.2203125 0.46875 0.00625 0.00625
0 0.38125 0.409375 0.0140625 0.00625
0 0.3640625 0.50390625 0.0109375 0.00625
1 0.63359375 0.47421875 0.0703125 0.0140625
1 0.5390625 0.3828125 0.040625 0.01875
1 0.5328125 0.29609375 0.028125 0.0203125
1 0.63359375 0.24296875 0.0625 0.0140625
1 0.7015625 0.12578125 0.0609375 0.0171875
1 0.6890625 0.1125 0.0484375 0.0125
1 0.69296875 0.10390625 0.065625 0.0125
1 0.67734375 0.09140625 0.05625 0.01875
1 0.67421875 0.07421875 0.05625 0.015625
1 0.6421875 0.07734375 0.059375 0.021875
1 0.62890625 0.04765625 0.0671875 0.021875
1 0.56171875 0.03515625 0.0765625 0.0203125
1 0.56953125 0.0046875 0.0703125 0.009375
1 0.5515625 0.125 0.065625 0.01875
0 0.6 0.1875 0.0234375 0.0109375
1 0.36640625 0.5421875 0.0890625 0.0234375
1 0.48984375 0.68125 0.0578125 0.025
1 0.49921875 0.70625 0.0390625 0.021875
1 0.51015625 0.775 0.0171875 0.01875
1 0.49609375 0.8171875 0.0453125 0.01875
1 0.5078125 0.86875 0.021875 0.01875
1 0.5015625 0.8734375 0.034375 0.015625
1 0.4828125 0.925 0.059375 0.01875
1 0.4234375 0.91875 0.071875 0.015625
1 0.415625 0.93984375 0.0828125 0.0234375
1 0.98828125 0.7015625 0.0234375 0.025
1 0.9453125 0.67578125 0.0859375 0.025