0 0.18671875 0.45078125 0.009375 0.00625
0 0.2875 0.43203125 0.009375 0.00625
0 0.203125 0.38671875 0.015625 0.009375
0 0.31640625 0.2515625 0.0109375 0.0078125
0 0.25 0.19921875 0.009375 0.00625
0 0.15703125 0.1921875 0.0125 0.0078125
0 0.13671875 0.24453125 0.009375 0.00625
0 0.14453125 0.0890625 0.009375 0.0046875
1 0.18828125 0.0328125 0.0671875 0.028125
1 0.2375 0.09921875 0.0578125 0.0234375
1 0.296875 0.05234375 0.0671875 0.025
1 0.521875 0.01875 0.1 0.0359375
1 0.190625 0.14296875 0.0609375 0.025
1 0.43515625 0.43125 0.0734375 0.0328125
1 0.3640625 0.4171875 0.075 0.0390625
1 0.3875 0.3703125 0.0734375 0.0296875
1 0.21875 0.31640625 0.0578125 0.0234375
1 0.19296875 0.29296875 0.05 0.01875
1 0.1375 0.2875 0.040625 0.0140625
1 0.12890625 0.2609375 0.0453125 0.0203125
0 0.56171875 0.790625 0.0328125 0.01875
1 0.55703125 0.80390625 0.0875 0.0390625
1 0.315625 0.82734375 0.090625 0.0390625
1 0.1359375 0.9234375 0.0625 0.03125
1 0.084375 0.70703125 0.0609375 0.0296875
1 0.25546875 0.68359375 0.0796875 0.034375
1 0.30859375 0.5375 0.0875 0.0421875
1 0.196875 0.5875 0.06875 0.03125
1 0.00703125 0.57890625 0.0140625 0.0234375
1 0.83203125 0.95078125 0.0640625 0.0296875
1 0.8203125 0.8765625 0.0640625 0.0265625
1 0.70625 0.90546875 0.0515625 0.0234375
1 0.6359375 0.9359375 0.0125 0.021875
1 0.690625 0.83046875 0.065625 0.0203125
1 0.640625 0.7328125 0.021875 0.021875
1 0.7421875 0.625 0.0640625 0.025
1 0.8796875 0.47734375 0.084375 0.0171875
1 0.63828125 0.62890625 0.0171875 0.0234375