0 0.51484375 0.27578125 0.009375 0.0046875
0 0.4546875 0.103125 0.009375 0.00625
0 0.5109375 0.040625 0.009375 0.0046875
1 0.36875 0.3 0.071875 0.021875
1 0.4375 0.27421875 0.0734375 0.028125
1 0.40625 0.23203125 0.071875 0.01875
1 0.5515625 0.14921875 0.034375 0.0140625
1 0.78828125 0.0546875 0.0609375 0.0171875
1 0.83359375 0.03515625 0.059375 0.0140625
1 0.83125 0.25703125 0.06875 0.015625
1 0.8609375 0.2546875 0.05625 0.0109375
1 0.79296875 0.31484375 0.059375 0.0140625
1 0.58984375 0.2609375 0.0421875 0.028125
0 0.08046875 0.9875 0.01875 0.0078125
1 0.05625 0.9921875 0.059375 0.015625
1 0.2171875 0.77421875 0.0625 0.0140625
1 0.2953125 0.77421875 0.0484375 0.0109375
1 0.303125 0.784375 0.0453125 0.015625
1 0.3046875 0.66875 0.046875 0.0109375
1 0.26640625 0.715625 0.05625 0.0109375
1 0.2609375 0.72734375 0.0484375 0.0140625
1 0.23828125 0.696875 0.053125 0.0109375
1 0.16875 0.5125 0.059375 0.015625
1 0.290625 0.4390625 0.0484375 0.0109375
1 0.2046875 0.33359375 0.05625 0.0078125
1 0.3046875 0.53125 0.04375 0.0109375
1 0.2796875 0.55390625 0.0546875 0.0140625
1 0.26953125 0.5796875 0.053125 0.0125
1 0.2421875 0.58359375 0.05625 0.0125
1 0.27109375 0.63046875 0.046875 0.0109375
1 0.2828125 0.64453125 0.04375 0.0078125
1 0.28671875 0.6375 0.053125 0.0109375
1 0.18671875 0.6671875 0.0625 0.0125
1 0.19140625 0.684375 0.059375 0.0109375
1 0.9890625 0.6625 0.021875 0.009375
1 0.8875 0.56640625 0.071875 0.015625
1 0.82890625 0.6359375 0.084375 0.021875
1 0.71796875 0.6015625 0.090625 0.021875
1 0.86484375 0.771875 0.0765625 0.01875
1 0.91171875 0.884375 0.065625 0.0171875
1 0.790625 0.92109375 0.0890625 0.01875
1 0.74921875 0.9546875 0.084375 0.021875
1 0.840625 0.99765625 0.065625 0.0046875
1 0.8859375 0.99375 0.059375 0.0125
1 0.88125 0.978125 0.065625 0.0171875
1 0.853125 0.98515625 0.06875 0.015625
1 0.85625 0.96328125 0.06875 0.0125
1 0.85703125 0.95625 0.078125 0.0125