0 0.5671875 0.5875 0.0109375 0.00625
0 0.4671875 0.56484375 0.0109375 0.00625
0 0.55390625 0.52265625 0.015625 0.009375
0 0.44453125 0.38359375 0.0109375 0.0078125
0 0.51328125 0.334375 0.0109375 0.00625
0 0.6046875 0.32890625 0.009375 0.0078125
0 0.51328125 0.13046875 0.0109375 0.0078125
1 0.53515625 0.059375 0.0640625 0.0265625
1 0.58203125 0.04765625 0.0546875 0.0296875
1 0.584375 0.1 0.05 0.025
1 0.578125 0.16953125 0.0625 0.0296875
1 0.52890625 0.234375 0.0578125 0.025
1 0.47109375 0.18515625 0.065625 0.0265625
1 0.24765625 0.14375 0.1 0.0390625
1 0.575 0.2796875 0.0609375 0.0265625
1 0.1625 0.60078125 0.0875 0.0171875
1 0.3203125 0.55859375 0.075 0.0359375
1 0.3921875 0.54765625 0.0765625 0.0421875
1 0.3703125 0.5 0.0734375 0.0328125
1 0.540625 0.45234375 0.0578125 0.025
1 0.5671875 0.4296875 0.05 0.0203125
0 0.865625 0.60703125 0.0125 0.0046875
0 0.74453125 0.53984375 0.0109375 0.0078125
0 0.83515625 0.4453125 0.0109375 0.0078125
0 0.9328125 0.55703125 0.009375 0.0046875
0 0.9890625 0.48828125 0.009375 0.00625
0 0.978125 0.35859375 0.0125 0.009375
1 0.8765625 0.515625 0.059375 0.03125
1 0.9453125 0.4546875 0.05 0.0265625
1 0.903125 0.38046875 0.0625 0.0328125
1 0.96875 0.26640625 0.0546875 0.025
1 0.98046875 0.19609375 0.0390625 0.0234375
1 0.95234375 0.2125 0.0671875 0.028125
1 0.98515625 0.1234375 0.0296875 0.021875
1 0.86953125 0.3953125 0.0640625 0.0296875
1 0.51015625 0.996875 0.0640625 0.00625
1 0.23984375 0.93515625 0.0671875 0.028125
1 0.01171875 0.9 0.0234375 0.04375
1 0.3953125 0.878125 0.0578125 0.028125
1 0.41015625 0.86328125 0.06875 0.0375
1 0.60078125 0.8 0.0171875 0.028125
1 0.5703125 0.75625 0.0578125 0.025
1 0.5296875 0.72265625 0.0546875 0.0265625
1 0.36640625 0.63515625 0.0765625 0.0328125
1 0.73359375 0.90703125 0.0515625 0.0234375
1 0.7734375 0.83515625 0.0515625 0.025
1 0.8171875 0.8265625 0.0421875 0.021875
1 0.8578125 0.87578125 0.0421875 0.0203125
1 0.7640625 0.703125 0.05625 0.0234375