0 0.1765625 0.34296875 0.01875 0.009375
0 0.2921875 0.2890625 0.01875 0.0125
0 0.25546875 0.33984375 0.015625 0.0125
0 0.24453125 0.38359375 0.015625 0.009375
0 0.259375 0.234375 0.01875 0.0125
0 0.29765625 0.20859375 0.015625 0.0125
0 0.29921875 0.17890625 0.01875 0.0125
0 0.25234375 0.19453125 0.01875 0.009375
0 0.1953125 0.17109375 0.01875 0.009375
0 0.1765625 0.22578125 0.01875 0.009375
1 0.01640625 0.27421875 0.0328125 0.0203125
1 0.0484375 0.27109375 0.0625 0.0203125
1 0.28046875 0.15625 0.1 0.0234375
1 0.20078125 0.125 0.084375 0.025
1 0.5828125 0.0171875 0.065625 0.0234375
1 0.6671875 0.06875 0.06875 0.025
1 0.6640625 0.1171875 0.065625 0.0203125
1 0.55546875 0.14453125 0.0625 0.0140625
1 0.74296875 0.1921875 0.075 0.025
1 0.590625 0.3859375 0.059375 0.01875
1 0.71171875 0.41484375 0.071875 0.025
1 0.85234375 0.3171875 0.0890625 0.028125
1 0.921875 0.42265625 0.1015625 0.03125
1 0.3359375 0.909375 0.00625 0.009375
1 0.73515625 0.5 0.053125 0.0171875
1 0.76796875 0.521875 0.05625 0.0171875
1 0.79296875 0.58046875 0.059375 0.015625
1 0.8046875 0.62578125 0.059375 0.0125
1 0.63671875 0.64453125 0.046875 0.0140625
1 0.6015625 0.665625 0.04375 0.015625
1 0.6890625 0.77265625 0.059375 0.0203125
1 0.93671875 0.83671875 0.071875 0.021875
1 0.96328125 0.909375 0.0734375 0.025
1 0.7671875 0.94765625 0.05625 0.0171875