0 0.07421875 0.3046875 0.01875 0.0109375
0 0.00234375 0.31015625 0.0046875 0.0140625
0 0.0109375 0.35234375 0.015625 0.0109375
0 0.03828125 0.1359375 0.01875 0.0109375
0 0.0625 0.1890625 0.01875 0.0109375
1 0.26796875 0.0515625 0.0234375 0.01875
1 0.2390625 0.21875 0.059375 0.0234375
1 0.19453125 0.2203125 0.0640625 0.0234375
1 0.03515625 0.090625 0.0703125 0.028125
0 0.81640625 0.353125 0.0125 0.0078125
1 0.69140625 0.0078125 0.04375 0.0125
1 0.59921875 0.16640625 0.0484375 0.015625
1 0.6890625 0.16640625 0.0453125 0.015625
1 0.7390625 0.08671875 0.0359375 0.0109375
1 0.77109375 0.07265625 0.03125 0.0078125
1 0.77109375 0.09765625 0.04375 0.015625
1 0.78671875 0.30234375 0.0375 0.015625
1 0.7421875 0.33046875 0.040625 0.0125
1 0.675 0.36015625 0.0578125 0.01875
1 0.6640625 0.33203125 0.0484375 0.0140625
1 0.61328125 0.3078125 0.0484375 0.01875
1 0.82421875 0.33359375 0.0375 0.0125
1 0.059375 0.6296875 0.0796875 0.0296875
1 0.09765625 0.68828125 0.0890625 0.03125
1 0.265625 0.88515625 0.028125 0.0265625
0 0.31640625 0.48671875 0.0234375 0.0109375
1 0.34140625 0.50546875 0.0859375 0.034375
1 0.34921875 0.53828125 0.08125 0.034375
1 0.50859375 0.5296875 0.0640625 0.0296875
1 0.709375 0.61484375 0.0703125 0.0265625
1 0.73671875 0.65 0.0671875 0.0234375
1 0.75703125 0.45703125 0.0515625 0.0140625
1 0.92734375 0.81875 0.053125 0.0203125
1 0.8828125 0.940625 0.053125 0.01875
1 0.87890625 0.971875 0.053125 0.021875
1 0.74453125 0.9921875 0.0703125 0.015625
1 0.70859375 0.85234375 0.0671875 0.0265625
1 0.73671875 0.85703125 0.0640625 0.01875