1 0.05859375 0.1453125 0.04375 0.0109375
1 0.11875 0.27890625 0.05625 0.01875
1 0.18203125 0.315625 0.0578125 0.01875
1 0.3125 0.35859375 0.0640625 0.021875
1 0.3015625 0.37265625 0.065625 0.0171875
1 0.44921875 0.46484375 0.0203125 0.0171875
1 0.4375 0.28671875 0.04375 0.0171875
1 0.43203125 0.21328125 0.0546875 0.0171875
1 0.38515625 0.19375 0.078125 0.0203125
1 0.2015625 0.10703125 0.0625 0.015625
1 0.33515625 0.06640625 0.0515625 0.015625
1 0.328125 0.02890625 0.0625 0.0171875
1 0.94609375 0.3578125 0.0671875 0.025
1 0.77890625 0.27109375 0.0609375 0.0203125
1 0.73828125 0.340625 0.0609375 0.0203125
1 0.6296875 0.396875 0.0515625 0.021875
1 0.634375 0.43203125 0.0546875 0.021875
1 0.74921875 0.47421875 0.0625 0.01875
1 0.75546875 0.459375 0.0609375 0.021875
1 0.81328125 0.44609375 0.05625 0.01875
1 0.58828125 0.36484375 0.059375 0.015625
1 0.63046875 0.29140625 0.05625 0.01875
1 0.53046875 0.28125 0.05 0.0125
1 0.62890625 0.26015625 0.0625 0.015625
1 0.734375 0.15703125 0.053125 0.01875
1 0.7328125 0.10234375 0.05625 0.01875
1 0.47734375 0.09453125 0.0359375 0.0109375
1 0.5234375 0.15859375 0.04375 0.0140625
1 0.478125 0.45390625 0.0375 0.0171875
0 0.94296875 0.2953125 0.021875 0.0109375
1 0.009375 0.70234375 0.01875 0.0171875
1 0.04296875 0.775 0.053125 0.01875
1 0.63671875 0.96640625 0.06875 0.015625
1 0.4984375 0.9 0.075 0.025
1 0.48828125 0.846875 0.0578125 0.01875
1 0.48515625 0.8390625 0.0515625 0.015625
1 0.48203125 0.82734375 0.0453125 0.0234375
1 0.48359375 0.79921875 0.0484375 0.0203125
1 0.48359375 0.74296875 0.0484375 0.0203125
1 0.46875 0.765625 0.01875 0.01875
1 0.54140625 0.7734375 0.05625 0.01875
1 0.49921875 0.696875 0.06875 0.015625
1 0.55703125 0.68984375 0.059375 0.01875