1 0.39765625 0.2875 0.0796875 0.0265625
1 0.49140625 0.296875 0.05625 0.01875
1 0.52421875 0.19453125 0.0703125 0.03125
1 0.55234375 0.22734375 0.0640625 0.025
1 0.6546875 0.25390625 0.0578125 0.025
1 0.71015625 0.3140625 0.0625 0.01875
1 0.5015625 0.15625 0.0671875 0.0296875
1 0.25859375 0.11640625 0.0796875 0.0265625
1 0.0515625 0.09921875 0.0953125 0.0296875
0 0.03046875 0.11484375 0.0140625 0.00625
0 0.2265625 0.26328125 0.01875 0.0078125
0 0.32109375 0.3078125 0.0109375 0.00625
0 0.359375 0.26875 0.0140625 0.009375
0 0.49921875 0.2140625 0.01875 0.0078125
0 0.62421875 0.23671875 0.0140625 0.00625
0 0.6828125 0.3046875 0.0078125 0.00625
1 0.30078125 0.87578125 0.0875 0.0203125
1 0.4078125 0.9140625 0.071875 0.015625
1 0.44453125 0.9453125 0.06875 0.01875
1 0.5328125 0.928125 0.0625 0.01875
1 0.58828125 0.97421875 0.053125 0.015625
1 0.475 0.73046875 0.0703125 0.025
1 0.553125 0.7265625 0.065625 0.015625
1 0.55390625 0.74921875 0.053125 0.015625
1 0.59375 0.7703125 0.04375 0.0171875
1 0.58359375 0.8109375 0.046875 0.01875
1 0.65390625 0.7953125 0.0375 0.0109375
1 0.6296875 0.665625 0.040625 0.0140625
1 0.61953125 0.61875 0.05 0.0125
1 0.59140625 0.56953125 0.05 0.0140625
1 0.49609375 0.49765625 0.05 0.01875
1 0.484375 0.54140625 0.06875 0.015625
1 0.35078125 0.43203125 0.0796875 0.025
1 0.046875 0.43125 0.09375 0.028125
0 0.36171875 0.4984375 0.0125 0.0078125
0 0.359375 0.63828125 0.0140625 0.009375
0 0.26640625 0.7296875 0.0140625 0.00625
0 0.1515625 0.74296875 0.0140625 0.00625
0 0.54140625 0.5828125 0.0109375 0.00625
0 0.56328125 0.65703125 0.0109375 0.00625
0 0.4734375 0.759375 0.0140625 0.0046875
0 0.2421875 0.93046875 0.0125 0.0078125