1 0.24375 0.29140625 0.0765625 0.034375
1 0.359375 0.2125 0.0625 0.0328125
1 0.2984375 0.1765625 0.0625 0.03125
1 0.2546875 0.1703125 0.0546875 0.028125
1 0.215625 0.19296875 0.0703125 0.04375
1 0.0640625 0.10625 0.08125 0.040625
1 0.15625 0.08828125 0.0578125 0.028125
1 0.19375 0.01015625 0.065625 0.0203125
1 0.2984375 0.0078125 0.059375 0.015625
1 0.3703125 0.03984375 0.0640625 0.0296875
1 0.3328125 0.36328125 0.0625 0.0328125
1 0.3046875 0.42109375 0.065625 0.0328125
1 0.29453125 0.57265625 0.071875 0.0359375
1 0.12890625 0.61640625 0.1046875 0.0453125
1 0.0859375 0.4515625 0.0875 0.0453125
0 0.021875 0.1 0.015625 0.0125
0 0.13984375 0.00703125 0.0203125 0.0109375
0 0.34140625 0.0390625 0.009375 0.0078125
0 0.284375 0.19375 0.0171875 0.009375
0 0.32734375 0.20234375 0.0125 0.0078125
0 0.1875 0.18203125 0.01875 0.0125
0 0.2171875 0.28203125 0.015625 0.009375
0 0.30234375 0.35546875 0.015625 0.009375
0 0.2796875 0.415625 0.0203125 0.0109375
0 0.06875 0.4328125 0.0125 0.0078125
0 0.2625 0.5578125 0.0109375 0.00625
0 0.77421875 0.00234375 0.0109375 0.0046875
0 0.69296875 0.053125 0.009375 0.0046875
0 0.7046875 0.14609375 0.0125 0.0078125
0 0.8140625 0.22421875 0.009375 0.0078125
0 0.90390625 0.096875 0.0078125 0.00625
0 0.840625 0.0734375 0.0125 0.00625
0 0.9109375 0.1546875 0.0078125 0.00625
0 0.9296875 0.221875 0.00625 0.00625
0 0.69609375 0.3671875 0.0109375 0.0078125
0 0.71796875 0.509375 0.0140625 0.009375
1 0.89375 0.01875 0.0328125 0.015625
1 0.8171875 0.0296875 0.0375 0.021875
1 0.7921875 0.06953125 0.046875 0.021875
1 0.865625 0.06171875 0.0390625 0.0171875
1 0.709375 0.25625 0.071875 0.0359375
1 0.87734375 0.27421875 0.0453125 0.0234375
1 0.928125 0.27734375 0.0359375 0.01875
1 0.83046875 0.3453125 0.0546875 0.025
1 0.91796875 0.32890625 0.0390625 0.01875
1 0.928125 0.37734375 0.0421875 0.021875
1 0.85390625 0.42578125 0.053125 0.021875
1 0.7734375 0.4078125 0.0609375 0.0265625
1 0.90390625 0.4265625 0.0515625 0.021875
1 0.928125 0.5140625 0.0484375 0.0203125
1 0.834375 0.5859375 0.0671875 0.028125
1 0.44921875 0.98046875 0.0765625 0.0359375
1 0.28203125 0.9328125 0.0828125 0.0359375
1 0.46328125 0.84609375 0.0546875 0.025
1 0.4234375 0.76953125 0.0609375 0.0296875
1 0.3625 0.76484375 0.0734375 0.034375
1 0.36015625 0.65859375 0.06875 0.034375
1 0.2703125 0.68046875 0.0703125 0.03125
0 0.978125 0.68515625 0.0234375 0.015625
1 0.975 0.74765625 0.05 0.0421875