1 0.3265625 0.0078125 0.08125 0.015625
1 0.23359375 0.0125 0.0578125 0.025
1 0.22890625 0.11953125 0.0734375 0.0421875
1 0.1921875 0.0953125 0.065625 0.034375
1 0.08671875 0.09609375 0.059375 0.0328125
1 0.025 0.0515625 0.05 0.028125
1 0.26015625 0.15 0.0703125 0.0390625
1 0.5046875 0.12578125 0.08125 0.0375
0 0.3671875 0.00546875 0.015625 0.0109375
0 0.246875 0.09375 0.0203125 0.009375
0 0.12109375 0.1046875 0.015625 0.009375
0 0.046875 0.05390625 0.009375 0.0078125
1 0.65546875 0.08515625 0.0328125 0.0359375
1 0.6765625 0.31640625 0.0515625 0.025
1 0.6765625 0.27109375 0.0703125 0.0265625
1 0.834375 0.3421875 0.08125 0.0359375
0 0.80703125 0.28125 0.0140625 0.0109375
0 0.77265625 0.1453125 0.015625 0.0125
0 0.83828125 0.0328125 0.015625 0.009375
0 0.55859375 0.60234375 0.0234375 0.0171875
1 0.60234375 0.925 0.0625 0.03125
1 0.5875 0.85859375 0.0625 0.025
1 0.40234375 0.92734375 0.0484375 0.0203125
1 0.39921875 0.80078125 0.0484375 0.021875
1 0.46328125 0.72890625 0.0484375 0.025
1 0.471875 0.71640625 0.0578125 0.0265625
1 0.32421875 0.73046875 0.0421875 0.0171875
1 0.2421875 0.64296875 0.0421875 0.0203125
1 0.34296875 0.57421875 0.0609375 0.028125
1 0.47890625 0.5796875 0.05 0.025
1 0.50859375 0.56875 0.05 0.028125
1 0.46875 0.54140625 0.0546875 0.0234375
1 0.55390625 0.46640625 0.0640625 0.0375
1 0.1515625 0.53828125 0.0375 0.0171875
1 0.190625 0.49140625 0.0484375 0.01875
1 0.32421875 0.42578125 0.053125 0.021875
1 0.31171875 0.4015625 0.0578125 0.021875
1 0.9640625 0.90390625 0.0609375 0.0265625
1 0.65546875 0.9859375 0.0328125 0.01875
1 0.7859375 0.8703125 0.0546875 0.0265625
1 0.8125 0.84140625 0.0578125 0.0265625
1 0.821875 0.778125 0.0609375 0.0265625
1 0.82265625 0.73203125 0.0609375 0.0234375
1 0.659375 0.753125 0.040625 0.021875
1 0.675 0.6171875 0.0625 0.03125
1 0.9 0.49453125 0.0734375 0.0328125
1 0.9125 0.41640625 0.084375 0.0390625
1 0.70859375 0.428125 0.0578125 0.0265625