0 0.02109375 0.03671875 0.00625 0.009375
0 0.05546875 0.12734375 0.003125 0.009375
0 0.125 0.29140625 0.0046875 0.0140625
0 0.1484375 0.13515625 0.0046875 0.0125
0 0.2546875 0.33203125 0.00625 0.0125
0 0.24765625 0.04453125 0.00625 0.0078125
0 0.36328125 0.18984375 0.00625 0.009375
0 0.43359375 0.3234375 0.0046875 0.0125
0 0.50703125 0.19765625 0.00625 0.0125
1 0.0578125 0.00859375 0.015625 0.0171875
1 0.0921875 0.03359375 0.0125 0.0453125
1 0.25703125 0.153125 0.0234375 0.06875
1 0.30859375 0.00703125 0.0140625 0.0140625
1 0.36953125 0.053125 0.0140625 0.053125
1 0.453125 0.046875 0.0109375 0.053125
1 0.41875 0.121875 0.0140625 0.059375
1 0.46484375 0.01171875 0.0109375 0.0234375
0 0.534375 0.3359375 0.00625 0.0171875
0 0.6296875 0.25625 0.00625 0.0125
0 0.64375 0.1546875 0.0046875 0.0109375
0 0.73046875 0.15625 0.00625 0.0109375
1 0.6109375 0.15703125 0.015625 0.065625
1 0.5203125 0.0640625 0.003125 0.046875
1 0.540625 0.01640625 0.0125 0.0328125
1 0.54453125 0.02109375 0.0140625 0.0421875
1 0.6578125 0.05 0.0140625 0.046875
1 0.69921875 0.04375 0.0171875 0.05625
1 0.909375 0.209375 0.0171875 0.065625
1 0.9015625 0.3265625 0.025 0.078125
1 0.984375 0.334375 0.0234375 0.071875
0 0.26640625 0.89140625 0.00625 0.015625
0 0.1859375 0.82734375 0.00625 0.0109375
0 0.29453125 0.77265625 0.009375 0.0140625
0 0.38515625 0.859375 0.00625 0.01875
0 0.43984375 0.7796875 0.009375 0.0140625
0 0.4109375 0.690625 0.00625 0.015625
0 0.36015625 0.5890625 0.0046875 0.0109375
0 0.2078125 0.64140625 0.0046875 0.0171875
0 0.0515625 0.590625 0.00625 0.009375
0 0.025 0.78125 0.00625 0.0125
1 0.0515625 0.67734375 0.0140625 0.05625
1 0.1390625 0.7390625 0.01875 0.059375
1 0.16953125 0.825 0.021875 0.05625
1 0.06796875 0.5140625 0.0109375 0.009375
1 0.26015625 0.6109375 0.0109375 0.05
1 0.4 0.54921875 0.0140625 0.059375
1 0.421875 0.58515625 0.0140625 0.053125
1 0.49609375 0.65390625 0.0140625 0.0625
0 0.590625 0.91171875 0.0078125 0.0109375
0 0.63671875 0.79375 0.009375 0.0140625
0 0.7421875 0.66640625 0.00625 0.0125
0 0.7625 0.7984375 0.009375 0.015625
0 0.95078125 0.675 0.009375 0.0171875
0 0.8671875 0.57734375 0.00625 0.009375
1 0.7328125 0.6359375 0.025 0.0484375
1 0.81328125 0.51640625 0.0203125 0.0140625
0 0.98671875 0.52109375 0.00625 0.0109375
1 0.85546875 0.54296875 0.0171875 0.04375
1 0.778125 0.76640625 0.01875 0.06875
1 0.534375 0.87421875 0.025 0.071875