0 0.3890625 0.33203125 0.0140625 0.00625
0 0.32578125 0.453125 0.0125 0.0078125
0 0.30390625 0.63046875 0.0125 0.00625
0 0.64296875 0.2421875 0.0125 0.0078125
0 0.7 0.11875 0.0125 0.0078125
0 0.85546875 0.15546875 0.009375 0.0078125
0 0.82109375 0.18359375 0.0109375 0.00625
0 0.865625 0.321875 0.0109375 0.00625
0 0.7875 0.34453125 0.0109375 0.0046875
0 0.66640625 0.4125 0.009375 0.00625
0 0.54609375 0.4828125 0.0109375 0.00625
0 0.79140625 0.56171875 0.009375 0.0078125
1 0.65546875 0.5234375 0.0609375 0.0234375
1 0.75546875 0.4859375 0.0484375 0.015625
1 0.790625 0.4578125 0.0484375 0.01875
1 0.81953125 0.415625 0.0328125 0.0140625
1 0.8515625 0.37109375 0.0359375 0.0140625
1 0.82421875 0.48203125 0.034375 0.0125
1 0.79453125 0.24921875 0.034375 0.0125
1 0.76640625 0.26328125 0.0375 0.0125
1 0.8109375 0.28046875 0.03125 0.0109375
1 0.7140625 0.13828125 0.0515625 0.021875
1 0.76015625 0.0140625 0.0453125 0.021875
1 0.775 0.06875 0.0390625 0.0171875
1 0.85390625 0.04609375 0.0359375 0.0140625
1 0.87109375 0.07109375 0.0359375 0.0140625
1 0.865625 0.11953125 0.0296875 0.0109375
1 0.6609375 0.14921875 0.0640625 0.028125
1 0.75859375 0.3046875 0.040625 0.0140625
1 0.4328125 0.69140625 0.0125 0.0234375
1 0.39609375 0.85859375 0.0671875 0.028125
1 0.3046875 0.85625 0.0734375 0.025
1 0.26484375 0.83671875 0.0765625 0.0265625
0 0.95390625 0.84375 0.0265625 0.015625
1 0.96953125 0.671875 0.0609375 0.028125
1 0.54296875 0.83359375 0.08125 0.0359375
1 0.7953125 0.675 0.0703125 0.028125
1 0.89140625 0.78984375 0.0640625 0.0203125
1 0.89375 0.97421875 0.06875 0.03125
1 0.56875 0.89921875 0.090625 0.0375
1 0.96328125 0.87890625 0.0578125 0.0203125