0 0.2203125 0.03125 0.009375 0.0078125
0 0.28671875 0.10234375 0.0109375 0.0078125
0 0.18984375 0.11484375 0.009375 0.0046875
0 0.0140625 0.14609375 0.0140625 0.0078125
0 0.16171875 0.20390625 0.0125 0.00625
0 0.228125 0.32109375 0.009375 0.0078125
1 0.3015625 0.14609375 0.015625 0.0203125
1 0.2734375 0.171875 0.046875 0.01875
1 0.11953125 0.30625 0.071875 0.0328125
1 0.6765625 0.07734375 0.0484375 0.01875
1 0.6109375 0.1546875 0.0375 0.021875
1 0.6515625 0.1484375 0.046875 0.0171875
1 0.72421875 0.140625 0.040625 0.0140625
1 0.7328125 0.13984375 0.0453125 0.0171875
1 0.72578125 0.1703125 0.0296875 0.01875
1 0.6859375 0.196875 0.0375 0.015625
1 0.6609375 0.23984375 0.0375 0.015625
1 0.64375 0.23671875 0.0359375 0.0140625
1 0.61328125 0.234375 0.0421875 0.0171875
1 0.58515625 0.24296875 0.0484375 0.01875
1 0.6515625 0.25 0.0484375 0.01875
0 0.0140625 0.965625 0.009375 0.0078125
0 0.02109375 0.80078125 0.0125 0.0078125
0 0.0859375 0.39453125 0.0125 0.0078125
0 0.10703125 0.57265625 0.0140625 0.0078125
0 0.07890625 0.621875 0.0125 0.009375
1 0.02578125 0.41484375 0.0515625 0.0234375
1 0.10703125 0.5171875 0.0484375 0.01875
1 0.0140625 0.57265625 0.028125 0.0171875
1 0.12734375 0.671875 0.0515625 0.0203125
1 0.034375 0.6828125 0.0390625 0.015625
1 0.05625 0.8640625 0.0421875 0.0171875
1 0.040625 0.928125 0.0390625 0.015625
1 0.01796875 0.4578125 0.0359375 0.021875
0 0.76015625 0.40390625 0.0234375 0.015625
1 0.9171875 0.39296875 0.0578125 0.0265625
1 0.95078125 0.57578125 0.0390625 0.01875
1 0.884375 0.53359375 0.0390625 0.01875
1 0.8453125 0.471875 0.05 0.0265625
1 0.84609375 0.45546875 0.0625 0.0296875
1 0.81484375 0.4203125 0.05625 0.028125
1 0.7390625 0.46328125 0.0671875 0.0390625
1 0.86484375 0.5734375 0.0546875 0.025
1 0.90390625 0.6828125 0.0453125 0.0171875
1 0.8453125 0.68203125 0.0546875 0.0234375
1 0.79453125 0.6671875 0.0515625 0.0234375
1 0.80625 0.70390625 0.0453125 0.0171875
1 0.85234375 0.71171875 0.0484375 0.01875
1 0.81640625 0.76484375 0.0453125 0.0203125
1 0.778125 0.8015625 0.0515625 0.021875
1 0.784375 0.81484375 0.0515625 0.025
1 0.80078125 0.93125 0.0515625 0.0203125