0 0.478125 0.27421875 0.0171875 0.009375
0 0.54921875 0.1375 0.015625 0.0109375
0 0.64765625 0.0671875 0.0078125 0.0078125
0 0.4484375 0.14609375 0.0125 0.0078125
0 0.42265625 0.23359375 0.0171875 0.0109375
0 0.36484375 0.165625 0.0171875 0.0109375
0 0.453125 0.06796875 0.0140625 0.009375
0 0.5421875 0.03125 0.0140625 0.009375
0 0.315625 0.1265625 0.0109375 0.009375
0 0.25390625 0.06640625 0.0140625 0.009375
0 0.20703125 0.03671875 0.009375 0.00625
1 0.39921875 0.26328125 0.05625 0.0203125
1 0.4890625 0.2109375 0.0640625 0.028125
1 0.46640625 0.196875 0.0671875 0.0296875
1 0.39453125 0.190625 0.0546875 0.021875
1 0.35078125 0.19140625 0.05625 0.0203125
1 0.2984375 0.15703125 0.05 0.021875
1 0.2734375 0.09375 0.0546875 0.0203125
1 0.30859375 0.02734375 0.05625 0.0203125
1 0.30625 0.05859375 0.040625 0.0234375
1 0.375 0.0375 0.0703125 0.0296875
1 0.24296875 0.015625 0.0484375 0.021875
1 0.35859375 0.346875 0.0546875 0.025
1 0.84921875 0.3234375 0.078125 0.03125
1 0.16953125 0.4390625 0.0578125 0.0234375
1 0.184375 0.503125 0.0515625 0.021875
1 0.309375 0.40078125 0.071875 0.0328125
1 0.409375 0.66640625 0.053125 0.0265625
1 0.32265625 0.72890625 0.059375 0.03125
1 0.36015625 0.8796875 0.0578125 0.0265625
1 0.35859375 0.96875 0.04375 0.0234375
1 0.246875 0.9046875 0.0546875 0.021875
1 0.24375 0.88828125 0.0515625 0.021875
1 0.0296875 0.87890625 0.0375 0.0140625
1 0.04765625 0.690625 0.0421875 0.01875
1 0.196875 0.65234375 0.0421875 0.01875
1 0.1859375 0.62578125 0.0484375 0.0203125
1 0.01953125 0.62109375 0.0390625 0.0171875
0 0.60703125 0.953125 0.0140625 0.009375
0 0.47890625 0.8671875 0.0109375 0.0046875
0 0.30546875 0.9140625 0.0109375 0.0078125
0 0.1375 0.95546875 0.0140625 0.009375
0 0.1390625 0.8484375 0.015625 0.0109375
0 0.2921875 0.81796875 0.0125 0.0078125
0 0.196875 0.72421875 0.0109375 0.0078125
0 0.1203125 0.68203125 0.0125 0.0078125
0 0.2796875 0.565625 0.009375 0.00625
0 0.37890625 0.6296875 0.0140625 0.009375
0 0.50703125 0.69921875 0.0109375 0.0109375
0 0.428125 0.446875 0.0140625 0.0109375
0 0.109375 0.37421875 0.0125 0.0078125
1 0.81953125 0.42890625 0.0421875 0.0203125
1 0.81796875 0.58359375 0.0390625 0.021875
1 0.984375 0.61640625 0.03125 0.0203125
1 0.9921875 0.65 0.015625 0.021875
1 0.9015625 0.875 0.0515625 0.025
1 0.91953125 0.87109375 0.0453125 0.021875
1 0.99140625 0.921875 0.0171875 0.01875