0 0.38828125 0.26328125 0.0140625 0.009375
0 0.2328125 0.3015625 0.0171875 0.0125
0 0.06328125 0.26171875 0.0109375 0.00625
0 0.16640625 0.17265625 0.0109375 0.0078125
0 0.28125 0.2265625 0.0171875 0.0125
0 0.0609375 0.1578125 0.015625 0.0125
0 0.33671875 0.0671875 0.0125 0.0125
1 0.0921875 0.3109375 0.059375 0.015625
1 0.03359375 0.30703125 0.0578125 0.0234375
1 0.0671875 0.221875 0.05625 0.021875
1 0.78671875 0.02578125 0.0734375 0.0328125
1 0.77734375 0.0546875 0.0796875 0.0375
1 0.85703125 0.05546875 0.0765625 0.0375
1 0.69921875 0.11171875 0.06875 0.025
1 0.65703125 0.24609375 0.0609375 0.028125
1 0.640625 0.31171875 0.053125 0.0140625
1 0.7390625 0.29921875 0.0609375 0.0265625
1 0.88359375 0.2578125 0.0625 0.0328125
1 0.21484375 0.98203125 0.0140625 0.0078125
1 0.3609375 0.99375 0.0234375 0.0125
1 0.121875 0.97421875 0.0578125 0.025
1 0.1328125 0.96015625 0.04375 0.025
1 0.059375 0.91796875 0.040625 0.025
1 0.04375 0.8796875 0.0390625 0.0203125
1 0.071875 0.83203125 0.046875 0.0234375
1 0.025 0.71484375 0.046875 0.0234375
1 0.0203125 0.6875 0.040625 0.01875
1 0.084375 0.671875 0.040625 0.015625
1 0.05078125 0.65546875 0.0484375 0.0234375
1 0.0171875 0.653125 0.034375 0.021875
1 0.04375 0.61953125 0.05 0.0234375
1 0.0140625 0.53515625 0.028125 0.0234375
1 0.0078125 0.52265625 0.015625 0.0234375
1 0.0078125 0.496875 0.015625 0.01875
1 0.0078125 0.48671875 0.015625 0.0234375
1 0.01484375 0.4453125 0.0296875 0.025
1 0.05859375 0.46875 0.046875 0.0234375
1 0.16953125 0.7828125 0.0609375 0.025
1 0.0453125 0.3828125 0.0484375 0.0203125
1 0.165625 0.6234375 0.0140625 0.0109375
1 0.20625 0.67734375 0.0140625 0.009375
0 0.1109375 0.64609375 0.0109375 0.00625
0 0.09375 0.55703125 0.0140625 0.009375
0 0.18671875 0.5890625 0.0109375 0.009375
0 0.05078125 0.515625 0.0109375 0.00625
0 0.10703125 0.784375 0.0140625 0.009375
0 0.0859375 0.903125 0.0109375 0.00625
0 0.1390625 0.8734375 0.00625 0.0046875
0 0.265625 0.784375 0.0125 0.0078125
0 0.2234375 0.91796875 0.0140625 0.0078125
0 0.32421875 0.88515625 0.0140625 0.009375
0 0.9640625 0.903125 0.021875 0.0140625
1 0.9484375 0.95625 0.0546875 0.025
1 0.7171875 0.63515625 0.0359375 0.0171875
1 0.91171875 0.69140625 0.0609375 0.0265625
1 0.9890625 0.57421875 0.021875 0.0328125
1 0.88125 0.6421875 0.0453125 0.0234375
1 0.79140625 0.4984375 0.0484375 0.0234375
1 0.7734375 0.47578125 0.0484375 0.0203125
1 0.684375 0.478125 0.0390625 0.021875
1 0.64765625 0.43359375 0.0421875 0.01875
1 0.628125 0.4671875 0.0328125 0.0171875
1 0.68203125 0.36953125 0.0546875 0.025
1 0.7140625 0.34375 0.0484375 0.0234375
1 0.671875 0.3546875 0.0484375 0.0203125
1 0.81328125 0.36796875 0.0484375 0.0234375
1 0.79609375 0.3921875 0.0515625 0.0265625