0 0.64375 0.09453125 0.00625 0.0125
0 0.625 0.003125 0.00625 0.00625
0 0.5140625 0.0609375 0.009375 0.015625
0 0.60390625 0.28984375 0.00625 0.0125
0 0.565625 0.33046875 0.0046875 0.009375
0 0.4984375 0.29921875 0.00625 0.015625
0 0.4375 0.21640625 0.0046875 0.009375
0 0.3734375 0.09609375 0.00625 0.009375
0 0.4515625 0.0015625 0.009375 0.003125
0 0.33515625 0.19609375 0.009375 0.0140625
0 0.30859375 0.28828125 0.00625 0.0109375
1 0.634375 0.27578125 0.0109375 0.053125
1 0.5765625 0.228125 0.0109375 0.05625
1 0.60625 0.23671875 0.015625 0.0375
1 0.59921875 0.165625 0.0171875 0.06875
1 0.525 0.13203125 0.0140625 0.06875
1 0.51796875 0.23359375 0.0109375 0.053125
1 0.5 0.2015625 0.0203125 0.05625
1 0.47578125 0.25546875 0.0140625 0.05625
1 0.3984375 0.20390625 0.009375 0.05625
1 0.55234375 0.290625 0.0140625 0.046875
1 0.35234375 0.3140625 0.0078125 0.04375
1 0.14453125 0.121875 0.0140625 0.0640625
1 0.1484375 0.153125 0.0171875 0.05625
1 0.15 0.209375 0.0125 0.059375
1 0.67578125 0.19140625 0.0140625 0.0515625
1 0.678125 0.09140625 0.0140625 0.059375
1 0.87109375 0.01171875 0.0171875 0.0234375
1 0.9640625 0.13046875 0.0109375 0.05625
1 0.95546875 0.1671875 0.0125 0.04375
1 0.8515625 0.17578125 0.0109375 0.05
1 0.828125 0.1703125 0.0125 0.0265625
1 0.76953125 0.1265625 0.0140625 0.053125
1 0.7375 0.18359375 0.0140625 0.05
1 0.65 0.78125 0.0234375 0.071875
1 0.51328125 0.84296875 0.01875 0.0671875
1 0.18671875 0.9734375 0.0109375 0.053125
1 0.20234375 0.85390625 0.01875 0.071875
1 0.16484375 0.846875 0.015625 0.065625
1 0.16328125 0.9125 0.0140625 0.053125
1 0.13125 0.90859375 0.015625 0.053125
1 0.09765625 0.9875 0.0109375 0.025
1 0.08203125 0.90546875 0.0109375 0.046875
1 0.08359375 0.88125 0.0125 0.05625
1 0.09375 0.87734375 0.0125 0.0578125
1 0.10703125 0.890625 0.0140625 0.053125
1 0.10546875 0.8609375 0.0140625 0.065625
1 0.1203125 0.86171875 0.0125 0.0625
0 0.92578125 0.7609375 0.00625 0.0125
0 0.88203125 0.99296875 0.0046875 0.0109375
0 0.846875 0.91953125 0.003125 0.0109375
0 0.7609375 0.8109375 0.0046875 0.009375
0 0.67265625 0.703125 0.0046875 0.0109375
1 0.70234375 0.91015625 0.0109375 0.046875
1 0.7359375 0.94140625 0.0140625 0.046875
1 0.78203125 0.96328125 0.009375 0.03125
1 0.83125 0.98515625 0.009375 0.0296875
1 0.7171875 0.97734375 0.0078125 0.034375
1 0.9421875 0.91171875 0.0078125 0.034375
1 0.92421875 0.8859375 0.0078125 0.0375
1 0.9140625 0.93359375 0.00625 0.03125
1 0.88203125 0.88515625 0.0078125 0.040625