1 0.10234375 0.078125 0.028125 0.0890625
1 0.11953125 0.190625 0.021875 0.0734375
1 0.14296875 0.2328125 0.025 0.0703125
1 0.109375 0.31640625 0.0234375 0.0640625
1 0.2296875 0.28515625 0.0203125 0.0640625
0 0.23046875 0.15 0.0078125 0.0140625
0 0.21796875 0.2578125 0.0078125 0.0109375
0 0.29375 0.0421875 0.0078125 0.0140625
0 0.1671875 0.03125 0.009375 0.0140625
1 0.4625 0.06484375 0.0125 0.0953125
1 0.83046875 0.33984375 0.0265625 0.0203125
1 0.5015625 0.3375 0.03125 0.025
1 0.4890625 0.33359375 0.028125 0.0328125
1 0.45234375 0.3765625 0.0265625 0.053125
1 0.196875 0.53046875 0.01875 0.0453125
1 0.13203125 0.4625 0.0234375 0.0609375
1 0.16484375 0.37109375 0.0234375 0.0421875
1 0.25703125 0.528125 0.015625 0.0515625
1 0.43515625 0.54296875 0.0171875 0.0484375
1 0.37421875 0.425 0.0234375 0.0625
1 0.3125 0.43359375 0.0203125 0.0625
1 0.6390625 0.959375 0.0265625 0.0734375
1 0.6765625 0.95703125 0.0234375 0.0671875
1 0.753125 0.9859375 0.01875 0.028125
1 0.7421875 0.98359375 0.01875 0.0328125
1 0.72734375 0.98984375 0.0203125 0.0203125
1 0.7328125 0.97265625 0.021875 0.0546875
1 0.71875 0.97265625 0.01875 0.0546875