1 0.52109375 0.20625 0.0875 0.01875
1 0.34921875 0.0578125 0.06875 0.025
1 0.27109375 0.05234375 0.065625 0.0140625
1 0.2703125 0.075 0.053125 0.0140625
1 0.2296875 0.0953125 0.04375 0.0171875
1 0.2390625 0.13671875 0.046875 0.0171875
1 0.16875 0.11953125 0.0375 0.0109375
0 0.5578125 0.06015625 0.0140625 0.00625
0 0.35 0.08671875 0.0140625 0.0046875
1 0.9484375 0.015625 0.059375 0.0171875
1 0.89921875 0.04453125 0.059375 0.0171875
1 0.93359375 0.06640625 0.053125 0.0171875
1 0.94296875 0.21328125 0.053125 0.0171875
1 0.91015625 0.21953125 0.059375 0.0109375
1 0.8828125 0.1875 0.059375 0.0109375
1 0.8703125 0.1765625 0.0625 0.0140625
1 0.8828125 0.1453125 0.053125 0.0109375
0 0.2078125 0.525 0.0234375 0.0140625
1 0.21484375 0.23359375 0.0515625 0.0078125
1 0.37265625 0.24140625 0.0734375 0.0234375
1 0.34765625 0.2546875 0.065625 0.0203125
1 0.23046875 0.303125 0.065625 0.0171875
1 0.3109375 0.43203125 0.065625 0.0234375
1 0.38125 0.45390625 0.065625 0.0203125
1 0.415625 0.4578125 0.071875 0.021875
1 0.3078125 0.52109375 0.071875 0.01875
1 0.20859375 0.5046875 0.0640625 0.0140625
1 0.1765625 0.50546875 0.053125 0.0140625
1 0.27890625 0.6625 0.05625 0.0140625
1 0.3328125 0.67109375 0.06875 0.021875
1 0.3578125 0.70703125 0.065625 0.01875
1 0.484375 0.71953125 0.0734375 0.028125
1 0.94609375 0.45078125 0.053125 0.0109375
1 0.98046875 0.4171875 0.0390625 0.0125
1 0.9890625 0.52109375 0.021875 0.0140625
1 0.98046875 0.5203125 0.0390625 0.009375
1 0.97265625 0.4890625 0.053125 0.0109375
1 0.97265625 0.47578125 0.0546875 0.0109375
1 0.94765625 0.55 0.05 0.0125
1 0.96015625 0.55390625 0.046875 0.0140625
1 0.9234375 0.5765625 0.040625 0.0109375
1 0.9875 0.66328125 0.025 0.0140625
1 0.9828125 0.70546875 0.034375 0.0171875