1 0.3 0.40703125 0.0890625 0.034375
1 0.18671875 0.4140625 0.0734375 0.028125
1 0.14296875 0.434375 0.0703125 0.03125
1 0.0625 0.39375 0.0640625 0.0296875
1 0.01171875 0.42265625 0.0234375 0.0234375
1 0.17265625 0.21953125 0.071875 0.0375
1 0.09921875 0.19453125 0.0671875 0.0265625
1 0.09140625 0.215625 0.0546875 0.0234375
1 0.04765625 0.225 0.046875 0.025
1 0.04609375 0.2671875 0.0484375 0.025
1 0.0421875 0.11484375 0.0421875 0.021875
1 0.06484375 0.07265625 0.0515625 0.0203125
1 0.1046875 0.0328125 0.0515625 0.021875
1 0.215625 0.03515625 0.0703125 0.028125
0 0.34609375 0.02734375 0.0140625 0.0109375
0 0.309375 0.1625 0.015625 0.0125
0 0.3734375 0.27578125 0.015625 0.009375
0 0.48046875 0.32109375 0.015625 0.009375
0 0.14921875 0.059375 0.0125 0.0078125
0 0.1078125 0.12421875 0.0125 0.0078125
0 0.16640625 0.24765625 0.0140625 0.0078125
0 0.34140625 0.475 0.0140625 0.009375
1 0.97890625 0.4578125 0.0421875 0.025
1 0.99453125 0.17265625 0.0109375 0.0203125
1 0.98046875 0.3484375 0.0390625 0.021875
1 0.36328125 0.55234375 0.0625 0.0265625
1 0.34140625 0.6640625 0.0515625 0.021875
1 0.390625 0.77109375 0.0625 0.03125
1 0.25859375 0.7453125 0.05625 0.021875
1 0.28125 0.8171875 0.0546875 0.025
1 0.38671875 0.9171875 0.0578125 0.025
1 0.50625 0.99375 0.046875 0.0125
1 0.51875 0.81640625 0.021875 0.0296875
1 0.53671875 0.91640625 0.0140625 0.0296875
1 0.6578125 0.99296875 0.078125 0.0140625
1 0.75859375 0.9265625 0.084375 0.0375
1 0.66015625 0.60859375 0.0578125 0.028125
1 0.703125 0.6109375 0.059375 0.03125
1 0.76875 0.74609375 0.078125 0.034375