1 0.0640625 0.07265625 0.025 0.0640625
1 0.00390625 0.29296875 0.0078125 0.0421875
0 0.0171875 0.2453125 0.0046875 0.0078125
0 0.0640625 0.3296875 0.0046875 0.009375
1 0.14140625 0.184375 0.0234375 0.0578125
1 0.146875 0.03984375 0.0234375 0.040625
1 0.24140625 0.303125 0.01875 0.040625
1 0.86484375 0.06640625 0.0265625 0.0578125
1 0.8265625 0.1015625 0.01875 0.0453125
1 0.753125 0.09453125 0.01875 0.0453125
1 0.83515625 0.1671875 0.0171875 0.0421875
1 0.8828125 0.17734375 0.01875 0.0359375
1 0.9765625 0.12109375 0.021875 0.0515625
1 0.7265625 0.0125 0.025 0.025
1 0.67734375 0.03828125 0.0203125 0.0515625
1 0.6234375 0.02421875 0.021875 0.0484375
1 0.57734375 0.00703125 0.0203125 0.0140625
1 0.55390625 0.11484375 0.0171875 0.0328125
1 0.47890625 0.04140625 0.015625 0.04375
1 0.42734375 0.0375 0.0171875 0.0390625
1 0.42109375 0.07265625 0.0171875 0.0390625
1 0.40625 0.01015625 0.015625 0.0203125
1 0.38359375 0.02265625 0.0203125 0.0453125
0 0.59296875 0.03203125 0.0109375 0.0140625
0 0.0625 0.9484375 0.0078125 0.0109375
1 0.18046875 0.91640625 0.025 0.0640625
1 0.1296875 0.67890625 0.03125 0.078125
1 0.065625 0.96796875 0.01875 0.0484375
1 0.2625 0.90546875 0.00625 0.0609375
1 0.2671875 0.82578125 0.015625 0.0765625
1 0.94609375 0.98203125 0.0265625 0.0359375
1 0.7671875 0.975 0.025 0.05
1 0.65390625 0.98203125 0.0203125 0.0359375
1 0.55625 0.98359375 0.01875 0.0328125
1 0.53359375 0.915625 0.0234375 0.0546875
1 0.54375 0.7984375 0.0265625 0.06875
1 0.4234375 0.96953125 0.0265625 0.0578125
1 0.38671875 0.9546875 0.025 0.0515625