1 0.15703125 0.19453125 0.0546875 0.0234375
1 0.23515625 0.1703125 0.053125 0.0203125
1 0.28984375 0.1953125 0.053125 0.0203125
1 0.334375 0.23125 0.0453125 0.01875
1 0.2765625 0.2328125 0.0390625 0.0171875
1 0.18125 0.36953125 0.059375 0.021875
1 0.26484375 0.34609375 0.046875 0.01875
1 0.340625 0.34609375 0.034375 0.0171875
1 0.32578125 0.45 0.0375 0.0140625
1 0.3421875 0.45 0.034375 0.0140625
1 0.2578125 0.24296875 0.0375 0.0140625
1 0.39609375 0.3046875 0.03125 0.0125
1 0.3890625 0.284375 0.028125 0.0125
1 0.4296875 0.50546875 0.0296875 0.0140625
1 0.3609375 0.51875 0.040625 0.0171875
0 0.31484375 0.0875 0.009375 0.00625
0 0.29453125 0.1578125 0.0046875 0.0046875
0 0.3328125 0.178125 0.0078125 0.0046875
0 0.20234375 0.234375 0.009375 0.0046875
0 0.2515625 0.40390625 0.009375 0.0046875
0 0.2359375 0.4640625 0.0109375 0.0078125
0 0.28203125 0.52890625 0.009375 0.0046875
0 0.3484375 0.3984375 0.009375 0.00625
0 0.32734375 0.28125 0.009375 0.00625
0 0.24296875 0.1265625 0.0078125 0.0046875
1 0.28671875 0.01171875 0.0390625 0.0171875
1 0.8828125 0.49921875 0.06875 0.0328125
1 0.84375 0.50234375 0.0484375 0.0234375
1 0.81796875 0.47265625 0.053125 0.028125
1 0.81328125 0.3453125 0.059375 0.034375
1 0.69140625 0.328125 0.0609375 0.028125
1 0.58828125 0.35078125 0.0390625 0.0390625
1 0.61796875 0.2203125 0.0546875 0.025
1 0.80234375 0.1390625 0.053125 0.028125
1 0.86328125 0.25234375 0.0546875 0.0265625
1 0.95546875 0.2640625 0.0546875 0.0265625
1 0.98125 0.234375 0.0375 0.01875
1 0.98515625 0.34296875 0.0296875 0.0234375
1 0.95 0.3703125 0.0515625 0.0265625
1 0.88984375 0.38828125 0.0515625 0.0234375
1 0.8765625 0.3671875 0.0484375 0.0203125
1 0.49609375 0.575 0.0828125 0.03125
1 0.79765625 0.63828125 0.071875 0.0375
1 0.875 0.62890625 0.0671875 0.0265625
1 0.871875 0.60625 0.0546875 0.0234375
1 0.9078125 0.57890625 0.046875 0.025
1 0.9609375 0.675 0.0421875 0.021875
1 0.959375 0.7234375 0.0515625 0.0203125
1 0.940625 0.7765625 0.0515625 0.021875
1 0.85859375 0.8640625 0.0515625 0.0265625
1 0.83984375 0.82265625 0.0703125 0.028125
1 0.72734375 0.95390625 0.08125 0.0375
0 0.72578125 0.88671875 0.0140625 0.0109375
0 0.7 0.74921875 0.015625 0.0125
0 0.5921875 0.67578125 0.015625 0.009375
0 0.8890625 0.771875 0.0125 0.0078125
0 0.89765625 0.6953125 0.0125 0.0078125
0 0.79140625 0.61015625 0.0140625 0.0078125