1 0.03828125 0.0296875 0.04375 0.009375
1 0.0953125 0.01796875 0.0375 0.009375
1 0.21875 0.1296875 0.059375 0.009375
1 0.13203125 0.12578125 0.0453125 0.009375
1 0.05859375 0.14296875 0.0328125 0.009375
1 0.09609375 0.240625 0.0375 0.00625
1 0.08046875 0.24453125 0.034375 0.00625
1 0.115625 0.0234375 0.0375 0.00625
1 0.00546875 0.1140625 0.0109375 0.00625
1 0.00546875 0.09375 0.0109375 0.00625
0 0.16796875 0.003125 0.009375 0.003125
0 0.1578125 0.17890625 0.009375 0.003125
0 0.18671875 0.234375 0.009375 0.00625
0 0.0625 0.1953125 0.0078125 0.0046875
0 0.05625 0.0765625 0.0078125 0.0046875
1 0.4890625 0.19609375 0.08125 0.025
1 0.221875 0.94765625 0.05625 0.0140625
1 0.1796875 0.9484375 0.0359375 0.0140625
1 0.18515625 0.85625 0.05 0.0125
1 0.14296875 0.85703125 0.0375 0.009375
1 0.34296875 0.8453125 0.0734375 0.015625
1 0.31484375 0.68515625 0.05625 0.0140625
1 0.26875 0.684375 0.0546875 0.009375
1 0.2359375 0.69765625 0.0625 0.0125
1 0.225 0.71328125 0.0609375 0.0125
1 0.18984375 0.71796875 0.053125 0.009375
1 0.1734375 0.74375 0.04375 0.009375
1 0.15625 0.73515625 0.040625 0.009375
1 0.19453125 0.64765625 0.05 0.0125
1 0.22734375 0.625 0.05625 0.0109375
1 0.22734375 0.5953125 0.0578125 0.009375
1 0.303125 0.56328125 0.0671875 0.0125
1 0.80859375 0.92421875 0.04375 0.0109375
1 0.9296875 0.8625 0.0578125 0.0125
1 0.9578125 0.76328125 0.05625 0.0109375
1 0.9 0.8015625 0.04375 0.0125
1 0.875 0.7375 0.0515625 0.0125
1 0.8625 0.65546875 0.04375 0.0125
1 0.8859375 0.60234375 0.0390625 0.0078125
1 0.81796875 0.57734375 0.040625 0.0125
1 0.9640625 0.51015625 0.053125 0.0078125
1 0.97109375 0.50546875 0.046875 0.009375
1 0.921875 0.4703125 0.053125 0.0125
1 0.87578125 0.4765625 0.046875 0.009375
1 0.9265625 0.39375 0.053125 0.0125
1 0.9921875 0.9421875 0.015625 0.01875