0 0.11953125 0.246875 0.0046875 0.009375
0 0.02421875 0.14375 0.003125 0.0109375
0 0.1046875 0.0796875 0.00625 0.009375
0 0.08515625 0.00625 0.003125 0.009375
0 0.17109375 0.01953125 0.0046875 0.009375
0 0.23515625 0.10234375 0.003125 0.009375
0 0.20859375 0.17890625 0.00625 0.0078125
0 0.228125 0.0171875 0.0046875 0.00625
0 0.309375 0.05703125 0.003125 0.00625
0 0.3390625 0.00078125 0.003125 0.0015625
1 0.06953125 0.0703125 0.009375 0.040625
1 0.109375 0.1546875 0.0125 0.0546875
1 0.15078125 0.1125 0.0125 0.046875
1 0.2078125 0.11953125 0.0125 0.0453125
1 0.2578125 0.14765625 0.0125 0.053125
1 0.2609375 0.01796875 0.00625 0.034375
1 0.3453125 0.0734375 0.0078125 0.04375
1 0.3875 0.13984375 0.003125 0.0453125
1 0.371875 0.17265625 0.015625 0.053125
1 0.09609375 0.20859375 0.0140625 0.053125
0 0.59453125 0.36875 0.0109375 0.0234375
1 0.46640625 0.02890625 0.0328125 0.0578125
1 0.446875 0.08359375 0.025 0.0734375
1 0.40625 0.2328125 0.0234375 0.0828125
1 0.61640625 0.3453125 0.0328125 0.0859375
1 0.64921875 0.3421875 0.0328125 0.08125
1 0.6890625 0.45 0.0359375 0.0859375
1 0.6609375 0.1828125 0.028125 0.0640625
1 0.76875 0.0140625 0.025 0.028125
1 0.99609375 0.02890625 0.0078125 0.0578125
1 0.140625 0.6734375 0.028125 0.0875
1 0.42890625 0.79921875 0.0203125 0.078125
1 0.50546875 0.69765625 0.015625 0.053125
1 0.52578125 0.61171875 0.015625 0.05
1 0.53984375 0.6203125 0.01875 0.046875
1 0.53359375 0.5859375 0.0140625 0.034375
1 0.61015625 0.59765625 0.0109375 0.04375
1 0.63515625 0.62890625 0.0125 0.0453125
1 0.62890625 0.66796875 0.0140625 0.0515625
1 0.6546875 0.596875 0.0140625 0.040625
1 0.74609375 0.69453125 0.015625 0.05625
1 0.7953125 0.72578125 0.01875 0.0578125
1 0.78984375 0.68125 0.015625 0.0640625
1 0.76875 0.65390625 0.015625 0.0515625
1 0.7671875 0.64296875 0.0125 0.05625