0 0.02890625 0.2671875 0.0046875 0.009375
0 0.13125 0.3640625 0.003125 0.0109375
0 0.23125 0.33671875 0.0046875 0.0109375
0 0.1390625 0.5125 0.003125 0.009375
0 0.215625 0.459375 0.003125 0.0078125
0 0.05546875 0.43359375 0.00625 0.009375
0 0.0796875 0.50546875 0.003125 0.009375
1 0.23828125 0.49375 0.009375 0.034375
1 0.190625 0.496875 0.009375 0.040625
1 0.196875 0.39453125 0.0140625 0.053125
1 0.19765625 0.290625 0.0171875 0.05
1 0.16796875 0.43125 0.0109375 0.0453125
1 0.09140625 0.440625 0.0078125 0.040625
1 0.0453125 0.359375 0.0109375 0.0546875
1 0.00703125 0.40390625 0.0109375 0.046875
1 0.05546875 0.3046875 0.0125 0.053125
1 0.31640625 0.41796875 0.0140625 0.05
1 0.98515625 0.34453125 0.0109375 0.0375
1 0.9078125 0.4078125 0.0125 0.034375
1 0.9078125 0.3609375 0.0109375 0.04375
1 0.86484375 0.40859375 0.0109375 0.040625
1 0.80859375 0.4171875 0.0109375 0.040625
1 0.79921875 0.453125 0.0125 0.0375
1 0.86484375 0.27109375 0.0171875 0.053125
1 0.83046875 0.18203125 0.0125 0.05
1 0.721875 0.33203125 0.0171875 0.05
1 0.6609375 0.48203125 0.0078125 0.040625
1 0.6203125 0.2640625 0.0171875 0.05625
1 0.4921875 0.325 0.0140625 0.05
1 0.55859375 0.078125 0.025 0.06875
1 0.52734375 0.478125 0.0140625 0.0453125
1 0.4765625 0.4890625 0.0125 0.040625
1 0.21328125 0.97109375 0.0109375 0.0578125
1 0.203125 0.98203125 0.015625 0.0359375
1 0.18984375 0.95546875 0.0140625 0.059375
0 0.71953125 0.96875 0.0125 0.025
1 0.89140625 0.9625 0.0203125 0.06875
1 0.96640625 0.8390625 0.0234375 0.065625
1 0.9546875 0.753125 0.0265625 0.071875
1 0.8609375 0.7859375 0.0203125 0.06875
1 0.76328125 0.8984375 0.0140625 0.0625
1 0.58125 0.9296875 0.0234375 0.065625
1 0.525 0.8484375 0.0234375 0.06875
1 0.4765625 0.85390625 0.0203125 0.065625
1 0.4546875 0.9640625 0.0140625 0.0625
1 0.68671875 0.97734375 0.0140625 0.0453125