0 0.28984375 0.5859375 0.0046875 0.009375
0 0.1828125 0.4953125 0.003125 0.0109375
0 0.084375 0.528125 0.0046875 0.0109375
0 0.1671875 0.34765625 0.003125 0.009375
0 0.09296875 0.40390625 0.003125 0.0078125
0 0.25546875 0.421875 0.00625 0.009375
0 0.2265625 0.35078125 0.003125 0.009375
0 0.3140625 0.3546875 0.0046875 0.009375
0 0.38671875 0.428125 0.003125 0.009375
0 0.3703125 0.5078125 0.00625 0.0078125
0 0.36953125 0.3453125 0.0046875 0.00625
0 0.45546875 0.37421875 0.003125 0.00625
0 0.478125 0.31328125 0.003125 0.00625
1 0.06875 0.371875 0.0125 0.034375
1 0.11640625 0.365625 0.0125 0.040625
1 0.115625 0.46875 0.015625 0.053125
1 0.12109375 0.57265625 0.01875 0.0515625
1 0.14296875 0.4296875 0.0125 0.0453125
1 0.21875 0.41640625 0.0109375 0.040625
1 0.26875 0.4953125 0.0125 0.0546875
1 0.3046875 0.44921875 0.0125 0.046875
1 0.36171875 0.44921875 0.0125 0.0453125
1 0.41484375 0.47109375 0.0125 0.053125
1 0.40234375 0.3421875 0.0078125 0.034375
1 0.49296875 0.38671875 0.009375 0.04375
1 0.26171875 0.55078125 0.0140625 0.053125
0 0.5171875 0.36875 0.0046875 0.009375
0 0.6828125 0.48203125 0.0078125 0.0125
0 0.64375 0.35234375 0.00625 0.0125
0 0.72578125 0.27265625 0.0046875 0.009375
0 0.55234375 0.209375 0.0046875 0.009375
0 0.54296875 0.06875 0.0046875 0.009375
0 0.7796875 0.19921875 0.00625 0.009375
1 0.51328125 0.2140625 0.0078125 0.040625
1 0.58046875 0.1359375 0.0125 0.046875
1 0.59609375 0.2515625 0.0140625 0.05
1 0.6171875 0.16953125 0.0125 0.040625
1 0.60546875 0.0796875 0.0078125 0.03125
1 0.62265625 0.02734375 0.00625 0.028125
1 0.69296875 0.10703125 0.0140625 0.0359375
1 0.74296875 0.1015625 0.0125 0.0375
1 0.84453125 0.05859375 0.009375 0.028125
1 0.89296875 0.1734375 0.015625 0.0453125
1 0.91796875 0.18984375 0.01875 0.0546875
1 0.9375 0.13515625 0.0140625 0.05
1 0.8859375 0.0640625 0.0125 0.034375
1 0.1453125 0.9765625 0.01875 0.046875
1 0.13125 0.97109375 0.015625 0.0515625
1 0.009375 0.95859375 0.015625 0.053125
1 0.0703125 0.93203125 0.0203125 0.0578125
1 0.0953125 0.90625 0.015625 0.05625
1 0.184375 0.83671875 0.0109375 0.0453125
1 0.2546875 0.83828125 0.0125 0.0453125
1 0.334375 0.9 0.0125 0.05625
1 0.240625 0.98046875 0.015625 0.0390625
1 0.30234375 0.978125 0.0171875 0.04375
1 0.42421875 0.91015625 0.0140625 0.053125
1 0.4 0.8046875 0.0125 0.0515625
1 0.5046875 0.984375 0.009375 0.03125
1 0.8359375 0.77421875 0.0234375 0.0609375
1 0.63203125 0.72734375 0.01875 0.0546875