0 0.05625 0.228125 0.009375 0.00625
0 0.003125 0.4765625 0.00625 0.003125
1 0.009375 0.034375 0.01875 0.0125
1 0.03671875 0.17265625 0.0328125 0.009375
1 0.03828125 0.30625 0.0375 0.0109375
1 0.0484375 0.35625 0.040625 0.0109375
1 0.915625 0.0015625 0.0375 0.003125
1 0.878125 0.0375 0.0453125 0.015625
1 0.90234375 0.1625 0.0453125 0.015625
1 0.9015625 0.1890625 0.040625 0.0109375
1 0.8359375 0.1921875 0.040625 0.0078125
1 0.865625 0.21484375 0.046875 0.015625
1 0.90625 0.225 0.053125 0.0125
1 0.865625 0.25234375 0.0484375 0.015625
1 0.88671875 0.3421875 0.04375 0.0140625
1 0.8984375 0.35703125 0.0484375 0.015625
1 0.88984375 0.38125 0.04375 0.009375
1 0.89140625 0.3921875 0.0484375 0.015625
1 0.86875 0.4296875 0.04375 0.0171875
1 0.821875 0.39765625 0.0453125 0.015625
1 0.7734375 0.0671875 0.059375 0.0140625
1 0.746875 0.22421875 0.0125 0.0078125
1 0.7171875 0.1640625 0.0125 0.00625
0 0.8046875 0.21328125 0.009375 0.0046875
0 0.8046875 0.30390625 0.0125 0.00625
0 0.71953125 0.2546875 0.009375 0.0078125
0 0.83828125 0.35234375 0.009375 0.0046875
0 0.834375 0.078125 0.0125 0.00625
0 0.6796875 0.0484375 0.0125 0.0046875
1 0.01171875 0.7609375 0.0234375 0.0125
1 0.065625 0.80078125 0.040625 0.0109375
1 0.009375 0.56640625 0.01875 0.0109375
0 0.00859375 0.50234375 0.0140625 0.0046875
0 0.07890625 0.634375 0.015625 0.0078125
0 0.053125 0.90625 0.0140625 0.00625
0 0.03515625 0.9984375 0.0109375 0.003125
0 0.39453125 0.521875 0.0234375 0.015625
1 0.56171875 0.49921875 0.059375 0.01875
1 0.440625 0.509375 0.0703125 0.0265625
1 0.52109375 0.62265625 0.053125 0.0171875
1 0.7203125 0.65078125 0.0515625 0.0203125
1 0.7484375 0.525 0.053125 0.01875
1 0.8328125 0.48828125 0.053125 0.0171875
1 0.86875 0.50859375 0.040625 0.0109375
1 0.6953125 0.846875 0.05625 0.01875
1 0.73125 0.90859375 0.053125 0.01875