0 0.21953125 0.47265625 0.0078125 0.0140625
0 0.27734375 0.40234375 0.00625 0.009375
0 0.34765625 0.421875 0.0078125 0.009375
0 0.5109375 0.446875 0.0046875 0.0125
0 0.4515625 0.33828125 0.0078125 0.0109375
0 0.36640625 0.35546875 0.0046875 0.009375
0 0.27578125 0.28046875 0.0078125 0.0109375
0 0.5296875 0.30390625 0.0046875 0.009375
1 0.00390625 0.46640625 0.0078125 0.0390625
1 0.03203125 0.4109375 0.0203125 0.046875
1 0.08828125 0.3921875 0.015625 0.040625
1 0.090625 0.35859375 0.0171875 0.0359375
1 0.2234375 0.30625 0.0140625 0.034375
1 0.184375 0.45859375 0.021875 0.0453125
1 0.29453125 0.49609375 0.0234375 0.0265625
1 0.41328125 0.4375 0.021875 0.0578125
1 0.35625 0.28828125 0.015625 0.0390625
1 0.4046875 0.27265625 0.015625 0.0421875
1 0.63203125 0.40703125 0.021875 0.0640625
1 0.65 0.41171875 0.015625 0.05625
1 0.6859375 0.3078125 0.00625 0.05625
0 0.73671875 0.4296875 0.00625 0.0078125
0 0.7515625 0.3546875 0.0078125 0.0125
0 0.79765625 0.321875 0.00625 0.009375
0 0.865625 0.4484375 0.0078125 0.0125
0 0.92578125 0.4109375 0.0078125 0.0109375
0 0.940625 0.2984375 0.0078125 0.0140625
1 0.7671875 0.475 0.0234375 0.0484375
1 0.77734375 0.3890625 0.0171875 0.0453125
1 0.8375 0.5 0.028125 0.01875
1 0.86015625 0.35703125 0.0203125 0.0515625
1 0.88359375 0.3953125 0.021875 0.0484375
1 0.95625 0.46484375 0.021875 0.0546875
1 0.96328125 0.39921875 0.0203125 0.0484375
1 0.98984375 0.39609375 0.0171875 0.0484375
1 0.98046875 0.365625 0.0140625 0.0390625
1 0.9734375 0.3390625 0.0125 0.0375
1 0.2875 0.51796875 0.01875 0.0171875
1 0.0765625 0.55078125 0.0234375 0.0640625
1 0.21328125 0.7515625 0.028125 0.078125
1 0.9109375 0.62734375 0.0265625 0.0625
1 0.9875 0.7765625 0.025 0.078125
1 0.9078125 0.8734375 0.034375 0.0828125
1 0.72734375 0.87421875 0.0296875 0.078125