0 0.6671875 0.63046875 0.0125 0.0078125
0 0.51640625 0.56875 0.009375 0.0078125
0 0.53125 0.5046875 0.0078125 0.00625
0 0.59921875 0.43046875 0.0125 0.0078125
0 0.46796875 0.44453125 0.0140625 0.00625
0 0.41484375 0.37109375 0.009375 0.00625
0 0.45234375 0.30703125 0.0078125 0.00625
0 0.56328125 0.30625 0.0046875 0.0046875
0 0.6484375 0.20703125 0.0078125 0.0046875
0 0.51875 0.15625 0.0125 0.0046875
0 0.3984375 0.1859375 0.009375 0.0078125
0 0.39296875 0.27265625 0.009375 0.0046875
0 0.296875 0.33984375 0.009375 0.0078125
0 0.38515625 0.1015625 0.009375 0.0046875
1 0.49453125 0.62578125 0.0484375 0.01875
1 0.58515625 0.5984375 0.0484375 0.01875
1 0.40625 0.65546875 0.0390625 0.0140625
1 0.359375 0.61015625 0.046875 0.015625
1 0.35546875 0.65234375 0.0328125 0.015625
1 0.35625 0.55078125 0.0390625 0.0125
1 0.32421875 0.5390625 0.0359375 0.0140625
1 0.30859375 0.39765625 0.0328125 0.0109375
1 0.4453125 0.475 0.0453125 0.0171875
1 0.525 0.38203125 0.0546875 0.01875
1 0.70390625 0.3375 0.0296875 0.025
1 0.696875 0.1875 0.04375 0.021875
1 0.484375 0.2484375 0.0578125 0.0171875
1 0.32578125 0.26484375 0.0375 0.0125
1 0.3234375 0.2140625 0.040625 0.0125
1 0.51171875 0.0296875 0.0625 0.015625
1 0.52109375 0.01328125 0.05625 0.0109375
1 0.73203125 0.44609375 0.0265625 0.0203125
1 0.86015625 0.67578125 0.0703125 0.0078125
1 0.40078125 0.6859375 0.0890625 0.0125
1 0.221875 0.8203125 0.0703125 0.028125
1 0.14375 0.821875 0.0671875 0.01875
1 0.14375 0.79921875 0.0546875 0.0171875
1 0.1046875 0.7765625 0.0453125 0.01875
1 0.11640625 0.7359375 0.0484375 0.0203125
1 0.0453125 0.74921875 0.0375 0.0125
1 0.065625 0.8796875 0.0421875 0.015625
1 0.0734375 0.9265625 0.05 0.0140625
1 0.1 0.97734375 0.05 0.015625
0 0.334375 0.91640625 0.0140625 0.0109375
0 0.43046875 0.82890625 0.0140625 0.0078125
0 0.54609375 0.81953125 0.0140625 0.0078125
0 0.15 0.965625 0.0109375 0.0078125
0 0.13125 0.89140625 0.0109375 0.0078125
0 0.22421875 0.7921875 0.0140625 0.00625
1 0.77265625 0.68359375 0.0578125 0.0078125
1 0.76953125 0.7453125 0.0515625 0.0171875
1 0.91796875 0.6875 0.0703125 0.015625
1 0.93671875 0.96796875 0.0515625 0.021875
1 0.83515625 0.99453125 0.0578125 0.0109375
1 0.73828125 0.89140625 0.0390625 0.0140625
1 0.73828125 0.8625 0.0390625 0.015625
0 0.8421875 0.83359375 0.009375 0.00625
0 0.91796875 0.9234375 0.0125 0.0078125