1 0.05234375 0.234375 0.0578125 0.0234375
1 0.06484375 0.1703125 0.0515625 0.021875
1 0.265625 0.05390625 0.0421875 0.01875
1 0.1140625 0.02890625 0.0421875 0.01875
1 0.11328125 0.05703125 0.0484375 0.0203125
1 0.26484375 0.1296875 0.04375 0.0171875
0 0.19609375 0.0328125 0.0125 0.0078125
0 0.00390625 0.0734375 0.0078125 0.00625
0 0.08125 0.31796875 0.0125 0.0078125
1 0.11015625 0.41328125 0.0484375 0.025
1 0.76953125 0.12109375 0.0453125 0.0203125
1 0.63828125 0.15625 0.059375 0.025
1 0.58984375 0.246875 0.0578125 0.021875
1 0.6546875 0.221875 0.0453125 0.021875
1 0.665625 0.28984375 0.053125 0.0234375
1 0.6609375 0.37265625 0.0453125 0.021875
1 0.6265625 0.41953125 0.0390625 0.015625
1 0.52421875 0.24296875 0.0546875 0.021875
1 0.4828125 0.42734375 0.053125 0.0046875
1 0.4515625 0.34765625 0.059375 0.021875
1 0.5703125 0.06015625 0.0640625 0.03125
0 0.42890625 0.33515625 0.0203125 0.0109375
1 0.15859375 0.51640625 0.0625 0.03125
1 0.11796875 0.73515625 0.0609375 0.0296875
1 0.13203125 0.9640625 0.0515625 0.0203125
1 0.153125 0.959375 0.0453125 0.0234375
1 0.15078125 0.890625 0.0484375 0.0234375
1 0.64765625 0.74765625 0.0421875 0.0171875
1 0.6421875 0.7671875 0.034375 0.0125
1 0.590625 0.82265625 0.0421875 0.01875
1 0.54609375 0.859375 0.05 0.01875
1 0.49375 0.88671875 0.0484375 0.01875
1 0.4125 0.86328125 0.05625 0.0203125
1 0.51171875 0.815625 0.046875 0.0171875
1 0.534375 0.82265625 0.0421875 0.0171875
1 0.5921875 0.70703125 0.0421875 0.0171875
1 0.51640625 0.70859375 0.0484375 0.01875
1 0.43828125 0.6890625 0.0609375 0.025
1 0.5765625 0.6046875 0.040625 0.015625
1 0.59140625 0.60390625 0.0390625 0.015625
1 0.68203125 0.54765625 0.0296875 0.0125
1 0.609375 0.5359375 0.0484375 0.01875
1 0.52578125 0.465625 0.059375 0.025
1 0.6515625 0.45 0.0453125 0.0203125
0 0.59765625 0.6546875 0.0109375 0.00625