1 0.01875 0.28359375 0.0203125 0.0515625
1 0.2546875 0.13671875 0.025 0.0515625
1 0.28046875 0.23984375 0.0296875 0.059375
1 0.434375 0.26171875 0.025 0.0578125
1 0.51640625 0.296875 0.021875 0.0421875
1 0.5609375 0.30390625 0.025 0.0453125
1 0.54609375 0.41484375 0.025 0.0578125
1 0.52734375 0.425 0.021875 0.0609375
1 0.475 0.52109375 0.0171875 0.0484375
1 0.41484375 0.3765625 0.0203125 0.0546875
1 0.3984375 0.37265625 0.01875 0.0515625
1 0.30859375 0.56796875 0.0125 0.0375
1 0.1421875 0.48046875 0.0171875 0.0421875
1 0.16171875 0.328125 0.0171875 0.0421875
1 0.1328125 0.328125 0.01875 0.0484375
1 0.06640625 0.48203125 0.015625 0.04375
0 0.59453125 0.06015625 0.0078125 0.0140625
0 0.46640625 0.146875 0.0046875 0.0109375
0 0.4453125 0.32578125 0.0078125 0.0109375
0 0.4203125 0.49609375 0.0078125 0.0140625
0 0.321875 0.45546875 0.009375 0.015625
0 0.35078125 0.3015625 0.0078125 0.0125
0 0.228125 0.3546875 0.0078125 0.0109375
0 0.1609375 0.41015625 0.00625 0.0125
0 0.1125 0.21875 0.00625 0.009375
0 0.20859375 0.15078125 0.0078125 0.0140625
0 0.321875 0.0578125 0.0109375 0.0109375
0 0.05859375 0.03671875 0.009375 0.0140625
1 0.8390625 0.596875 0.01875 0.04375
1 0.96328125 0.375 0.025 0.0734375
1 0.92109375 0.3765625 0.03125 0.071875
1 0.75390625 0.4203125 0.0234375 0.0515625
1 0.6703125 0.46328125 0.021875 0.05625
1 0.6546875 0.37265625 0.009375 0.0578125
0 0.890625 0.4328125 0.0109375 0.0203125
0 0.60390625 0.965625 0.0078125 0.0109375
0 0.56875 0.9015625 0.0078125 0.0109375
0 0.6140625 0.8078125 0.0078125 0.009375
0 0.56796875 0.82734375 0.0078125 0.0125
0 0.553125 0.68671875 0.0078125 0.0109375
0 0.4296875 0.73125 0.0078125 0.0109375
0 0.4921875 0.865625 0.0046875 0.009375
0 0.44140625 0.96640625 0.0078125 0.0078125
0 0.40625 0.8890625 0.00625 0.0078125
0 0.3671875 0.95390625 0.0078125 0.0125
0 0.3125 0.96875 0.00625 0.009375
0 0.2921875 0.8265625 0.0078125 0.0125
0 0.22265625 0.84140625 0.0078125 0.0109375
0 0.1703125 0.9421875 0.0078125 0.0140625
0 0.0953125 0.86015625 0.0046875 0.009375
1 0.56171875 0.97265625 0.021875 0.0390625
1 0.47734375 0.79765625 0.028125 0.059375
1 0.39375 0.8359375 0.0234375 0.0484375
1 0.3546875 0.91328125 0.0171875 0.0453125
1 0.34296875 0.76640625 0.028125 0.0625
1 0.265625 0.91484375 0.0203125 0.0515625
1 0.25625 0.8703125 0.021875 0.0484375
1 0.2125 0.7796875 0.021875 0.0546875
1 0.18359375 0.83984375 0.0203125 0.0484375
1 0.15703125 0.83359375 0.0171875 0.0484375
1 0.15625 0.865625 0.0140625 0.0390625
1 0.153125 0.89296875 0.0125 0.0375
1 0.078125 0.8484375 0.015625 0.046875
1 0.1390625 0.77265625 0.0203125 0.059375
1 0.16953125 0.74296875 0.0234375 0.0671875
1 0.07109375 0.7484375 0.01875 0.0546875
1 0.0421875 0.884375 0.0171875 0.0484375
1 0.6390625 0.7484375 0.021875 0.071875
1 0.3703125 0.7421875 0.0265625 0.0640625
1 0.83671875 0.85625 0.0375 0.08125
1 0.77109375 0.8796875 0.0390625 0.090625