1 0.4 0.121875 0.0265625 0.053125
1 0.3765625 0.22578125 0.03125 0.059375
1 0.22265625 0.25 0.0265625 0.0578125
1 0.14140625 0.28671875 0.0234375 0.0421875
1 0.096875 0.29453125 0.025 0.046875
0 0.059375 0.0515625 0.0078125 0.0140625
0 0.1890625 0.1359375 0.0046875 0.0109375
0 0.21328125 0.31328125 0.0078125 0.0109375
0 0.30703125 0.28828125 0.0078125 0.0125
0 0.446875 0.13515625 0.0078125 0.0140625
0 0.33203125 0.04453125 0.0109375 0.0109375
1 0.75390625 0.30234375 0.0265625 0.0328125
1 0.6734375 0.27890625 0.034375 0.0796875
1 0.6828125 0.165625 0.0359375 0.0921875
1 0.38671875 0.63828125 0.0296875 0.078125
1 0.28828125 0.709375 0.028125 0.0671875
1 0.225 0.6 0.0328125 0.090625
1 0.1828125 0.56640625 0.034375 0.0859375
1 0.1203125 0.6640625 0.0296875 0.0765625
1 0.1046875 0.6609375 0.0265625 0.0796875
1 0.0734375 0.6625 0.0328125 0.075
1 0.08984375 0.71875 0.0296875 0.0765625
1 0.153125 0.71328125 0.015625 0.053125
1 0.1515625 0.66796875 0.034375 0.06875
1 0.17421875 0.709375 0.0234375 0.0609375
1 0.18984375 0.70078125 0.028125 0.0671875
1 0.1765625 0.67421875 0.025 0.0703125
1 0.1984375 0.67265625 0.021875 0.06875
1 0.20546875 0.671875 0.0234375 0.078125
0 0.86484375 0.79296875 0.0171875 0.025
1 0.56875 0.83203125 0.0296875 0.0546875
1 0.47421875 0.775 0.028125 0.0671875
1 0.4625 0.60859375 0.00625 0.0640625
1 0.46640625 0.58671875 0.0140625 0.0828125
1 0.48984375 0.66015625 0.0375 0.071875
1 0.5203125 0.58515625 0.0328125 0.0765625
1 0.5578125 0.6734375 0.0359375 0.0765625
1 0.575 0.696875 0.03125 0.06875
1 0.64140625 0.80546875 0.028125 0.0671875
1 0.75546875 0.7046875 0.034375 0.06875
1 0.7671875 0.63203125 0.03125 0.06875
1 0.765625 0.59765625 0.0328125 0.0734375
1 0.84453125 0.69375 0.0296875 0.0734375
1 0.84453125 0.7953125 0.025 0.065625
1 0.84921875 0.8265625 0.021875 0.0546875
1 0.98828125 0.70078125 0.0234375 0.0578125
1 0.98671875 0.64609375 0.0265625 0.0703125