0 0.06875 0.08125 0.0078125 0.0125
0 0.14453125 0.025 0.0078125 0.0140625
0 0.19296875 0.17890625 0.009375 0.01875
0 0.24453125 0.1390625 0.0078125 0.0109375
0 0.2796875 0.07265625 0.009375 0.0140625
0 0.3953125 0.0765625 0.0078125 0.0140625
0 0.39453125 0.17890625 0.00625 0.0109375
0 0.48046875 0.18984375 0.0078125 0.0125
1 0.175 0.29140625 0.01875 0.0546875
1 0.15078125 0.246875 0.01875 0.0484375
1 0.1171875 0.134375 0.021875 0.0484375
1 0.00546875 0.1265625 0.0109375 0.046875
1 0.1546875 0.08984375 0.03125 0.0625
1 0.3625 0.17265625 0.025 0.0671875
1 0.24765625 0.203125 0.0234375 0.0515625
1 0.2546875 0.2515625 0.0203125 0.0484375
1 0.25078125 0.26953125 0.015625 0.04375
1 0.21796875 0.2734375 0.01875 0.0546875
1 0.20546875 0.26953125 0.01875 0.05625
1 0.271875 0.3109375 0.01875 0.0515625
1 0.278125 0.29921875 0.0203125 0.0484375
1 0.29296875 0.33984375 0.015625 0.0421875
1 0.39453125 0.284375 0.0203125 0.0484375
1 0.434375 0.296875 0.025 0.0578125
1 0.19453125 0.91484375 0.01875 0.0359375
1 0.0328125 0.8875 0.021875 0.0546875
1 0.0359375 0.834375 0.021875 0.0578125
1 0.0828125 0.9078125 0.0171875 0.0484375
1 0.103125 0.915625 0.0171875 0.0484375
1 0.2671875 0.978125 0.01875 0.04375
1 0.36015625 0.99609375 0.0140625 0.0078125
1 0.396875 0.9921875 0.0125 0.015625
1 0.41328125 0.99375 0.0171875 0.0125
1 0.43125 0.9875 0.01875 0.025
1 0.49296875 0.98125 0.0171875 0.0375
1 0.37421875 0.9234375 0.0171875 0.0484375
1 0.37265625 0.9671875 0.0171875 0.05
1 0.39609375 0.97890625 0.015625 0.0390625
1 0.35078125 0.9625 0.015625 0.0390625
1 0.328125 0.90625 0.015625 0.04375
1 0.3234375 0.9171875 0.015625 0.0390625
1 0.2671875 0.928125 0.01875 0.0453125
1 0.25234375 0.84140625 0.0234375 0.065625
1 0.77734375 0.990625 0.0234375 0.01875
1 0.76015625 0.92578125 0.021875 0.0609375
1 0.7109375 0.94375 0.01875 0.0546875
1 0.7359375 0.78203125 0.0328125 0.075
1 0.8828125 0.91484375 0.0296875 0.0625
1 0.971875 0.8578125 0.0234375 0.0625
1 0.94609375 0.64296875 0.0328125 0.071875
1 0.7421875 0.52734375 0.034375 0.0828125