0 0.3390625 0.0328125 0.0109375 0.00625
0 0.27109375 0.0984375 0.0125 0.00625
0 0.415625 0.17109375 0.0171875 0.00625
0 0.36875 0.215625 0.009375 0.00625
0 0.296875 0.2390625 0.0125 0.0078125
0 0.20546875 0.25703125 0.0171875 0.00625
0 0.28359375 0.3546875 0.0125 0.00625
0 0.384375 0.36953125 0.0109375 0.0046875
0 0.38125 0.45625 0.0109375 0.00625
1 0.5296875 0.1703125 0.053125 0.0109375
1 0.4890625 0.13984375 0.046875 0.0125
1 0.38359375 0.08828125 0.046875 0.015625
1 0.334375 0.11875 0.059375 0.0234375
1 0.38359375 0.33671875 0.065625 0.015625
1 0.43125 0.228125 0.05 0.0171875
1 0.478125 0.24296875 0.046875 0.0140625
1 0.496875 0.2421875 0.04375 0.0078125
1 0.50546875 0.21015625 0.053125 0.0109375
1 0.50390625 0.19765625 0.05625 0.0109375
1 0.53359375 0.26953125 0.05 0.0125
1 0.52109375 0.2734375 0.046875 0.0140625
1 0.559375 0.29453125 0.040625 0.009375
1 0.4890625 0.3859375 0.046875 0.0140625
1 0.4953125 0.42734375 0.05625 0.0171875
1 0.6421875 0.0015625 0.046875 0.003125
1 0.6765625 0.02890625 0.0484375 0.0140625
1 0.7125 0.02890625 0.0375 0.0125
1 0.765625 0.07109375 0.040625 0.0125
1 0.76328125 0.08125 0.04375 0.0125
1 0.79609375 0.10859375 0.03125 0.0125
1 0.64296875 0.109375 0.046875 0.0171875
1 0.71796875 0.1265625 0.04375 0.0125
1 0.74609375 0.18828125 0.034375 0.0125
1 0.7671875 0.19140625 0.040625 0.009375
1 0.81796875 0.21171875 0.034375 0.009375
1 0.6703125 0.25546875 0.0484375 0.0140625
1 0.6484375 0.45546875 0.0609375 0.0125
1 0.69921875 0.3484375 0.046875 0.0125
1 0.78203125 0.378125 0.040625 0.0078125
0 0.1046875 0.5609375 0.0234375 0.009375
1 0.57890625 0.52265625 0.0421875 0.0203125
1 0.12890625 0.58125 0.084375 0.0296875
1 0.13515625 0.6140625 0.0796875 0.0296875
1 0.0359375 0.66015625 0.071875 0.0328125
1 0.29453125 0.6140625 0.0625 0.0265625
1 0.490625 0.709375 0.06875 0.0234375
1 0.515625 0.74609375 0.065625 0.0203125
1 0.546875 0.54921875 0.05 0.025
1 0.4765625 0.94609375 0.065625 0.0234375
1 0.5046875 0.953125 0.0625 0.015625
0 0.62578125 0.559375 0.0125 0.00625
0 0.7859375 0.57109375 0.0078125 0.00625
0 0.75546875 0.6046875 0.0109375 0.0046875
0 0.82109375 0.73359375 0.0109375 0.0046875
0 0.74765625 0.76875 0.0109375 0.003125
0 0.6390625 0.8546875 0.009375 0.0046875
0 0.7859375 0.9828125 0.009375 0.00625
1 0.64609375 0.965625 0.059375 0.0171875
1 0.73828125 0.91328125 0.046875 0.0109375
1 0.76953125 0.8796875 0.046875 0.0140625
1 0.79140625 0.83359375 0.03125 0.009375
1 0.815625 0.784375 0.034375 0.009375
1 0.80546875 0.8984375 0.034375 0.0078125
1 0.73984375 0.6734375 0.034375 0.0078125
1 0.7140625 0.69140625 0.0375 0.0078125
1 0.76171875 0.7015625 0.03125 0.00625
1 0.64375 0.5765625 0.05 0.0171875
1 0.78984375 0.534375 0.0296875 0.00625
1 0.61171875 0.5953125 0.0234375 0.021875
1 0.71328125 0.73359375 0.040625 0.0078125