0 0.01796875 0.4734375 0.0125 0.0078125
0 0.09921875 0.425 0.0140625 0.009375
0 0.03046875 0.2890625 0.0109375 0.0078125
0 0.10546875 0.28203125 0.0140625 0.0109375
0 0.19921875 0.28515625 0.01875 0.009375
0 0.14453125 0.17265625 0.0140625 0.009375
0 0.04921875 0.13515625 0.0109375 0.00625
0 0.071875 0.05078125 0.0125 0.0078125
1 0.00546875 0.40859375 0.0109375 0.0234375
1 0.0421875 0.390625 0.0625 0.034375
1 0.04375 0.1671875 0.0671875 0.028125
1 0.4234375 0.353125 0.046875 0.01875
1 0.43046875 0.33984375 0.0546875 0.0234375
1 0.45703125 0.325 0.0515625 0.0203125
1 0.4171875 0.2796875 0.034375 0.01875
1 0.41875 0.26796875 0.0375 0.0171875
1 0.43359375 0.259375 0.0296875 0.0203125
1 0.40703125 0.23359375 0.0140625 0.0234375
1 0.440625 0.17890625 0.0484375 0.01875
1 0.428125 0.16171875 0.0484375 0.01875
1 0.4625 0.11484375 0.053125 0.0234375
1 0.55078125 0.1046875 0.05625 0.0203125
1 0.53828125 0.06640625 0.065625 0.025
1 0.621875 0.07421875 0.0578125 0.0234375
1 0.84453125 0.02109375 0.0828125 0.034375
1 0.53125 0.2125 0.05625 0.0203125
1 0.56171875 0.2421875 0.0671875 0.0296875
0 0.05859375 0.7859375 0.0203125 0.0140625
1 0.0890625 0.925 0.071875 0.0359375
1 0.18203125 0.865625 0.08125 0.0359375
1 0.1046875 0.778125 0.059375 0.0328125
1 0.02265625 0.7125 0.0453125 0.028125
1 0.11328125 0.6703125 0.05625 0.0328125
1 0.14296875 0.67890625 0.0609375 0.0359375
1 0.1859375 0.63359375 0.0703125 0.0296875
1 0.18046875 0.63125 0.0671875 0.034375
1 0.14609375 0.54296875 0.0640625 0.0265625
1 0.2921875 0.57734375 0.084375 0.0390625
0 0.83125 0.58125 0.009375 0.0046875
0 0.828125 0.86328125 0.009375 0.00625
0 0.7109375 0.94140625 0.0109375 0.0046875
0 0.56484375 0.915625 0.009375 0.0046875
0 0.59921875 0.99921875 0.0078125 0.0015625
0 0.66015625 0.8515625 0.0109375 0.0078125
0 0.584375 0.859375 0.009375 0.0046875
0 0.61171875 0.7765625 0.009375 0.00625
0 0.703125 0.7265625 0.009375 0.0046875
0 0.775 0.76484375 0.009375 0.0078125
0 0.61796875 0.7203125 0.0078125 0.00625
0 0.66953125 0.6453125 0.00625 0.0046875
0 0.6171875 0.60625 0.00625 0.0046875
1 0.56796875 0.96875 0.0421875 0.0171875
1 0.66640625 0.99296875 0.0546875 0.0140625
1 0.63671875 0.96171875 0.046875 0.01875
1 0.6453125 0.88515625 0.040625 0.015625
1 0.73515625 0.85859375 0.0546875 0.0203125
1 0.7 0.8109375 0.0484375 0.01875
1 0.715625 0.75625 0.046875 0.01875
1 0.7515625 0.7109375 0.0546875 0.0203125
1 0.62421875 0.6875 0.034375 0.0125
1 0.6921875 0.6125 0.04375 0.015625
1 0.70234375 0.5609375 0.0453125 0.01875
1 0.6640625 0.553125 0.0390625 0.0140625
1 0.73515625 0.5390625 0.046875 0.0171875
1 0.76484375 0.5765625 0.046875 0.01875
1 0.79375 0.60234375 0.0546875 0.0234375
1 0.7859375 0.88046875 0.0546875 0.021875