1 0.30390625 0.15078125 0.05625 0.015625
1 0.38984375 0.32578125 0.0203125 0.0140625
1 0.29296875 0.37109375 0.0484375 0.015625
1 0.2890625 0.53984375 0.0453125 0.0125
0 0.14609375 0.0109375 0.00625 0.00625
0 0.31640625 0.384375 0.009375 0.00625
0 0.371875 0.43828125 0.015625 0.0078125
0 0.21640625 0.440625 0.0140625 0.00625
0 0.3171875 0.5453125 0.015625 0.009375
1 0.88125 0.52734375 0.0859375 0.025
1 0.8453125 0.4640625 0.1046875 0.0296875
1 0.8375 0.39765625 0.0828125 0.0234375
1 0.51171875 0.06484375 0.046875 0.01875
1 0.73203125 0.03828125 0.0828125 0.028125
1 0.6625 0.06171875 0.065625 0.0203125
1 0.61640625 0.1390625 0.0671875 0.021875
1 0.5609375 0.16640625 0.05 0.025
1 0.62109375 0.1984375 0.0703125 0.021875
1 0.5921875 0.265625 0.0609375 0.0203125
1 0.58984375 0.2859375 0.05625 0.0140625
1 0.65625 0.31796875 0.0625 0.0234375
1 0.7046875 0.346875 0.0734375 0.0203125
1 0.64453125 0.3984375 0.0609375 0.0171875
1 0.70078125 0.4328125 0.0828125 0.0203125
1 0.70078125 0.47890625 0.0890625 0.0265625
0 0.55390625 0.02578125 0.025 0.0125
0 0.1484375 0.59609375 0.015625 0.0078125
1 0.2984375 0.596875 0.053125 0.015625
1 0.2125 0.61875 0.05 0.015625
1 0.221875 0.63203125 0.0484375 0.01875
1 0.184375 0.628125 0.040625 0.015625
1 0.2 0.703125 0.04375 0.0125
1 0.23125 0.728125 0.0453125 0.0125
1 0.27109375 0.7203125 0.0515625 0.0140625
1 0.2 0.7484375 0.040625 0.015625
1 0.29921875 0.8375 0.05625 0.015625
1 0.33125 0.8859375 0.059375 0.0203125
1 0.28671875 0.88125 0.0640625 0.0171875
1 0.25859375 0.8609375 0.0515625 0.015625
1 0.24765625 0.859375 0.05625 0.0125
1 0.62265625 0.61640625 0.0609375 0.0203125
1 0.61015625 0.68671875 0.0609375 0.0203125
1 0.5625 0.7171875 0.0609375 0.0203125
1 0.59765625 0.73828125 0.0546875 0.01875
1 0.75 0.8046875 0.0765625 0.0203125
1 0.69296875 0.99765625 0.0703125 0.0046875
1 0.63359375 0.921875 0.0671875 0.0203125
1 0.625 0.93125 0.06875 0.0171875
1 0.6140625 0.9078125 0.05625 0.015625
1 0.61171875 0.884375 0.0546875 0.01875
1 0.57890625 0.89140625 0.059375 0.0140625
1 0.584375 0.9078125 0.05625 0.0125
1 0.55078125 0.86015625 0.059375 0.0140625
1 0.5375 0.85078125 0.0625 0.0171875
1 0.54921875 0.81796875 0.053125 0.0125