1 0.1453125 0.02421875 0.059375 0.0125
1 0.16953125 0.12734375 0.0625 0.0140625
1 0.02109375 0.22578125 0.0421875 0.0109375
1 0.10234375 0.23671875 0.046875 0.0140625
1 0.03984375 0.37421875 0.059375 0.0109375
1 0.1203125 0.32421875 0.0609375 0.0140625
1 0.13359375 0.3375 0.053125 0.0203125
1 0.22890625 0.40390625 0.0625 0.0203125
1 0.40703125 0.41796875 0.0234375 0.0265625
1 0.2828125 0.44140625 0.071875 0.021875
0 0.17890625 0.03125 0.009375 0.0046875
0 0.19765625 0.1375 0.009375 0.00625
0 0.1265625 0.25703125 0.0125 0.00625
0 0.046875 0.23515625 0.009375 0.0078125
0 0.02109375 0.2765625 0.0140625 0.0046875
0 0.26953125 0.3890625 0.0140625 0.00625
0 0.1671875 0.35390625 0.015625 0.009375
0 0.6328125 0.09609375 0.01875 0.009375
1 0.7296875 0.05546875 0.065625 0.0203125
1 0.4484375 0.140625 0.0453125 0.0109375
1 0.496875 0.07890625 0.04375 0.0125
1 0.53359375 0.08125 0.04375 0.0125
1 0.53671875 0.0921875 0.053125 0.0140625
1 0.53671875 0.21796875 0.05625 0.0140625
1 0.628125 0.215625 0.053125 0.0140625
1 0.5984375 0.28046875 0.059375 0.0078125
1 0.51875 0.25390625 0.05 0.0140625
1 0.45859375 0.2578125 0.046875 0.0171875
1 0.43046875 0.3125 0.0234375 0.009375
1 0.49296875 0.36953125 0.0546875 0.009375
1 0.53203125 0.3921875 0.0625 0.0125
1 0.60390625 0.34921875 0.0625 0.0171875
1 0.52890625 0.2890625 0.0484375 0.015625
1 0.04921875 0.62734375 0.04375 0.0109375
1 0.21484375 0.6453125 0.05625 0.0140625
1 0.05390625 0.684375 0.0453125 0.0109375
1 0.196875 0.759375 0.046875 0.0109375
1 0.07890625 0.7734375 0.046875 0.0125
1 0.0625 0.790625 0.04375 0.009375
1 0.0171875 0.846875 0.034375 0.009375
1 0.06796875 0.9234375 0.04375 0.009375
1 0.35 0.8734375 0.0625 0.0140625
1 0.00390625 0.9921875 0.0078125 0.00625
1 0.7953125 0.63203125 0.0875 0.0203125
1 0.6359375 0.6046875 0.078125 0.0171875
1 0.5828125 0.69375 0.065625 0.0140625
1 0.571875 0.74296875 0.06875 0.015625
1 0.6671875 0.7765625 0.075 0.0234375
1 0.6484375 0.8015625 0.075 0.0203125
1 0.6359375 0.87109375 0.065625 0.0171875
1 0.62890625 0.87109375 0.0625 0.0140625
1 0.6625 0.9125 0.071875 0.0171875
1 0.56875 0.9046875 0.059375 0.0140625
1 0.65 0.9640625 0.053125 0.0171875
1 0.6578125 0.96796875 0.0625 0.0140625