1 0.3515625 0.4546875 0.01875 0.028125
1 0.35078125 0.246875 0.0171875 0.0609375
1 0.24609375 0.23203125 0.01875 0.0640625
1 0.16015625 0.39609375 0.015625 0.059375
1 0.1421875 0.30859375 0.0171875 0.0484375
1 0.0109375 0.3828125 0.015625 0.059375
1 0.05390625 0.29765625 0.01875 0.0625
1 0.03984375 0.2859375 0.0234375 0.0546875
0 0.340625 0.2140625 0.00625 0.009375
0 0.2328125 0.2046875 0.0078125 0.009375
0 0.1203125 0.2859375 0.0078125 0.0125
0 0.14921875 0.36328125 0.009375 0.009375
0 0.109375 0.3921875 0.00625 0.0140625
0 0.05625 0.453125 0.0078125 0.015625
0 0.0203125 0.25390625 0.0109375 0.0171875
1 0.5765625 0.06328125 0.01875 0.0640625
1 0.68125 0.0515625 0.0203125 0.0734375
1 0.66015625 0.1046875 0.0203125 0.0546875
1 0.75 0.12421875 0.0171875 0.0578125
1 0.8 0.1390625 0.0171875 0.0578125
1 0.78046875 0.17265625 0.015625 0.0484375
1 0.8609375 0.19921875 0.0171875 0.0453125
1 0.9921875 0.04765625 0.015625 0.0703125
1 0.94140625 0.053125 0.0203125 0.0609375
1 0.65390625 0.234375 0.0109375 0.034375
1 0.60703125 0.2046875 0.0125 0.04375
1 0.51484375 0.16015625 0.0140625 0.046875
1 0.11953125 0.9078125 0.0171875 0.0484375
1 0.11015625 0.875 0.0140625 0.04375
1 0.03359375 0.83125 0.021875 0.0640625
1 0.4234375 0.81796875 0.01875 0.0609375
1 0.29765625 0.71796875 0.021875 0.0578125
1 0.4671875 0.86796875 0.015625 0.053125
1 0.496875 0.85703125 0.00625 0.0515625
1 0.4953125 0.53203125 0.009375 0.0703125
0 0.99375 0.72578125 0.009375 0.0140625
0 0.93359375 0.6203125 0.00625 0.00625
0 0.99140625 0.82734375 0.0078125 0.0109375
0 0.9984375 0.9125 0.003125 0.015625
0 0.9140625 0.8140625 0.0078125 0.0125
0 0.8875 0.721875 0.0078125 0.0125
0 0.765625 0.6328125 0.0078125 0.0125
0 0.78203125 0.7921875 0.0109375 0.0171875
0 0.9578125 0.95703125 0.009375 0.009375
0 0.71875 0.95390625 0.00625 0.009375
0 0.6453125 0.8390625 0.0078125 0.009375
0 0.71484375 0.7328125 0.0109375 0.0171875
0 0.615625 0.9421875 0.0109375 0.015625
0 0.5640625 0.65625 0.0109375 0.0125
1 0.98515625 0.97578125 0.0171875 0.0484375
1 0.9203125 0.984375 0.015625 0.03125
1 0.85859375 0.95390625 0.015625 0.05625
1 0.8890625 0.95859375 0.01875 0.0390625
1 0.87578125 0.8890625 0.0234375 0.0703125
1 0.79921875 0.8625 0.0203125 0.0703125
1 0.80078125 0.96328125 0.015625 0.053125
1 0.78046875 0.93359375 0.025 0.0578125
1 0.759375 0.9796875 0.01875 0.040625
1 0.6796875 0.94453125 0.0140625 0.05625